-1.377792733739045729e-03 1.200917390102796550e-02 9.976888356813916683e-03
-2.064819751070868376e-02 -1.206257355683854580e-02 -1.830265653066453710e-02
-1.142076457047920025e-02 1.664396699049828024e-02 -2.041371570633289390e-02
-1.450704285469687702e-02 -1.135426406395099834e-02 1.440406053090609317e-02
1.160081895234362642e-02 -1.410170046847399224e-02 -1.048232764064528470e-02
8.401035508133670315e+06 8.463650133879803121e+06 6.122987418315691873e+06
2.190985479489727877e+06 9.631381977540461347e+06 5.303558293052278459e+06
1.118985692403599247e+07 5.845096277008486912e+06 1.837256251756740385e+05
-1.499857225318173692e+07 5.689520795343140140e+06 2.859944215838209260e+06
3.697446170729162637e+06 -1.711440155347217340e+06 -1.313098882265749015e+07
3.213065657537149731e+06 -7.929856829290997237e+06 2.851616796705265529e+06
-4.215847120249278843e+06 -3.757603152739832643e+06 -7.102829475469185039e+06
2.168730503125569783e+06 5.815268047910470515e+06 3.557116707840805408e+06
-8.938671198769152164e+06 -2.303884680626241490e+06 2.336162175315130968e+06
3.054565210432659835e+06 3.347219429954784573e+05 -5.092932159406437539e+06
2.633743461502411403e+06 1.455169949415004114e+06 -4.273123685075959191e+06
9.089337902373212855e+05 -3.910506872507974971e+06 -2.938208857213662937e+06
2.609256721687593497e+06 -2.835322784353631083e+06 1.972449756551216589e+06
3.827520187260856386e+06 2.888165351715959143e+06 1.008152114818299422e+06
-1.853175985045845155e+06 -1.420524379520591581e+06 8.813890895575571805e+06
3.095070477194124833e+06 3.263647887476024218e+06 -3.255101354365931824e+06
-6.561550889926807722e+05 -2.078663162245413288e+06 5.238570924144267105e+06
-3.484744940679157618e+06 4.163569096214755438e+06 -2.060045542640975676e+06
-4.391217394753765315e+06 -5.809179787394510582e+06 -2.786953974177780095e+06
3.617785142416263465e+06 -3.903167890684715007e+06 5.108245233986875042e+06
-3.475992927669425495e+06 -2.279640189236513339e+06 2.240488054987574462e+06
-3.275532185741231311e+06 -2.971289852234264836e+06 -2.578717159539845772e+06
-2.806212649814434699e+05 -2.502724245425257832e+06 -3.014703887846228201e+06
-5.445405318025140092e+06 -3.303498434513935819e+06 -3.640015293062332552e+06
4.368771939835221507e+06 -5.035085742227477022e+06 6.046743699979947414e+05
-1.479288750908595975e+06 -4.493303618149778806e+06 -1.616423873551672325e+06
-2.557554110229003243e+06 -1.459052485912622651e+06 4.963638154244494624e+06
1.189373122175412253e+06 3.638972929575699847e+06 2.648952614064126741e+06
-3.441098699324019719e+06 -3.198689566932945978e+06 -4.361020299614723772e+06
1.655417209816928720e+06 2.162677966950646602e+06 5.897066500363758765e+06
8.663143944591599284e+05 -2.781497950648468919e+06 -1.506002963387498166e+05
3.523683021592619363e+06 2.275628815011377912e+06 -2.894167631690311711e+06
-5.779682107441645348e+05 -3.638164197846711613e+06 4.660955235636124387e+06
4.245913250580566935e+06 4.201558664396747015e+06 -5.289803002968193032e+06
1.282443143534877454e+05 2.097229840217882767e+06 3.749064534798580687e+06
-3.972107332951994613e+06 -5.684518750214112224e+05 -1.669164485836613923e+06
2.935733654925319366e+06 -1.334176690545758000e+06 2.889685895386582706e+06
-2.039555100454080384e+06 1.514866056598694995e+06 1.353567091852843878e+05
-2.045968882388316793e+06 4.309081599711553194e+06 -3.716824928034138866e+06
-1.523308615789142903e+06 -6.247757025415793061e+06 4.450476041505456669e+05
-4.624699885586056858e+06 5.994587517003262416e+06 2.528709861623452976e+06
2.695478333072607405e+06 -2.055737903759417124e+06 -2.228829806927262805e+06
1.485068025081262924e+06 3.551978108844533097e+06 -7.612032750620570732e+05
3.671990206804118119e+06 1.515088728823316284e+06 -2.309434668933050707e+06
-2.262275114962618332e+06 -1.037499462938738638e+06 1.352408407561043510e+06
-6.138752178883040870e+03 -4.660489478817469440e+06 -3.962820207902868278e+05
3.789200927159847226e+06 -4.340298459370765835e+06 -3.153492318821328226e+06
-1.283475373729805928e+06 9.100772615557980025e+05 -7.419699931197294034e+06
-2.866283397176075261e+06 4.375485119020037353e+06 8.753529401218458079e+05
3.377695194074760191e+06 -3.100805284274151083e+06 4.271027292636676691e+06
-2.745907692100027576e+06 -5.379259361857860349e+06 4.691704624775251374e+06
4.394339637486116029e+06 2.991465367098375646e+04 1.877610644679345191e+06
2.744530076984482817e+06 -2.011750423374888021e+06 1.116742977897486184e+06
3.464229165952369571e+06 -5.635802962951480411e+06 1.916648692499693716e+06
2.501684786910931143e+04 4.491363794613557402e+05 -4.998226109649630962e+04
-3.958942036074881908e+06 1.527891524118389236e+06 -3.150324041533746757e+06
-4.156889130351368221e+05 2.601593781620477326e+06 4.411118102169124410e+06
7.697291080138003454e+05 -3.171185137273655273e+06 2.993524999018399976e+06
1.286914083511171775e+05 -3.050368345328554977e+06 3.336798567772896495e+06
3.732722635311733466e+06 5.378100581965132151e+05 -2.559892221173427068e+06
-8.806085041757525687e+03 3.302799293216949445e+05 3.629131061720625963e+06
-2.964981150098802522e+06 3.252922772298476659e+06 -3.962122672957043163e+06
9.790431128555480391e+05 1.137727620899588568e+06 4.469939821691767313e+06
2.904695872814395698e+05 1.225393537502672756e+06 3.699110475517781917e+06
2.955501601469476009e+05 1.047331096380791394e+06 2.485201983821337111e+06
1.978849587044917746e+06 -7.728327063279410359e+05 -4.014548767813990824e+06
4.176293562668535858e+06 -3.911504720854989253e+06 3.678997201771751279e+05
-2.530868721566747874e+06 -4.322496136442849413e+06 8.179645312056955881e+05
3.132921646043534856e+06 4.700407858895419165e+06 -3.138336719685995486e+05
4.603778434101554565e+06 -2.995732440647672862e+06 1.095315940931936893e+04
-5.141488552247096784e+06 -4.884889790003593080e+06 1.819658782703534234e+06
4.443503371550555341e+06 3.060985739710555412e+06 3.149088804248590022e+06
-2.846299832798553631e+06 -4.291301618480923353e+05 1.664777044677099911e+06
-2.735461566800189205e+06 2.822643862487138249e+05 1.523911153092657449e+06
-2.944558509875467513e+06 1.801321982789538568e+06 -3.214006323344396427e+06
-2.701337909540733788e+06 -3.949261168752623722e+06 -1.802026033173823496e+06
-1.446613909073682968e+06 -2.079493138756952947e+06 2.727384607242708560e+06
1.786081401395306166e+05 -2.809660958976969589e+06 1.768846472360806772e+06
-3.599604764856686816e+06 3.412192203176151030e+06 3.175808089709878433e+06
4.224871315278264694e+06 -2.832900691525517963e+06 -2.146286602692850400e+06
-1.171657222412902338e+05 -8.886199331131638028e+05 -3.102427842249497306e+06
4.976307845285721705e+05 -1.168975428787311073e+06 2.050130154477040283e+06
-1.762029512120555155e+06 -1.043458156140972977e+06 1.750878598584903637e+06
3.989776802477344871e+06 -4.344248541265727021e+06 3.889954035323859425e+05
3.330870025201887358e+06 2.568748440435227938e+06 -7.586435929598233197e+05
-2.178192237533927895e+06 -3.764559504726694431e+06 -1.127076235863792943e+06
-2.946163024179835338e+06 1.092527384389156941e+05 4.718720558174775215e+05
2.545734939962296281e+06 2.479542225546838716e+06 -2.150970255190013908e+06
-2.176606920046883635e+06 3.773827580577287357e+06 2.462587213555239607e+06
4.339330891601221636e+06 -8.310909894709021319e+05 1.416601907931590540e+04
-2.406409751215016469e+06 3.291141008587397169e+06 3.766086662716396619e+06
-3.886476161541868467e+06 2.763820910587502178e+06 4.500474256109314971e+06
-3.524551982633730397e+06 1.747709604323945532e+05 3.395697932972745039e+06
-7.617753527433108538e+05 -3.419097309855389874e+06 2.054040410273215966e+06
4.617913699170229957e+06 -4.803966008877336979e+06 -3.274912440235743765e+06
5.193895688641750254e+06 5.776716960516837571e+04 1.921043413599102292e+06
-1.672529814615087584e+06 4.012521007158871740e+06 -1.068289988288148772e+06
-3.285563656340342946e+06 -1.440661398839666508e+06 3.650059893127849326e+06
-1.982357930962358834e+06 -1.378030193242258858e+06 -2.344098993211181369e+06
2.094177307581625413e+06 -2.045528429467652692e+06 -1.481830263715752866e+06
-8.922336969039608957e+05 2.917778158332995605e+06 -3.506317979378068354e+06
8.619063387514433125e+05 -2.408270900938719511e+06 -1.193836192233594367e+06
1.076503257760879118e+06 5.870151009421079420e+06 1.822238340240829159e+06
3.077883671406202018e+06 -3.989663652214558329e+06 3.011839801994771697e+06
-3.391233938179300632e+06 4.308722424554289319e+06 2.445172976231668144e+06
3.276122512740327511e+06 1.782737361787605565e+06 -2.765302333235365804e+06
-1.886232638344565174e+06 -3.722941236564748455e+06 -3.634582850844369736e+06
-4.188239105534544680e+06 -8.808745894435120281e+05 2.302330649532335345e+06
-4.402247535653797910e+06 2.556065206464016344e+06 -7.914735880537590710e+05
1.045800944414239493e+06 -3.190026800610845443e+06 3.360939687036468647e+06
-4.790239529379534535e+06 2.205231394623715896e+06 2.631139025566992350e+05
-2.796039529723097105e+06 -2.763216680842548143e+06 1.670631722768162843e+06
-2.401065597756087780e+06 -1.279121449088345282e+06 2.857171029037159868e+06
4.241334182068705559e+06 -2.572970935605958104e+06 -1.312967409757086542e+06
4.179361806549996603e+06 -1.488486099869780010e+06 1.849274422915309435e+06
-4.654137814718520269e+06 -2.608692227670673281e+06 2.132527810624661390e+06
-2.736232060896944720e+06 4.361596617028522305e+06 4.038550056702825706e+06
-1.121848840448729927e+06 3.050635841316374019e+06 3.314799095328382682e+06
4.416396401683687232e+06 -3.742497813863432966e+06 -1.857107014463931089e+06
-3.338651583095160895e+05 4.894994569044419331e+05 -2.750267739687918685e+06
-4.419954645234894007e+06 -3.154779527985489462e+06 -3.123610739273661748e+06
3.140983689320907462e+06 6.641373336371209007e+05 -2.873256393213049043e+06
2.472811938993987860e+05 -3.105410278957230970e+06 -1.644325274403586518e+06
1.319995069002116797e+06 1.791672619500635657e+06 3.177017187089586514e+05
-3.171326109849020373e+06 -3.302805433379925787e+06 -9.800215908496837365e+05
-3.150295279440911487e+06 3.334297158087805379e+06 -9.696617152839037590e+05
-2.834652683393718675e+06 3.167910493256564718e+06 3.271294610573115759e+06
-4.367968936410725117e+06 -1.833289281336420216e+06 1.258908410490841838e+06
1.341522828720230376e+06 1.505357675888206344e+06 2.492189601324427873e+06
-3.787521282236553729e+06 -1.046470066987696453e+06 -4.085884760509960353e+06
-3.164185666521664825e+05 2.516469480152871402e+05 3.937999136497363448e+06
3.632516994918008335e+06 6.248730688631943194e+05 -3.042529281597899739e+06
1.888897614449288463e+06 2.500453055876350496e+06 -4.796636206796040642e+05
3.080896418466005940e+06 -3.269418216746577673e+04 3.145139085938858800e+06
-9.214688697844579583e+05 -7.766770889948280528e+05 4.408352641729698516e+06
3.472240397358306218e+06 -3.192688311197026167e+06 -1.819603367631052388e+06
1.784016098686235491e+05 -2.601620238186698873e+06 1.316913252695583738e+06
2.497863970219930925e+05 1.136685789258492696e+04 -2.418922417286773678e+06
1.661904675256612711e+06 4.164984029612232000e+06 2.189880912762017033e+03
3.117596677800239529e+06 -1.803153565269444603e+06 3.274560877475066110e+06
-5.291185835764157673e+04 -3.608138190027887467e+06 3.938522369092278183e+06
1.184723790653030592e+05 -4.629677718526505865e+06 3.508437288219718263e+06
1.584426815418755170e+06 -3.130137135092000943e+06 3.516486829820753541e+06
4.094457349347847048e+06 1.604534103317828616e+06 1.951286025240135612e+06
3.669512675858086906e+06 -3.448782056024297606e+06 1.748390501064654207e+06
-1.188587919183621416e+06 2.812377998886262067e+06 2.595483919818568975e+06
-2.392000053554163314e+06 -2.172021120761036407e+06 2.444939125403879676e+06
4.014420145298620686e+06 4.805308745435184799e+06 3.704621727196376771e+06
-3.352956437699041329e+06 -6.082392737509234808e+06 -6.699399521929160692e+05
-1.566256716657093784e+05 5.326634362079610117e+06 8.685058701542998897e+05
2.570132754563676659e+06 -1.874943152537537040e+06 1.781920060726251453e+06
3.029514697550902143e+06 4.199159553056274541e+06 -1.400748079869184410e+06
2.101056422042116988e+06 3.204675925532262307e+06 -1.459652059699904872e+06
-8.425076271199276671e+05 3.822931242485148367e+06 -4.663567375871570781e+06
5.119045212364327163e+06 -1.335032339823915623e+06 2.041199272829539841e+06
1.148836845345022157e+06 2.740692345483142417e+06 -3.278506949046022724e+06
7.100063163625631714e+05 -1.451245184215390589e+06 -1.070795640337378252e+06
-5.319678582853281114e+04 3.610642572176966816e+06 1.661320696855946444e+06
-2.065568097447023261e+06 -9.820905760277936934e+05 -3.843008755173716228e+06
-9.646046052572412882e+05 1.678087960934429895e+06 -9.276191153253237717e+05
-4.087158431087361649e+06 4.008811182551488746e+06 -8.440725443136965623e+05
-2.534438549597980455e+06 -2.379134858132417314e+06 1.030517244669427862e+06
5.291811000722667668e+05 2.911606122452090029e+06 -2.085804223374167923e+06
-2.925523683750983910e+05 2.953346446177340113e+06 -1.324966645192470169e+06
3.437177257811308373e+06 -8.940658626032522880e+05 2.827729995067218784e+06
-2.389106927840596065e+06 -2.371686355184010696e+06 -4.109530419714539777e+06
1.327167453538579866e+06 2.830963946353154257e+06 3.954455827902135905e+06
-6.905217662502945168e+05 -2.386886671108314302e+06 6.384482172128176317e+05
-1.074300812539041508e+06 -1.831544700589342741e+06 3.476018557124462444e+06
1.561494110663580010e+06 2.256974798707562499e+06 1.312306942353285849e+06
-1.546302966567012714e+06 3.850730302012992557e+06 -2.205160088158454746e+05
-8.346049193987490144e+05 -5.033163087622245075e+05 -2.474113538154736161e+06
4.375078967054135166e+06 2.087721901236936683e+06 2.199669271250168793e+06
2.026820539475983242e+06 -1.224514214488407830e+06 4.198488947031105869e+06
1.734455127366835484e+06 -2.184655308082925621e+06 -3.144310516837238800e+06
-2.307246089695996605e+06 3.743994246335741598e+06 3.977732111003991304e+04
1.132784004711455433e+06 4.561023927601690404e+06 -1.451540212396994699e+06
3.891504725710517261e+06 5.494081951074469835e+06 8.454804926724776160e+05
-1.371572305735822767e+06 2.096397100133141037e+06 1.482313785386061354e+05
-2.415077675204377156e+06 1.617730052363109542e+06 -2.933483171435379423e+06
-1.876216706882485654e+06 -3.580517561513368972e+06 -1.962553081399587914e+06
1.076854731548569631e+06 -3.683547394465846010e+06 1.024614893465175846e+05
4.545963558985450072e+05 -3.405081474725508131e+06 2.765424470265557524e+06
7.551324407960806275e+05 -2.352590943927841261e+06 -1.830394682146310108e+06
-2.830645282759551890e+06 2.912077645976509433e+06 -1.934967117100610398e+06
-1.284844324404436396e+06 3.443053494891883456e+05 -4.807112169082775712e+06
-2.515590325930173043e+06 1.783044204471204139e+05 -1.423792614005195443e+06
-4.609374608027727343e+06 7.871562260990759823e+05 1.172497856535170140e+05
1.405919559124508407e+06 -9.089369178989623906e+05 1.418285722413543379e+06
-4.901273937872866169e+06 1.472891948030227795e+05 4.881953235491770320e+06
5.503773796181145124e+06 -4.063848096231897362e+06 -1.789314154550502775e+06
-2.028779718246753793e+06 -1.298531674143043347e+06 -2.169115034495827742e+06
-3.973150779439042322e+06 2.984501506442318670e+06 -3.682905044310996309e+05
3.795407868903852999e+06 -1.523123747548270505e+06 2.956837124635629356e+06
-1.487198548308068654e+06 2.456058925204513129e+06 1.488519214138529962e+06
-1.673786278757056687e+06 -3.296462204298891011e+05 2.750092996397762094e+06
1.644452854631467490e+06 -3.833096912209484726e+06 9.277439852704949444e+05
-1.924014572239601053e+06 -2.078006486070741899e+06 2.861144846327106003e+06
-3.115800384139306261e+05 3.248973502081131097e+06 9.123578163279261207e+05
1.744963906977292849e+06 1.976367854537846055e+06 -1.051030025093148230e+06
-2.085587680034555029e+06 1.053818432514336193e+06 1.170448151792389108e+06
2.003045458889968926e+06 1.649410478790756315e+06 1.768587081788028299e+05
-1.133908532514395658e+06 1.675864381161473924e+06 2.690384275690712035e+06
-1.553348247665974544e+06 -2.510735059406826273e+06 3.359272235652392264e+06
1.275258964910239214e+06 -3.280874600616401993e+06 1.947445434546661854e+05
-3.013792950827138033e+06 2.602090091777275782e+06 1.140683066530546406e+06
-2.302251434841014910e+06 -8.461660891166089568e+05 -3.311005811077566352e+06
7.062056683868127875e+05 -2.570898787151584867e+06 -3.409986415730188601e+06
-2.204686194844341837e+06 -2.255871837540307548e+06 -6.886050406008485006e+05
2.377110014062714254e+04 -4.704211192254090682e+06 4.436546216406011023e+06
-1.675083021687613800e+06 9.630772966004036134e+05 -3.104601057686543092e+06
3.086451728704048321e+06 -3.092883249719655141e+06 4.567915706634533126e+05
8.991194691990769934e+05 -3.274070306007391308e+06 1.866310197862719651e+06
1.814400513373602415e+06 1.000750025209851679e+06 -4.374374923200579360e+06
1.916867434988631401e+06 2.902318277329591103e+06 -2.236144887851030566e+06
3.338459488925344311e+06 -1.202836199827046366e+06 1.626962426939169818e+05
-5.141565055658021942e+06 -3.547630855070407037e+06 -2.132418915646892274e+05
1.714240108862670371e+06 -4.231847215904509649e+05 -1.171023508809622377e+06
-1.153875015306094196e+06 -3.687175220340054948e+05 1.643375927743324777e+06
-2.428538839479974937e+06 -1.886139654080492910e+06 -1.994966689815325430e+06
3.160837784799526562e+05 2.517967943230800796e+06 -5.842555242618735065e+04
-1.657785184865361080e+06 -2.024136330028910306e+05 4.496510323406220414e+05
-1.620143364500902360e+06 -2.143168102073693590e+05 5.487363697578519350e+05
-2.911952597876970191e+06 3.541527099794025533e+06 3.098333323941741604e+06
-1.136314343048588140e+06 -3.400353483347726986e+06 -5.259749848734533880e+05
-2.477445055043021217e+06 -4.954177509077007882e+06 -1.147469459799238713e+06
-2.106412113979642163e+05 -2.541652790795594919e+06 1.050445901575160213e+06
-5.530307498674856499e+06 1.251314271068948321e+06 1.894338948985508177e+06
-4.028628043308370980e+05 -3.105804025248947088e+06 -2.012445032173245214e+06
4.205912507425615913e+05 -2.158825441314657219e+06 -1.745393602470397251e+06
-2.168545646112483460e+06 -2.195337773167993408e+06 2.464507257087803009e+04
-2.890994826977517921e+06 -3.538173933792279102e+06 -2.722333779173897579e+06
-2.819158745071045123e+06 -4.872277132641440257e+06 -9.785721164911927190e+05
3.911515745837590192e+06 2.885115197953727562e+06 2.894384548735453747e+06
3.294880122880227398e+06 -3.274755133636231069e+06 2.343192011744869873e+06
1.078072122054835549e+06 2.730307061364628840e+06 -8.719132559044432128e+05
1.084693992294671014e+06 3.648890793784016743e+06 -2.640391157767227385e+06
-7.728509305377113633e+05 1.297631417654447490e+06 1.348579386309745256e+06
3.163728684888656251e+06 1.331553601426193956e+06 3.195913779938356951e+06
2.340004277733237017e+06 -1.269160974938793108e+06 -9.988620087553143967e+05
-1.700524338898536982e+06 7.678799123740803916e+05 -4.276687848541636020e+06
1.259829013368140673e+06 2.410332615666739643e+06 1.781329773622000939e+05
-4.531600256469161250e+06 -2.388725162826475222e+06 1.762416490729664918e+06
-3.337925921558270347e+05 1.115684499139264663e+05 2.654758451369981281e+06
3.393456920110597741e+06 5.480304841417677235e+05 7.233110828646819573e+05
5.482124856524961069e+05 2.735822192760333419e+06 -5.435344799883726519e+05
-2.379902821313529741e+06 3.106248253606908955e+06 -3.888859109859244654e+03
2.252530209246715065e+06 2.724045216792062856e+06 -7.644579557224757737e+05
9.301480104809203476e+04 -1.903115592044100864e+06 -3.684102656279307790e+06
-1.532667657982307719e+06 -9.672914271565972012e+04 -2.223049132979427464e+06
2.116509104506730102e+06 1.119420784217486471e+04 -1.958823823519341880e+06
3.633069487221304327e+06 -1.063003827413109830e+06 8.502394345748764463e+05
-9.275631731552210404e+05 -1.335437578317310195e+06 2.731203117229878437e+06
-1.458822080443290062e+06 3.473261143815535121e+06 -1.332446585981946671e+06
4.102884668970907805e+05 -1.276739907039679354e+06 -2.016027730637324275e+06
5.930945839249599958e+05 2.071068830698254053e+06 1.729830476850845618e+06
-1.225036087233980419e+06 1.162752379108267138e+06 -3.420181097026858479e+05
2.246184210857526865e+06 -8.953910286077865749e+04 -4.160514289446055773e+05
-1.779526711329780286e+06 2.740572312257127836e+06 -2.953657436079357285e+06
-2.068726591828077566e+06 8.842339720647227950e+05 2.351624188650782686e+06
-3.576693938993019401e+05 -2.538687449572200421e+06 -9.035054889594530687e+05
-1.641349152313795639e+06 1.405069524376209825e+06 2.315760298147304449e+06
7.215748177886673948e+05 1.500774225173982792e+06 -2.178392952648524195e+06
2.766501010015295353e+06 1.395255780537293991e+06 -2.960110977488855831e+06
-1.353227219368796796e+06 -1.841394780150331790e+06 1.667625605132137658e+06
-3.500928478932792204e+05 -9.244580894573814003e+05 2.997276832913121674e+06
1.327007035378872184e+06 1.476664171613980085e+06 4.485849169666822068e+06
-2.722617422651093453e+06 -7.951025531436847523e+05 -2.900765964901332278e+06
-1.759965036008628318e+06 -1.527078887116666883e+06 -1.737690467122891452e+06
1.162104102227854746e+05 3.585312255987957586e+06 -1.813420298755684635e+06
-1.691359012066170340e+06 8.309456820941073820e+05 -5.566622828546405071e+05
1.704728720413706731e+06 -2.262546573340213508e+05 -1.082853775214148220e+06
-1.837655374461694155e+06 2.239896884707342368e+06 -2.224264695325004577e+05
-1.596531273219788913e+06 -1.524481805265374947e+06 4.126993276521509513e+06
-2.451716978727892041e+06 -1.081135225152538624e+06 -2.052967389822950820e+06
8.569335374970622361e+05 -3.135087240842840634e+06 -1.031568860866216943e+06
2.762898687641944736e+06 4.276427695428820443e+05 1.831555694086077157e+06
3.567828023791528773e+06 -2.726693303272706107e+05 2.163527586129795294e+06
1.164495430444597267e+06 4.532505939858779893e+05 -1.900558122569342144e+06
-1.496667688114309916e+06 1.411198379649481503e+06 1.732074065891333390e+06
-3.871104456203818787e+06 -2.602836321031257976e+06 -1.438702893935272703e+06
1.559103361550397007e+06 2.749954663259006571e+06 -3.795123431974711712e+05
1.562452701954326127e+06 3.692886261833708268e+06 -2.759059330567789264e+06
-1.488758819654468214e+06 -2.303879938249254599e+06 5.401526832068756630e+04
1.508105285590112209e+06 1.385962323927872814e+06 -3.558085146682977676e+06
1.126466913045574474e+05 -8.678038197937091172e+04 -6.088962063521227537e+04
-2.158805295672694221e+06 -1.804708724083974957e+06 1.166379890573321143e+06
2.813553510934773367e+05 1.244058379191711545e+06 3.283433094196148682e+06
-9.110021421547912760e+05 1.659061962538999273e+06 6.573792059942269698e+05
1.498591872494255425e+06 -1.550869751662841998e+06 1.981101639737286605e+06
1.380409895654381486e+06 -2.532490197185470257e+06 -2.799288829592251685e+06
1.906169470006853109e+06 -5.027373150394256227e+05 2.628555432208373095e+05
-1.112690041629511863e+06 2.546207643026383128e+06 -2.772988030800309498e+05
-3.035581397687993478e+06 -2.244479109477791004e+06 2.928744935372685082e+06
-2.546668046324821480e+05 1.751349055840955814e+06 5.580730136416467576e+04
-8.041139304357955698e+05 -1.382742416871623602e+06 1.101831528096888680e+06
-2.413999165209254716e+06 1.328300421357961139e+06 2.131174715778823942e+06
-1.818504044313886203e+06 -1.200276132091757376e+06 4.742297991644516587e+05
-1.178431329968173290e+06 -2.333720663615468889e+06 -1.211754651802436914e+06
4.288821276322063990e+06 -1.128937558271133574e+06 9.678024320430924417e+05
5.106130269196818699e+05 8.939929575848201057e+04 1.810957128121597460e+06
1.125076329844448250e+06 2.145817026139236987e+06 -9.006132218483499018e+05
1.449401144084100844e+06 -5.306863569313869812e+05 1.954101800937075401e+06
-2.163071586224028375e+06 2.291884766250760294e+06 2.213913097462078556e+06
-1.134899191157312307e+05 2.344255894273758400e+06 -1.502699027696565281e+04
2.842574254678294994e+06 -1.787983401403895812e+06 1.202974718950388720e+06
1.912162622074780520e+06 1.032097521203576587e+06 1.353338847506002290e+06
-1.488290780661812285e+06 -1.168349145221809857e+06 -1.500032112862960901e+06
6.008961760164488805e+05 -1.017734665605442366e+06 1.743903001653356710e+06
-1.301250758709814909e+04 2.505777134521871340e+06 -4.386540110608639196e+06
2.098799506317675114e+06 2.024545257698255591e+06 3.886180631537064328e+05
-1.096872537506004330e+06 3.061973837636372074e+06 -1.440679620849195402e+06
2.093244879791919084e+05 -1.155063061266818549e+06 1.582030436433499679e+06
1.220109746195943328e+06 1.337029189182665898e+06 2.417718924951812252e+06
-1.295794972979933722e+06 8.841879381678828213e+04 1.268496578161454760e+06
2.624818503742075991e+05 -1.325661928242027934e+05 2.041075969630420906e+06
-2.208545643919724505e+06 8.646103364717504010e+05 -1.820233277593987295e+06
-1.304174423417983809e+06 1.675908482913919026e+06 2.451587067430215888e+06
-1.640900865038635209e+06 -1.436771318809314165e+06 1.548880458523683483e+06
2.819876303175875451e+06 -1.121991478117625375e+05 3.608045081037904602e+06
-1.053078552775882417e+06 1.974125539930980187e+06 1.144304213645675685e+06
4.328136393835201161e+05 5.673708671989857685e+05 -1.263725501546974760e+06
1.201041390529808821e+06 -1.519895420398825780e+06 1.581263492694479180e+06
-2.384700407876130193e+06 2.852815041069260333e+06 -2.179268439950602595e+06
1.456612888349163113e+06 -2.765899905456354376e+06 -1.644131039623154793e+06
-1.100886914062020136e+06 1.301579748743866803e+06 1.115169040426749270e+06
-3.742718205715606455e+05 3.582668147994541097e+06 -1.180882514068692690e+06
-2.351435410915474407e+06 2.689920130973139312e+06 2.410200645185470581e+06
3.170710005400015973e+06 2.504666629097264260e+06 -4.193641363119676826e+05
3.253282608773928601e+06 1.892523981037167367e+06 1.664260220214588102e+06
-7.127552530681801727e+05 1.501379773336210055e+06 -3.578170904701891355e+06
2.458636863568208180e+06 -2.291077557219277602e+06 -3.249239453827601392e+06
1.248033615709508304e+06 -2.437892887650725432e+06 -1.967789862564841751e+06
-3.099614224217532668e+06 -3.668464711981099681e+05 -2.297396410185648128e+06
-5.358555755535636097e+06 2.891376206502617337e+06 -2.729271160294978181e+05
-1.657981950297717238e+06 -9.284088400368412258e+05 9.165925597010198981e+05
1.406085974056094186e+06 2.693089134672267828e+05 -3.370352374387370422e+06
-1.739283585475839209e+06 -5.224872791925534257e+05 3.597951699295101222e+06
1.996970996432998218e+06 -8.055222859573938185e+05 -1.934290745561605087e+06
6.607178057713818271e+05 1.481935442515487550e+06 -1.866486546791163855e+05
-7.621991033935006708e+05 -3.148721374142708257e+06 1.775548383999569807e+06
2.166730025583989453e+06 7.662183011102627497e+05 -3.760084156134345569e+06
2.681764921368013602e+06 4.511142743680436397e+05 2.548063802816925570e+06
-4.655892439271078445e+06 1.599769201435882133e+06 2.852859197907235008e+06
4.548886948775233701e+06 2.431916862259363290e+06 8.626255196287321160e+05
2.179120820465378347e+05 -6.021806083136271685e+06 -4.337758055636924691e+06
2.954014814780747052e+06 -4.260679558819111437e+06 -3.346427494805514812e+06
3.475484934187754989e+06 2.689562470018392778e+05 1.365180326876796084e+06
-1.160934354095207294e+06 -4.017811519674604759e+06 1.129616261005282402e+06
1.130896433314729948e+06 -1.707499507271695416e+06 -4.668208398543213494e+06
4.780752118506783620e+06 3.703781964259504806e+06 1.522746744473808911e+06
-2.074960968799074180e+06 -1.597259757601076737e+06 -3.866713907659485936e+06
2.518902765879717190e+06 1.610149206559798331e+05 4.669753224937225692e+06
7.549685803617409430e+06 -1.940798201761078788e+06 4.442186306714852341e+06
-3.414260996077994816e+06 3.228701161325353663e+06 -1.641349848541000159e+06
-3.144622282778781373e+06 1.926866137593358522e+06 -2.318682569677690975e+06
-3.962720276219179505e+05 2.981640766555101145e+05 -3.485027076249520760e+05
3.537775510315564927e+06 -4.367009662943387404e+06 4.454294602640203200e+06
3.329445715108631179e+06 2.251422108495185617e+06 4.090776141171201598e+06
-5.273186582257394912e+05 -5.161739030956192873e+06 4.891654995232789777e+06
-2.431931764864635188e+06 7.022256711419944651e+06 3.065197427099476103e+06
3.646843250436686911e+06 4.102598901149613783e+06 7.417166514838884585e+06
3.369244100109491497e+06 8.427000378506377339e+06 2.672621055403305683e+06
4.442828576810177416e+06 4.112986488016956486e+06 -5.113538621675200760e+06
4.564035295615430805e+05 -6.550473738620195538e+06 -8.140829053991536610e+06
-1.013389753124861792e+07 3.751051998816535808e+06 -7.855303214041707106e+06
-8.869243020317427814e+06 3.624997815794761758e+06 -5.735695305641686544e+06
-4.508090199833202176e+06 3.232065518227326218e+06 -4.064274952788190916e+06
-5.186536644282925874e+06 6.663499511480744928e+06 -6.148312631999474950e+06
4.384814827451635755e-03 -1.088741812584754706e-02 -1.747588234083630176e-02
1.034525205443246124e-02 1.440411401977539398e-02 -1.738091780325205782e-02
-1.028469823548799379e-02 1.791448612829490972e-02 1.278353105523702578e-02
-2.254769879499442242e-02 1.363764289573565769e-02 1.011470133039713871e-02
-2.119583594757250625e-02 9.956918457333908956e-03 -1.097205673716957972e-02
5.468129306812089868e+06 -1.966865158141757594e+06 -9.176652205675698817e+06
-4.961962587155123241e+06 5.964069056749926880e+06 6.823786417129030451e+06
8.667447470680169761e+06 6.902546342082232237e+06 4.469720600904313847e+06
-3.605939083880175371e+06 3.994676485851632897e+06 1.331625811895695515e+06
-9.622423150072863791e+05 2.670099231396206189e+06 4.460552661297230050e+06
-4.995705357554623857e+06 7.035042439015249722e+06 8.807258011662287638e+06
-5.769528971748478711e+06 -5.890343691765255295e+06 3.282436321320539806e+06
2.854452370230445173e+06 6.398606915294549428e+06 6.541106440433492884e+06
1.342816833836283302e+06 -1.694613061878886074e+06 -1.142105742826388218e+06
8.603720154016463086e+06 -8.092572763342360966e+06 8.187506116212600842e+06
2.629066984266411513e+06 1.306292897805127548e+06 4.503187371712205932e+06
4.462647107845589519e+06 -2.663016377823655028e+06 2.533498501729845069e+06
-1.233553734991199337e+06 -9.817940963796001161e+05 -3.251563553697211202e+06
1.684564962307202630e+06 2.550587455781170167e+06 -4.711497022999726469e+05
-4.202341659459057264e+06 5.521741266743537271e+05 3.200448424123847857e+06
-2.760596547251817305e+06 -6.921103151209005155e+06 2.247170659129037813e+04
3.344168440050922800e+06 4.781763157507740892e+06 1.398036332103304798e+06
-1.955994474168546032e+06 -5.297555238472530618e+06 3.126744039921538904e+06
1.018346120671030367e+06 6.227069128083420219e+05 -3.058191727262876462e+06
-4.400970783777405508e+06 -1.933147656070358353e+06 8.998397288468923653e+05
-9.555393779206204927e+05 3.930064559783583973e+05 -1.596837141522416845e+06
-2.085987742196253501e+06 2.100821155724585988e+06 2.882504823453883175e+06
-3.809492408203013707e+06 -2.163552012785651721e+06 -6.042935372908960562e+05
1.633514547675863374e+06 -2.439453606108551379e+06 -2.955759854499010369e+06
6.800001090166419744e+05 -3.952131379237035289e+05 2.309241081172188744e+06
-7.901861928159911186e+05 -3.403738745770920999e+06 1.509882520327098202e+06
2.096953822771509876e+06 2.582805254312408506e+05 2.014890267040347680e+06
4.212772853214756586e+06 -2.554867579035084695e+06 -1.025243710981262731e+06
-1.623815895408552838e+06 2.640701713069771882e+06 1.612021753813376708e+05
1.534426044249903178e+06 1.288356932500076800e+05 1.747004165427140833e+05
-2.767638364755498711e+06 1.884654203437311109e+06 1.792390021440362907e+05
3.302998570264585782e+06 3.427374780019391910e+05 -1.812372901014081435e+06
-2.702546645031459164e+06 9.789027211190883827e+04 2.720679164262450766e+06
-2.744633137131391559e+06 3.865012840462387074e+06 2.231012467045290396e+06
1.438323543925806647e+06 3.344683546627389733e+06 -2.770498279868894024e+05
3.258439806006537401e+04 2.286301558118704706e+06 -7.199056598525617737e+05
-8.406085373299802886e+05 -2.813314843111330178e+06 1.387677885900946334e+06
-5.007266053944411105e+05 3.720876100994340377e+05 2.577693917330014054e+06
-5.307713346782071749e+05 2.200877331617383286e+06 -2.778997551107306965e+06
-5.989921703732601600e+05 -1.008792903900236590e+06 2.407017915127974004e+06
3.663845411539274268e+06 3.015973702827028465e+06 -1.993544956535100238e+06
-1.432063103873006301e+06 8.572464024968055310e+05 1.713147209984442219e+06
2.608144085813235957e+06 -2.460418674814181868e+06 -1.279913811792513356e+06
1.153173636045722989e+06 -1.009182412889895728e+06 -1.596640147736015264e+06
2.593195796455587260e+06 2.211376982785852160e+06 -1.617259476827914128e+06
-2.889163904741115868e+06 -1.159389742166814394e+06 -2.785006332689556759e+06
4.735179465284987236e+05 7.086406486260979436e+05 -2.911127174159746617e+06
-3.417944752876215498e+05 -1.913650068254973274e+06 2.606517403415669687e+06
-9.466131713571378496e+05 -2.724468214782408904e+06 9.235022345979408128e+05
9.819685783554860391e+05 -2.134380374821172096e+06 -1.832242896780126262e+06
-1.767815243724924745e+06 9.287507752827467630e+05 -2.629058690304711927e+06
-9.288306657592660049e+05 1.315249611342450371e+06 -8.802258084263015771e+05
1.472660005480757449e+06 2.427533988161771093e+06 1.605276379195213318e+06
-1.596510197772550164e+06 -1.231738377432174748e+06 -1.361866196640101261e+06
-4.885280049863050808e+05 -1.154963146589211887e+06 2.347520042613407597e+06
-4.609266430752394372e+05 1.295711281137961196e+06 2.192819217592045665e+06
1.300060141584854806e+06 3.518838429009334650e+06 -5.305759746276573278e+05
-2.392478625845098868e+06 3.683787750187293859e+05 2.181896531969569158e+06
-2.087453926497569773e+05 -2.744150277674318291e+06 -3.035157028266307432e+06
2.520918551368211411e+04 9.169666599644197850e+05 -3.386764100664040074e+06
-2.635024873731281143e+06 1.074347072555649793e+06 2.377565439412054606e+06
2.255779296473592520e+06 9.318128175320279843e+04 1.449349761732170591e+06
1.663245017580073327e+06 1.007906286625454668e+05 -1.667245562009618850e+06
-2.021195359484132845e+06 -5.236577194932347047e+05 2.497896006989085581e+06
-3.150901871210089419e+06 3.758402824649206828e+06 8.994044951128899120e+05
-2.584587257698469795e+06 3.369601862466576975e+06 -9.615095190726695582e+05
-2.300842976061707828e+06 -2.765253459208207205e+06 2.891901146491161548e+06
-1.775030779942069494e+05 2.716431718167094979e+06 -2.233100143031534739e+06
-2.183137186464006547e+06 -2.970041727076927200e+06 -1.527372368921037996e+06
3.186193910201450344e+05 1.628686682321969653e+06 -2.148222008748559281e+06
-1.751955430779195623e+06 5.577614557206041645e+05 2.032075023141389247e+06
-4.354164215565916384e+05 2.165872744653998874e+06 -7.167917761275442317e+05
2.490080051723878831e+06 -8.985949388202105183e+05 -1.559078863326242426e+05
3.283727812213007361e+06 1.715400029677776620e+06 -4.122919450569123146e+05
1.527194305927344598e+06 9.247446938002029201e+05 2.831014283114659600e+06
-2.102779406318056397e+06 2.137424211229632609e+06 1.438866541405242635e+06
1.031783908902114490e+05 1.302926804677063134e+06 -2.007754206419850234e+06
-2.622114439026926178e+06 -5.589352441164461197e+05 7.437488052805396728e+05
-1.610027229164373595e+06 2.529674204699350987e+06 -1.917646438623134745e+06
-3.548028891564257792e+05 -2.453318174624962732e+06 -2.275931153860906124e+04
-1.833848430341716623e+06 6.473662293312876864e+04 4.284114697076285374e+05
4.193198431649170234e+05 1.485092335113057634e+06 1.307359666209377348e+06
1.505226863633736502e+06 6.492029412932860432e+05 -2.065303261333646020e+06
-8.920706974761238089e+05 -1.264322771221649600e+06 2.003696568762467708e+06
2.442448819183216547e+05 8.211176767778891372e+05 2.728533502669012640e+06
5.890203625351755181e+05 -2.334595492903099395e+06 -2.013883743103707908e+06
1.649136844696945511e+06 8.646071089193129446e+05 1.424226044668774353e+06
1.172390232665183488e+06 1.549409811597456224e+06 2.407807267576694023e+06
1.744440489586047595e+06 -1.485348863418696215e+06 -1.323216118910483783e+06
-3.780255733042530715e+06 -8.836704170583634404e+05 2.928957091226298362e+06
2.621353806398982997e+05 2.202924420983605087e+06 3.421001340518349782e+06
-2.551389626072574407e+06 5.139201704261857667e+05 8.176436303503282834e+05
9.153316877633609110e+05 -1.359688831728971098e+06 2.147916244482607115e+06
-1.958070723036066338e+05 3.791185272342573851e+06 -2.245676593010500073e+06
7.931363314593557734e+05 2.603291578036477324e+06 1.598044701346375281e+06
-9.087564610524352174e+05 -2.996860279222535435e+06 -5.400187074287747964e+05
-1.863058907182339579e+06 -2.559385116967678070e+06 -1.092223460912736366e+06
1.811173876309337327e+06 2.084232287412142847e+06 -8.093622772633165587e+05
-2.850638313893616199e+06 1.440683693653386319e+06 -3.003726944572980981e+06
-1.463916492043850943e+06 -4.136165988135086372e+06 3.722298059719359502e+06
-1.292456826797112153e+05 3.006699920914968010e+06 -2.614856843469550367e+06
-1.273223861899850890e+06 1.680151688416748773e+06 -5.641632487279814086e+04
-1.728126627187687671e+06 1.293207709205085703e+05 -2.777285564675631002e+06
-1.104446758092790376e+06 -4.018043191660812590e+05 -1.174776352146603866e+06
1.231282795733549719e+05 -1.084975983880234417e+06 -2.004181025663740933e+06
2.134730813245336059e+06 -6.531116232214757474e+05 2.201870304861589801e+06
-2.021063153209919576e+06 -1.175230440352191217e+06 1.948672075378566748e+06
2.292388166740741115e+06 -8.247678158333596075e+05 -1.011104473900634563e+06
-9.690457356263699476e+05 1.191922865001525730e+06 1.690697687434159889e+03
-1.685574816002563573e+06 2.698608164768471383e+06 3.168355255512387026e+06
-6.673941999076737557e+05 2.862121052080006339e+06 1.961481052395350067e+06
5.016833147621923708e+05 3.516436109482510481e+06 9.479530263690521242e+05
-1.105328826603565249e+05 3.197036533805747051e+06 -4.091000910802995786e+05
1.412283098372525536e+06 9.460824450738724554e+05 -1.383572099127563415e+06
-1.632333595757218776e+06 -2.024814103506451473e+06 2.885344400337930419e+05
-5.695467776664213307e+04 -2.156331861056188587e+06 -1.155170586522706551e+06
1.112502381336037302e+06 3.161961612642533146e+06 1.003135919463969418e+06
-2.802609372353345621e+06 1.237890132188177435e+06 -1.136987655796069186e+06
7.490966798078425927e+05 3.635357431845628656e+06 6.260811874609426595e+05
-2.683432219471058343e+06 6.442558082070493838e+05 -1.642132971182911191e+06
-1.574972297139229020e+06 1.493369939735416789e+06 1.747455695039186394e+06
-3.626316758529201616e+05 -2.116429551195326727e+06 -2.645510905012342846e+05
1.315033947153018322e+06 2.261774380923419259e+06 3.988173707564926706e+06
4.601532694993365440e+05 1.769107362423260463e+06 -1.914443967980643036e+06
-7.066739426784969401e+05 -5.511185581731664715e+05 1.412196427501159720e+06
7.688865306680998765e+05 7.201372573750596493e+05 -6.528523189874757081e+05
-4.767438308791550808e+05 2.517377921313024126e+06 -4.901418791892415029e+05
-3.854698963345412631e+06 7.971584971571475035e+05 3.347805855649548583e+06
3.250885589003826026e+05 -1.529518525299164467e+06 -2.256896881992537063e+06
2.260796256796899717e+06 2.575429407327824738e+06 9.226400035057532368e+05
4.628850013049467816e+05 -2.790640657014003489e+06 -8.565706379411533999e+04
-1.874044907075810479e+06 -1.932090515317486832e+06 2.021098965822421247e+06
2.764540888900907245e+06 -4.490384506981705781e+05 -1.542427158656616230e+06
-1.199274556642798241e+06 -1.981858267084826657e+05 -1.601421637756730895e+06
1.400099828313651728e+06 8.280416063008267665e+05 -1.757554216468349099e+06
3.182398011672388762e+06 1.852579709398603067e+06 1.892806249905708479e+06
-1.950183884569436312e+06 -2.356277313162535895e+06 2.727935690835966729e+06
2.289507919597570319e+06 -2.028521686820704956e+06 9.798362284211000660e+05
1.686727007484823698e+06 2.353731067757452372e+06 -8.093416333125524689e+05
2.144189291290068999e+06 3.252464864742625970e+06 3.394085048377622850e+06
-1.891129838130883640e+06 1.644517153677735187e+05 -6.922759367826863308e+04
3.937344047470248304e+06 -3.771230764213978546e+05 1.960542133796494221e+06
-1.603840345634711441e+06 -2.066014688270470360e+06 2.887597594540487975e+06
2.105060619890483795e+05 2.720289090389606543e+06 2.404895605034650303e+06
-2.608492011560106650e+06 -2.673588742972579785e+06 3.354020960570882540e+06
1.937694261676183902e+06 1.053354253809682094e+06 -1.912394968199784635e+06
-9.174541052773097763e+05 -6.456097784987656632e+05 -3.251029387950068340e+06
2.156367970253767911e+06 -8.746172573953247629e+05 -1.574755981473226100e+06
1.103168616850227350e+06 3.172697261981302872e+05 3.866544759470534977e+06
-8.692452410338238114e+05 5.648942003708562115e+05 -1.905128403607680928e+06
-1.526138557283901842e+06 -1.782388350666054990e+06 9.743500546054667793e+05
-3.846012673580295872e+06 1.378269925095837098e+06 -3.596061652080758940e+06
-1.713396411060525570e+06 2.409839881624241825e+06 2.570553132343290374e+06
-2.944056202588190790e+05 -2.701782786657030694e+06 -4.437773388031868264e+06
1.648552684501976706e+06 5.390064414909902262e+05 -1.074952292778838600e+05
-1.842035693103919970e+06 9.745188650016713655e+05 2.314668954113836517e+05
2.642518666416909080e+06 2.147193864064604510e+06 -1.317176789890665677e+05
1.046870385925498442e+06 5.566377241039464716e+05 2.516458322034056764e+06
2.935228850654216018e+06 1.977852412278424483e+06 -8.687710470458479831e+05
-2.988521529927308671e+06 1.030571831244082307e+06 3.556139273414047901e+06
-2.067405791382537223e+06 -2.841926812569608446e+06 2.852486326228137594e+06
6.923024159910342423e+05 3.542881881776382215e+06 2.219025711076640058e+06
3.899900548422459979e+05 -1.509924959434855729e+06 -4.786540792458668351e+06
5.502207262456089258e+06 -5.033530800971720368e+06 3.394525942931030877e+06
-1.896720011145256460e+06 1.027702489510475658e+06 3.743437269206335186e+05
-9.303523332614774117e+05 1.712916354750817874e+06 -3.793977601186563261e+06
-5.611258542614527978e+06 -4.199764779213929432e+05 1.881559531509781256e+06
-4.948235910565502709e+05 3.338261741949261166e+06 -2.941488162883063313e+06
2.639469656404375564e+06 -2.525991731590368145e+05 -3.677907166845421307e+05
-2.456718555405870080e+06 -4.547618354226841591e+06 -9.290214531011565123e+05
-4.742332759885868989e+06 -8.465247825098052621e+06 -4.899611541077662259e+06
-1.616244004809595644e+06 5.738379854520085268e+06 -8.686141325570199639e+06
-6.183727284137477167e+06 -7.858483852636205964e+06 5.111193430216884241e+06
-2.894515560361825861e+06 -7.112921410935306922e+06 -1.022769585958154872e+07
-6.883377989608695731e+06 -1.236368136785124952e+05 -4.213449854691976681e+06
3.832334340009937529e+06 -4.517518560351688415e+06 -5.231057671925993636e+06
7.839230781198171899e+06 3.527960100579564460e+06 3.413153190133368131e+06
-9.501768311098093963e-04 -1.497132806770666222e-02 -1.544621644399260529e-02
-1.511057199891598958e-02 1.833822096280172259e-02 -1.581583865134674957e-02
1.094358728635554459e-02 2.046756845394281585e-02 -4.304782004272645658e-03
1.362821628454819779e-02 2.391232766064943765e-04 -1.360971950265841765e-02
-2.164207115078906063e-02 -1.205636081295195089e-02 -1.118733148128139496e-02
1.734078148300040979e+06 -7.409728536996410694e+05 -6.661333886916714255e+05
2.939979774714609375e+05 -1.089324615396749042e+07 1.048567695575571805e+07
-4.858948210916629061e+06 -5.951178449415283278e+06 -2.969977659335537814e+06
7.560521420007934794e+06 -1.690325829511004966e+06 6.462273828724635765e+06
-1.204514337189071113e+06 -5.442506460899421945e+06 8.413185918707385659e+06
-2.323338753528621979e+06 -9.335944230465881992e+05 -4.071861237412856892e+06
-3.795642283158058301e+06 4.198316207414682955e+06 -1.863512489385358524e+06
-3.489710024283006787e+06 9.339203800172882620e+05 -7.195018814109209925e+05
2.353454270393485669e+06 6.115751600977877155e+06 6.223099229277779348e+06
4.810147679863825440e+06 -6.768996207404556917e+05 3.361288278448988218e+06
1.018029107964941766e+06 -1.196584319260291522e+06 -4.205490037359219044e+06
2.987471117387834005e+06 3.093068216715802439e+06 -1.859355994020665763e+06
-1.878926901233851386e+05 2.051715577364467317e+05 -5.044274084202838130e+06
-1.742010964365949156e+06 6.973179797088177875e+05 -2.959747837837144732e+06
-2.546129171142171137e+06 2.769375725496825762e+06 -2.759626471655056812e+06
-2.501249755189295684e+05 4.589731424779084511e+06 -3.263622464490538463e+06
-3.981374225807092618e+06 3.426387135876725661e+05 1.860770261209861841e+06
3.493986316747970413e+06 3.220909563100109808e+06 -2.411247216323611327e+06
2.551643439159383066e+06 2.211501677149108145e+06 -1.357572923773709452e+06
2.123004668428384233e+06 8.177026562402053969e+05 3.668156521544466726e+06
-9.486241535848528147e+05 1.521374885530487518e+05 7.559448190958143678e+05
5.144577852726671845e+05 -1.981130034505459247e+06 -2.600303680549099576e+06
5.083503888397065923e+06 2.546875262622593902e+06 -2.328889074487617239e+06
-3.243189583120626048e+05 -1.370536185268964255e+04 2.783063622686910909e+06
1.668682471045889542e+05 -3.503987329427716322e+06 3.432292548495093361e+06
-8.590529159564346774e+05 9.324420564029040979e+05 -2.417169669656586368e+06
6.872608444289568579e+05 3.756870659572564531e+06 2.572495552505682688e+06
-3.158997818314613542e+05 -5.571894811392935662e+04 2.431622558659132104e+06
9.473793339778153459e+05 -4.376130525455289520e+06 3.606342623719282565e+05
-1.611072049856703496e+06 1.061264003741403809e+06 5.276023436532883206e+05
2.522129065431142226e+06 1.148754615645534126e+06 -1.941936291014063405e+06
-4.232506639071078040e+06 -2.430162641003134660e+06 2.768895404388438328e+05
-4.239596911258358508e+06 4.275612693414621986e+06 3.818920822253413964e+06
3.923460842290760949e+06 -2.460166709006796125e+06 2.235585661822084803e+06
-7.982304360293997452e+05 5.374383666552882642e+05 4.704774370219707489e+06
1.291553227921749232e+06 2.529556433363584336e+06 -1.380820362407470588e+06
1.811051243712280644e+06 1.780619568356209202e+05 -2.018405929695798084e+06
-1.036481721666424302e+06 -8.945588713975518476e+05 -1.542423847739197954e+05
7.837800886716639798e+04 -2.790646214043417946e+06 -3.026204387635110877e+06
-6.551569157085942570e+05 -1.303050580648488598e+06 2.517229532362729311e+06
7.010109530565949390e+05 1.247203927793201059e+06 1.760060244403930148e+06
-3.095998456637888681e+06 -1.918798450860301382e+05 -1.847273203661112813e+06
-3.015351551992431749e+06 -5.012939739619898610e+05 1.412574313019005116e+06
-1.326608850957910472e+05 -3.137792726444417611e+06 -1.284744137233656365e+06
1.981318089539441513e+06 5.526206323742356617e+05 -7.371797410387147684e+05
-1.011940294264898053e+06 1.683097718616729602e+06 -2.396335060150811449e+06
3.069436718089613132e+05 -1.967800955345306778e+06 3.359153581648585387e+05
1.507425382382692071e+06 1.602714120015757391e+06 1.028632179680978647e+06
-8.236114617142947391e+05 6.141219567056521773e+05 4.671359497587643564e+06
1.689404238163129776e+05 -2.961238075702101924e+06 -2.698185687428604811e+06
2.314219059183176607e+06 -3.311828278052027454e+05 2.454203102050243411e+06
1.459665826218818547e+06 1.341723859763807384e+06 -2.898833560738359578e+06
2.598739810602246143e+05 2.321080593866987620e+06 5.837006954307972774e+04
-2.125898049839794636e+06 2.886959048806362785e+06 1.274080544896595646e+06
-2.453995937740717549e+06 -2.586023353235302959e+06 1.623137570510112913e+06
5.300293764436258061e+04 -3.068070029722309671e+06 2.579576456389719155e+06
-2.835003045812121709e+05 -5.479256729436313035e+05 -2.372735199183616322e+06
3.261686820486889337e+05 -2.975801864765575156e+06 -2.391918852196272928e+06
-2.072671759367726045e+06 1.989394698170845397e+06 3.405963249851032160e+05
-4.888785310619300581e+05 1.020719502964746440e+06 8.128125661713387817e+05
1.818690361403777730e+06 -1.955673260476989206e+06 1.677733133162327344e+06
1.109937747575526591e+06 -4.808761038086847984e+05 3.852378498686862644e+06
-2.296145820499666035e+06 -7.380767307263944531e+05 1.816703244943200843e+06
-2.687402466394369956e+06 2.824565301546624396e+05 -1.142737970937464619e+06
-2.259641752930722665e+06 -2.520746974761845544e+06 1.467385235655925935e+06
3.646997945917746983e+06 1.462018473459692323e+05 8.874580253761380445e+05
3.687485970241638366e+06 -2.002426711804246879e+05 -9.483011274809625465e+05
4.284417204137127264e+05 3.353549646275741048e+06 -2.762565894057657104e+06
-2.906615517346451525e+06 -2.267186540452397021e+05 -1.472713632557125529e+06
-1.230659038469251711e+06 -2.811667749674142338e+06 -2.605030633795192989e+05
-8.620579358154754154e+05 2.776137394642986823e+06 -4.958887416123285657e+05
-5.183031375341642415e+05 2.855032296114921570e+06 5.917067990263496758e+05
2.216601037260845304e+06 -1.280566329796920298e+06 -8.820624206023711013e+05
1.733770751777165337e+06 1.298649608149694512e+06 -7.624253470055960352e+05
-1.995694370220852783e+06 1.948425141911167884e+06 -2.014308702947296901e+06
3.859972484763949178e+05 4.147450616351461504e+06 -3.924304095114569063e+05
-3.144502589288336691e+06 -6.068461356671123067e+05 -2.659745304541239748e+05
-1.546170690793655813e+06 -1.304000401951229665e+06 2.008055582727674861e+06
-2.320949892671605572e+06 -5.381181074954140931e+05 1.206264672257653001e+05
1.169663981306412257e+06 -2.582742741965041030e+06 -5.005599676768954378e+05
2.104380658703038353e+05 -1.000827475437878165e+06 -1.157770074750216212e+06
-1.552924898458528565e+06 -1.470162562264577718e+06 -1.007482062941323267e+06
1.024118943580850377e+06 4.931568234722678899e+05 1.177448793574072421e+06
-6.822191511204554699e+05 1.323987431156483013e+06 -1.461813178012982709e+06
1.965713558260876162e+05 3.431257107546094805e+06 -7.083633512314310065e+05
-9.286290209760291036e+05 -1.547477840938376496e+06 1.029240052643741947e+06
3.199823920370870270e+06 1.885593020599054871e+06 -1.074099823139281711e+06
3.279596061597856693e+06 -4.429242363910547574e+05 -5.379018881054831436e+05
1.718331196299884701e+06 -1.304080516553154448e+06 -2.417411135549147613e+06
-4.321714654264761339e+04 -1.141680554547001142e+06 -7.925642719807327958e+05
7.983965241873332998e+05 2.333750738940055948e+06 7.686144469105905155e+05
-1.324153656306031393e+06 3.695520873448043130e+05 -3.358646283612499945e+06
-1.916964412386773853e+06 -2.269346831033419818e+06 -2.863995545493088197e+06
1.780189078122490784e+06 3.054097132099252194e+06 -1.303904519696600735e+06
3.568333384783082292e+05 -1.921453222714270465e+06 2.704855038524455857e+06
9.104380623050119029e+05 -1.132469190953789977e+06 -2.645142025504868478e+06
1.916164672718518414e+05 -3.443976328635130543e+06 1.501215304043890908e+06
8.007602027363878442e+05 3.924236024770829245e+05 -2.733998985657694284e+06
-2.609480675271493674e+05 2.245330427791681606e+06 -1.144894292735564377e+05
-1.020646479457733454e+06 -2.096931770121697802e+06 8.651391091307938332e+05
-1.508255055694387062e+06 -5.486785259021362290e+05 -3.777576360462868470e+05
2.105230084358794615e+06 -2.797091032165796496e+06 3.627216221711021848e+06
-1.793444836900858209e+06 -2.328751716647353955e+06 -2.378053189710311126e+06
-2.218707005517156329e+06 -2.124932387555354275e+06 -2.122829413369740825e+06
1.749971275464490522e+06 1.108634289701202884e+06 -3.039365473190536723e+06
1.684130535468494520e+06 -1.065559195625958266e+06 6.009793000178559450e+05
2.366559203893125989e+06 2.450783532386469655e+06 -7.389199792639368679e+05
1.831038268292333465e+06 -2.019044597957808874e+05 -2.360408825521160848e+06
1.771969071504971711e+06 -1.773202273546898505e+06 -1.723469247145799221e+06
-2.536543168590170797e+06 3.668395442437153542e+05 2.510585477461641654e+06
1.025203989107500645e+06 -2.060613616962809814e+06 -1.106384776861107908e+06
2.440637496089949273e+06 -1.422364646810180042e+06 2.137549715861389879e+06
1.365196927199086407e+06 1.181338519838374341e+06 8.346542881325531052e+05
-1.659363286125740036e+06 -1.299120509879885474e+06 -1.574008469256174285e+06
2.075522087620952865e+06 -2.258679381348794326e+06 1.054721816449302016e+06
-3.132822936766931787e+06 2.899627198727552313e+06 -2.309648775943974033e+06
-3.363379006860323716e+06 2.243271295269146562e+06 -4.651654459728217917e+05
-3.875111174220574321e+04 -3.476382860067514703e+06 -9.939132744234567508e+04
-3.501698979547043797e+06 9.849525561962084612e+04 -1.529517198807955254e+06
3.105549868238333147e+06 2.099925699748657644e+04 -1.434097103201030521e+06
2.385531388505088165e+06 2.624685909440534189e+06 1.047668343465566519e+06
2.930922740857550409e+06 -7.231477424051888520e+05 2.556943144987323321e+06
2.149948017853286583e+06 -6.031742444337147754e+05 -2.036791439944202313e+06
1.731167652626509545e+06 -9.391098095165317645e+05 -3.371873004375836346e+06
3.448463256370233285e+04 1.345939989998253761e+06 5.846127770620818483e+05
2.419432457187810447e+06 -2.101957798784303479e+06 -7.908087053895529825e+05
3.556045572878725943e+05 3.274271846189796459e+06 3.302113070128476247e+06
3.355588183725466952e+06 -2.083994702609213535e+06 -3.119390343170021195e+06
3.195884777259122115e+06 -2.030565560488347430e+06 2.489138119287925307e+06
-2.284437856849376578e+06 -4.908797758343633031e+05 1.715549401138411835e+06
-2.205952543885052670e+06 2.348917253702471033e+06 3.427333537920724601e+06
-1.106328422480950831e+06 1.448529660959740868e+06 1.647458566280446015e+06
8.561683396536366781e+05 8.006669047046455089e+05 -3.626992195142855402e+06
2.120676153967323247e+06 -2.177974419950805895e+05 -3.276447852077721618e+06
3.545022815188490786e+06 1.960124076445001876e+06 2.422788739259465132e+06
-5.444595258944849484e+05 1.080216622255937196e+06 4.463367582812696346e+05
-2.637800583921945654e+06 -3.810610418720839079e+05 -1.655217935339613818e+06
-5.179880031032031402e+06 -2.552188913917487487e+06 -2.511894138609913643e+06
5.271875005426442949e+05 -1.829493708698784932e+06 4.391737332941723056e+06
-4.649627390069302171e+06 3.289443875218162313e+06 1.246249672513221623e+06
-2.996165779093683232e+06 -2.558639882588602602e+06 -9.293639035429370415e+04
-1.023257423993135162e+05 4.265647060201669112e+06 -3.786643901696437504e+06
6.219574131074073724e+06 -1.143698173981691943e+06 -3.556168010088528041e+06
-6.066711422293784562e+05 7.211223220931134420e+05 -5.498465353781544836e+05
1.558470477635724936e+06 2.113954868339974899e+06 -7.780898783598233014e+06
-4.784441089164213277e+06 4.369096572360397317e+06 -2.320502734473843127e+06
2.830536551975067239e+06 2.181319207407468348e+05 1.955544188909613062e+06
-4.904205794504600926e+05 4.335415109398372471e+06 -2.027907893611212960e+06
-9.979876989178161602e+05 6.172519838726757094e+06 3.079574464761230163e+06
5.735738667394972406e+06 2.516442550483149476e+06 -2.473259419586949050e+06
-5.465145698251828551e+06 -2.919169616049576085e+06 4.986761834821331315e+06
3.896628405456818175e+06 -7.291504064820220694e+06 3.922045269267232623e+06
-4.790093840609603561e+06 -4.426179908059720765e+05 7.403802553303282708e+06
5.432259948195395991e+06 3.579073669969442300e+06 -5.778680828049320728e+06
7.773171887079711072e+06 3.003110056229008827e+06 3.656140357028710656e+06
3.151703218445653096e+06 -3.576415195143137593e+06 -5.512467131728918292e+06
-1.433071917183171597e-03 -3.537753134134867961e-03 -2.481993151980260714e-02
4.870369521385812389e-03 -1.383726637941338176e-02 9.484702818701590266e-03
-5.382806481928975421e-03 2.024420559186566188e-02 -1.642554662847346345e-02
-1.039214353517458472e-02 -1.911755960662105819e-02 -5.410478326572691447e-03
-4.973016290037958302e-03 4.585044590201388555e-03 1.806762523423492695e-02
3.625435466685822134e-03 -8.814522474288717657e-03 1.524074441426257961e-02
-2.782063862837605644e+06 6.834833171271192841e+06 1.535647513472435065e+06
9.681938944951044396e+05 1.643022406189425383e+06 -4.123136511168957688e+06
3.457150316330128349e+06 7.355684055982801132e+06 4.437833821596594527e+06
-5.889484967963371426e+06 2.696238888086001854e+06 1.038402544638732634e+07
3.028400117240436375e+06 -2.705296277412233874e+06 -1.494873682032597484e+06
-5.327980634705029428e+06 5.918936884585199878e+06 -5.663989000992659712e+05
1.899352706564139342e+06 2.172697925588917453e+06 4.355611070736634545e+06
5.509015101600502618e+06 1.451122485027930466e+06 -7.635395787114527076e+06
-1.403092560186334420e+06 3.461753253389645368e+06 -9.495454921925214585e+05
2.211996269262382295e+06 6.975020321674420498e+06 3.631941820569409523e+06
-5.285575996245837770e+06 2.645961049803718459e+06 -3.069603153248493094e+06
1.459867956374768866e+06 5.496427404136117548e+06 4.679454668856842443e+06
2.386306749038396869e+06 -3.804758247139721643e+06 3.015706992125403602e+06
2.000757229483750183e+06 -3.892960094950627536e+06 -2.834682197011389653e+05
1.227647283845452825e+06 -3.811550563663484529e+06 2.078955204364236677e+06
2.365855020357481670e+06 -5.786192738059076481e+06 -2.717636877266253345e+06
5.813853821695263498e+06 -6.449467729563162662e+06 -2.482357326283302158e+06
3.760751300040869974e+06 -1.676685265514774015e+06 -6.522990434271417558e+06
1.835165799710174557e+06 -4.540924041647692211e+06 -2.653689963406992145e+06
-3.818533045841942541e+06 -4.143812212795543484e+06 -8.084981347116809338e+05
-9.378301650900791865e+05 -7.949663202512180433e+05 2.165582073560294695e+06
-4.573897194881233387e+06 1.938094745227953419e+06 -1.468861865169630852e+06
-2.065062411732547218e+06 2.836589823934964836e+06 -2.763573140785027761e+06
-1.187822784631763818e+06 1.028671126093383529e+06 -3.389434972650599200e+06
-9.237993464942810824e+05 -1.511552826146398904e+06 1.675904663736871153e+05
1.349297322807162767e+06 -1.910961563301244518e+06 -1.022816180352641619e+06
3.210331688501804601e+06 4.462797409781111492e+04 -8.593620937986874487e+05
-1.808910745141147403e+06 1.278666047169689118e+05 -2.759123446726654656e+06
-1.583026047250425676e+06 -6.435451885633129859e+04 1.842183117714185268e+06
-2.920276155851809890e+05 -4.587718405203619041e+06 3.117696476687315386e+06
1.177397741855030414e+06 -2.818263846859395970e+06 -3.597104569988818839e+06
-1.081860888506250922e+06 -3.867126231873505167e+05 -4.586258693166496232e+06
1.668198288433704991e+06 2.015484062900912482e+06 3.419086148128522560e+06
2.872158746210293844e+06 2.165938138789253309e+06 -4.624330751718032989e+05
1.591171549054085743e+06 -2.578704480787897483e+06 1.436153783992903074e+06
1.751157215913325083e+06 -1.756500851812317967e+06 1.160722312352432171e+06
9.209182261475311825e+05 -1.677579330305728581e+04 2.036667103009304628e+04
2.087100432791578816e+06 -4.596142465381979709e+05 -6.951963670793148922e+05
1.395047443104201229e+06 -2.242776148220680188e+06 2.912001113122050185e+06
-1.389482768938347464e+06 -1.104114058283903869e+06 -1.513570981078448473e+06
2.174454053650046699e+06 7.723515617737016873e+05 -2.181927516996910796e+06
-1.714584474492810434e+06 1.020778557509891107e+06 -1.885044520058533875e+06
6.182208853488672758e+05 1.273454842806966044e+06 -1.927662168642532313e+06
4.106708034093291499e+06 -3.491224053934768308e+06 -3.909305442550792941e+05
6.396787040517937858e+05 1.618073245754839852e+06 -1.360930974620191148e+06
8.539947589705692371e+05 -3.662203866434269003e+05 -2.831366492192145437e+06
-9.486969022856676020e+05 -9.907258815584039548e+05 -5.860724114732339513e+04
6.638586702127313474e+05 -1.278737722014400177e+06 -1.611992759508936200e+06
-1.100757162498750724e+06 1.811688783260474913e+06 -3.146938979324080050e+06
-1.669597434986040229e+06 2.654391618576349225e+06 6.331077514041662216e+05
1.538641775549602928e+06 4.014764457905772142e+05 -1.249275948304516496e+06
1.234717177010489628e+06 -1.683380635328397155e+06 1.877642912425903603e+06
-2.079725377432703972e+06 -6.454219811060408829e+05 -1.882132859970819438e+06
-1.231115569611324696e+06 -1.183902380317764357e+06 -5.779471449723283295e+05
2.179041493730023038e+06 5.643144192312702071e+05 -9.154128403849434108e+05
-2.262687456439793576e+06 -2.186062971315326635e+06 8.934216612149322173e+05
-1.463567156857080990e+06 1.554667265208250028e+05 -2.456213637028374244e+06
-8.295906179451067001e+05 -1.697185522353591630e+06 1.104021284276944585e+06
-3.588346891722617438e+05 -2.257972751778696198e+06 2.651429220345404465e+05
-1.969179129440863151e+06 1.324070139860423049e+06 -1.922290507498548366e+06
-7.697929809444933198e+05 8.466866387334370520e+05 -2.211229672050415538e+06
-6.193685346269449219e+05 2.853850167216332047e+05 1.720532221033611568e+06
-2.360132459670914686e+05 -1.754122525316304527e+06 2.845684185607857537e+06
-3.977347613869762048e+06 1.197001452340851771e+06 -4.337372172121181502e+05
2.332475058450648561e+06 2.036099040377256460e+06 1.659462426388847525e+05
-5.007118857575166621e+05 -1.497507814487295924e+06 1.978262073339658789e+06
1.006508759958262672e+06 -2.073715745959344553e+06 1.566378531698698353e+05
1.939830901836713078e+06 2.563391778897185810e+06 1.430958811588681303e+06
-1.636136715383548988e+06 -9.426256195356800454e+05 -7.319529583899949212e+05
2.969250844082384370e+06 4.719965047695644898e+05 -3.580575339491252322e+06
1.572358385327774798e+06 -3.543695326524334494e+06 1.569356025775252376e+06
2.194139823230221402e+06 -2.289588140394712973e+05 1.522050721078002127e+06
-2.290038303397336509e+06 -7.324954972502660239e+05 1.202482482596060960e+06
1.430497762763085309e+06 -3.727025478940132540e+06 3.573248318580965861e+05
1.519172183698351961e+06 -1.332114204001574777e+06 -4.059412216929750866e+05
2.032026671696406323e+06 -1.981295378823366773e+05 -2.293257181619385083e+05
-2.877498512398866471e+06 -1.305891974543610355e+06 2.481264990533791482e+06
-4.509656055501075025e+04 -1.415947258002551273e+06 -3.518086475677186972e+05
1.553835578186352970e+06 6.608121921216142364e+05 2.193874472645638976e+06
-1.067303615536979400e+06 6.158931720389351249e+05 3.462923314201697707e+06
3.948675130140519468e+05 -2.261976110473158304e+06 3.479169843480123207e+06
-2.092141049057465512e+06 7.678046855900059454e+05 -2.064914529392840806e+06
8.237752894971595379e+05 3.973956338935673237e+06 8.447152551171858795e+05
9.249408901278633857e+05 2.185816242448663339e+06 -1.633123017734995345e+06
-1.060637698223486543e+06 -1.703194494608676061e+06 -2.346683922276575118e+06
2.167718357044790871e+06 2.282683675706963055e+06 -7.389045685192934470e+05
9.707875930796181783e+05 1.145279771987595130e+06 -1.078912335090929642e+06
-4.539245286055315519e+05 1.619823983897551079e+05 -3.391662596529240254e+05
-3.017561433421254158e+06 5.717068059793057619e+05 1.887889008859669091e+06
2.338432122643893235e+05 2.596374745376433246e+06 2.290124058885808103e+06
-1.041056490704204072e+06 -4.674258145725639537e+06 -2.354881036423832644e+06
9.658258227830819087e+05 2.926853989213441499e+06 4.809802589134821319e+05
1.496845283888839185e+06 1.199591616485480219e+06 -7.111180231910587754e+05
1.220942239101972431e+06 -4.024947352498407941e+06 -2.830432720984693151e+06
-8.797769143056772882e+05 9.198012762776494492e+05 -1.967202698723505484e+06
-2.224168022838476580e+06 -3.245298033376602922e+06 5.244446594405481592e+05
-7.733171305458779680e+05 2.208096186736827716e+06 -1.910519704315529903e+06
1.640653779614127707e+06 -6.665955608564206632e+05 1.334577091760266107e+06
7.692566847151066177e+05 -5.492692067672099220e+05 -2.908858242396953516e+06
-1.690219923593958374e+06 3.502459238691080827e+06 -3.701035442999767140e+06
2.225958611598524265e+06 3.424405043604553066e+04 2.581184783848918509e+06
5.477605458116790978e+05 -5.194397701448192820e+05 -2.031712649608374573e+06
1.539912269048857270e+06 -1.509196105026938254e+06 1.496288491471625399e+06
1.494290023447611602e+06 5.677036574461814016e+05 -1.877288417958452366e+06
-1.532352547991009895e+06 -1.573467648404066451e+06 -2.609857810573416762e+06
-2.550339331917756703e+06 5.111366047714133165e+05 -2.037526633328561904e+06
4.805373269353166106e+05 -2.075588157454436878e+06 -1.103506012631218880e+06
1.440631787007770035e+06 3.437882312604467734e+05 1.507830403927311068e+06
2.184771309776959009e+06 -3.535673514023123775e+06 1.746814365077319089e+06
2.976181393778060563e+06 3.671660262238523923e+06 9.752811013676892035e+05
-3.403127136107947212e+06 -2.578259156571190339e+06 -3.264030491415258031e+06
-3.605815298509466811e+05 -1.460872098391196225e+06 3.147803638675446200e+04
2.025538219275096199e+05 -4.379535164054900524e+05 8.017224263886950212e+05
-2.272828108573116362e+06 2.482167342375047971e+06 -3.419803364325955627e+05
-2.600013025873374660e+06 2.415534740520863328e+06 6.979890292871940183e+05
1.544910422824954381e+06 1.498186576277497457e+06 7.702164127920793835e+05
2.693902207365221693e+05 -1.689308918728571851e+06 4.221745693411317188e+05
-1.851932903541658306e+05 6.793962078113462776e+05 -1.593514862260597991e+06
-3.988607086001366843e+06 -1.933857648185111117e+06 4.610289111063291057e+04
-2.749886989114607684e+06 -7.631555169464737410e+05 1.329281333308180794e+06
-3.381639398337399471e+05 -9.892392362643522210e+05 2.009896771504669916e+06
-2.267147658846134320e+06 6.158364054636966903e+05 2.844393115658664610e+06
3.952171292048182804e+05 -4.436877418972301530e+04 -1.954666668979272014e+06
4.369643232256539050e+05 2.350994434019013774e+06 8.994533509731651284e+05
-2.119174846248959657e+06 1.502472860555121908e+06 -8.046093906969144009e+05
5.185309842155261431e+05 1.112312696270478889e+06 8.719112218082770705e+05
2.356930180323504028e+05 -1.061009262709689327e+06 -2.336901176325744018e+06
1.456744909101790050e+06 1.160114112847678363e+06 -1.776093559479729040e+06
-2.058385727979333373e+06 1.468139230957773281e+06 8.897200727668021573e+05
1.072943219050531508e+06 6.920281289259546902e+05 -6.463829316416954389e+05
9.213005253181253793e+05 -6.210351701655526267e+04 -9.557021359181206208e+05
1.087592867357441690e+06 -2.069255770764796063e+06 1.093426607565783663e+06
3.177309287888983265e+06 -4.113955579993470572e+06 1.535323927983308444e+06
-1.390943484650760191e+06 5.758556755696041510e+05 7.752758809639348183e+05
-6.530305309543127660e+05 -1.977903855793567607e+06 -1.381622217106805416e+06
1.110319378399451962e+06 3.792601526724801399e+06 -6.945901235175777692e+05
1.409296181525287684e+06 1.829544459808887215e+06 4.818517044044787996e+06
-1.066360084257749375e+06 -2.703085087052373681e+06 2.111550828420942184e+06
-2.694700117117010057e+06 -2.068269481465750607e+06 2.024813532240918139e+05
2.451963805639298225e+05 -3.552754047731791623e+06 6.653573764520240948e+05
3.135383407084650360e+06 4.123534943716858397e+05 -2.035843446002139011e+06
4.131776003433167003e+06 3.322964543656725436e+06 2.194237916416120424e+05
-2.089479733625447378e+06 2.950417768503276166e+06 1.712141182351458992e+05
-1.158571299861851614e+06 -1.603630610788077815e+06 -9.125028354069273919e+05
1.470985525857800618e+06 -5.368182612571148202e+05 -1.626423150847961195e+06
-9.277623859014949994e+05 3.387624441236966290e+06 -6.023020119079919532e+05
2.383481312277135148e+05 -3.166263925729217473e+06 9.851426451709236717e+05
1.547921249847638421e+06 -1.117092817648338852e+06 3.816155684653359931e+06
3.244545628677313682e+06 2.171706219971875660e+06 -1.027549576606404269e+06
-2.670574583444347605e+06 -3.062934761798573192e+06 -1.153617585477491142e+06
-3.224595776479678228e+06 -2.258595999731704127e+06 3.624738013306816574e+06
-3.033987662090166472e+06 -1.493236225841596490e+06 -9.464515963324005133e+04
2.369802827108711936e+06 3.795550550453579635e+05 -3.028576474425172433e+06
-3.018364356568374205e+06 1.542737461125527974e+06 5.574483291613041656e+05
-1.964110671808256302e+06 -3.169249442186258733e+06 -1.980631814257806865e+06
1.652479250660004793e+06 3.306109310525645502e+06 -4.161655125332955271e+06
-2.125304123060160317e+06 3.014351287464793772e+06 -2.485381756807236001e+06
-2.315714098536928650e+06 -4.243288411603800952e+06 2.388286605947835371e+06
-3.221950492619636469e+06 -2.180485815814301372e+06 -4.103249580725353211e+06
3.943367653726835735e+06 -4.539442787566241808e+06 3.019417661922087427e+06
-8.724177375677959062e+05 2.083837703147730557e+06 -9.926946279652661178e+05
3.552216291852763854e+06 -5.603455684976507910e+06 -2.158128374135854188e+06
-4.471586097025650553e+06 -2.732446773061530548e+05 3.315170302870222833e+06
-1.983416317775248317e+05 -7.019240726401036372e+05 -3.779886649885549210e+06
-1.468857324806866469e+06 -4.309336021645819768e+06 -3.600316023747841245e+05
1.933080362020307803e+05 3.680059469410761725e+06 3.315023465868147090e+06
-2.936578788801462855e+06 3.391594700516150333e+06 -3.288122132282188162e+06
2.930798659133544192e+06 2.299293190735821147e+06 2.023880636459146393e+06
1.275953973695040448e+06 -3.244869978328195401e+06 -3.726808745139577892e+06
1.943015887174374191e+06 -2.169885540260001086e+06 3.417465129195848713e+05
3.862926420471880119e+06 -6.978723964814934880e+04 -2.162467467957959510e+06
1.880049735247550765e+06 3.679984502092232928e+06 1.241126384431700455e+06
3.418132633339810651e+06 3.362840339903769549e+06 -3.239242725911069661e+06
5.958007464295482496e+05 -1.701621843920747982e+06 -4.380709496089694090e+06
-2.866753409888152033e+06 -9.964299384218613850e+05 1.873313254872435471e+06
-3.417215960519356653e+06 -4.425792266096289270e+06 -1.083857371333349030e+06
1.266910581429218641e+06 3.102712613978127018e+06 -2.527489013556667138e+06
-2.037608549813576275e+06 -2.471548765755138360e+06 -3.157580082867394201e+06
2.175535812087678351e+06 8.066388983703216072e+05 -3.049803327002354898e+06
-3.739013119869548362e+06 4.128923291757429950e+06 1.456223371560694883e+06
-3.843919039896933245e+05 -1.326848973865815671e+06 1.767513748368167784e+06
-2.368306407745884266e+06 4.747972699169224128e+06 -4.770128303059043363e+06
-1.956720481691018213e+06 -1.755562980474446085e+05 -3.874629853237656411e+06
3.600530069686384406e+06 1.404646711120158434e+06 -4.922808873376165517e+06
-2.947642443028637208e+06 1.930196664342922391e+06 -1.358798469882090809e+06
-1.267635580381333275e+05 -1.896826031894157873e+06 2.588301328656269703e+06
-6.390593347202999284e+05 -1.792699626925290097e+06 -5.346715990551005118e+06
3.416022571359674912e+06 9.626171377779761096e+05 7.581518735866263742e+05
2.644790869190008380e+05 -4.711050795946708880e+06 -2.881283631731505040e+06
1.126639109577650437e+06 2.717223342918909620e+06 -6.423257624530699104e+05
2.595479162056064233e+06 -3.513002569335739128e+06 -4.811617947188108228e+06
3.140633149125257973e+06 -1.849572026055982104e+06 -1.933160058487259957e+05
1.304859188293824205e+06 -2.179936493699322455e+06 3.686630762119179592e+06
2.438665228857992683e+06 -3.177261811719718971e+05 -4.380298256121996790e+06
-2.772021533720107283e+06 -1.848169722450507106e+06 -3.267483605265618768e+06
4.290908023502261378e+06 3.097926851147920825e+06 5.179868497427031398e+06
7.749702786903947126e+05 -2.779484733396899421e+06 -2.964401508317805827e+06
-1.609236926785257412e+06 1.414915900016058702e+06 2.643994717419792432e+06
2.891653353367855772e+06 3.831573651794034522e+05 4.797401629695795476e+06
2.876784845623988193e+06 -2.998827119753562380e+06 1.586504761701987125e+06
1.720034114943875466e+06 -4.024293313545601908e+06 -1.019756281100769527e+06
3.385966937411406543e+06 -4.619162203667106107e+06 -2.039243839575701393e+06
-1.403826685873323586e+06 -2.220343024066301063e+06 -2.764456150465498678e+06
7.664773816147925099e+05 4.565594672562925145e+06 2.531032398271332029e+06
2.261495073960613459e+06 2.148461046021295715e+02 -5.615336734526322223e+06
-1.251708721076483605e+06 -5.767031704713588580e+06 -6.583112910315352492e+05
5.185087667262851261e+06 -3.051194570752199274e+06 -3.451036646340121049e+06
-3.452526700909306295e+06 2.957618530101333745e+06 9.585283515207051532e+05
-2.777207939205097966e+06 1.273760234210871160e+06 -8.640995533474462572e+05
6.921281629458800890e+05 7.866232586205685220e+04 5.818918526425936725e+05
3.155730074849671219e+05 1.417598209560769843e+06 -2.040599236356474285e+05
6.149409323991511483e+05 -2.965873104313003831e+06 4.128635613148462027e+06
-4.401214234296601266e+06 2.757921222613823600e+06 4.308399098798028193e+06
1.781386807699545054e+06 -8.321844147441231180e+05 1.004877634161067195e+06
4.079239885422759224e+06 2.884447004940492101e+06 1.052491312958085211e+06
2.652189240771681536e+06 -1.917382842865926214e+06 5.794821079244386405e+06
1.551188717876520939e+06 -4.978532782696661539e+06 1.394937490585492924e+06
-3.658710471365914680e+06 4.546457708793437108e+06 1.145678165831898572e+06
-1.573417764315437758e+06 5.427213865057288669e+06 -4.916429317750073038e+06
4.678539900093666278e+06 -4.248040302848557010e+06 -5.891107994801690802e+06
3.746153501459942199e+06 8.104224685433564009e+05 3.323158948576794937e+06
-3.836303257061862852e+06 -4.998060865684664808e+06 4.267668660174920224e+06
-5.300442111083034426e+06 3.469991121601068415e+06 -2.007658251290561864e+06
1.646977093037386192e+06 -4.706057212045415305e+06 -4.604672990388175473e+06
5.865127421600039816e+05 -3.542520421353688464e+06 3.620786968420000281e+06
3.865679572995386086e+06 -3.177497791226294823e+06 2.054209927915593609e+06
-3.953080860674130730e+06 4.243818250702295918e+05 5.167836303763691336e+06
-4.119558064924630802e+06 1.667554164777901955e+06 2.921656102137217298e+06
-6.114632762809784152e+06 1.759304574110194342e+06 -5.096636676392044756e+05
-2.340698278160046320e+06 1.592036594949154416e+06 2.311009521874593105e+06
2.478293930360603146e+06 -2.708148217749678995e+06 7.896793652709133457e+05
-2.493560093883123191e+05 -3.309254956358998083e+06 3.028456288965487620e+05
3.182892988860783167e+06 3.304759046752327122e+06 -2.411527408873958513e+06
-7.091693660273710266e+06 -1.207879800164852524e+06 -4.298397011401684722e+05
1.616707750272841658e+06 -1.352816584199554753e+06 -1.031618015693922178e+06
3.457944478260123171e+06 3.811118491527469829e+06 1.966948039735202910e+06
-3.185931042024798691e+06 -2.897196165895767510e+06 -2.820296024159762077e+06
-2.459571060682559386e+06 9.257717378181505483e+05 -3.186408309307455085e+06
-2.175730541410210077e+06 3.587349076965561137e+06 2.641178553869063500e+06
-7.474287811713471310e+05 8.503766084417293314e+05 3.711295906062600203e+06
-1.328394677154963603e+06 -4.042302319068611600e+06 -4.699839090116415173e+06
1.672159843884960748e+06 3.778717720671670046e+06 8.619910652752512833e+05
-3.793508132094619796e+05 2.454617361681520473e+06 -1.324676569396428298e+06
6.589334461316074245e+06 1.451045764211290050e+06 1.227980780622190287e+04
-4.326235182549719699e+06 -2.046446376391497673e+06 -5.053789696960222907e+06
-3.852441617279129568e+06 -4.085597532181076240e+05 -4.252574023564935662e+06
4.331775328518475406e+06 -2.869695769532507285e+06 4.135297297915341333e+06
-1.407936000325283967e+06 -4.879265228322337382e+06 4.261473967649758793e+06
-2.322184194994999561e+06 5.417833270728050731e+06 -2.816161848025044426e+06
-5.112271882467736490e+06 2.884339509347945917e+06 -3.596602460305723362e+06
4.586985338195046410e+06 -1.864359415055034624e+05 -3.134837414531010203e+06
2.758773077209925745e+06 -2.801612585034805350e+06 4.478429105352706276e+06
-2.969316097115932498e+05 2.059393114309794968e+06 -4.301208741037763655e+06
-2.243354656417072401e+05 -1.952803034651586553e+06 2.031276714489997132e+06
-6.630634617822581902e+06 -3.409339527858122718e+06 -6.816900796699865023e+05
5.337931646968991263e+05 1.260539517222126713e+06 3.399733963204712607e+06
3.879457204633253627e+06 -5.894298243586696917e+05 5.563795125916313380e+06
3.272512344862469006e+06 -2.976548359313756227e+05 5.152736692387622781e+06
-3.774914951008683071e+06 1.813764962714916328e+06 -9.132403859402516857e+06
-3.476197905321538914e+06 2.526279536846868228e+06 -2.108890267276903614e+06
-4.381172117938054726e+06 -4.316113686678087339e+06 6.867261041844342835e+06
-4.158459673522402998e+06 2.009672159154163674e+06 -5.691265826818956994e+06
1.871408367297411896e+06 -4.234714255416005850e+06 1.954186571896195645e+06
-4.185484648420759477e+06 6.653747956367949024e+06 -4.965213045658192597e+06
1.333461084185127867e+06 6.206956020038905554e+06 -6.314041371517007239e+06
3.950628046566009987e+06 -1.222593867153640604e+06 -4.087049623743627686e+06
-6.835851739449471235e+06 4.239465889228134416e+06 -1.647365618333173450e+06
-5.028197085400824435e+06 -7.446556168251814321e+06 -4.214330154771115631e+06
2.509538095784239005e+06 -3.781059000609810464e+06 -2.495581938148611691e+06
-6.370596560220111161e+06 -4.275114469904360361e+06 -2.855102063223302830e+06
2.053533864978416823e+05 -5.463887596823840402e+06 -7.692369027651029173e+05
-2.152584367859421764e+06 -1.321863181886209641e+06 -2.044911753774345620e+06
-6.170138553434720961e+05 2.898531863309230655e+06 -6.174251085288024507e+06
4.246583628380262293e+06 -9.219986123699594289e+06 4.980919415277195163e+06
5.785412283307780512e+06 2.451621096249688882e+06 -4.553176968942491338e+06
-1.613646255816766061e+06 1.147491823948199116e+07 1.090188605561198900e+06
2.203739280443968717e+06 3.022541320349795278e+06 -9.296310768389417790e+05
8.106532757552085444e+06 7.898300747345032170e+06 2.001532551927129272e+06
-2.769085766394961625e+06 2.358633331150747370e+06 6.701841168498300016e+06
5.636227012204711325e+06 1.100493630922885239e+07 -1.316180383066971973e+07
9.543410070459209383e+06 -8.258608062743011862e+06 -1.604867241184249753e+06
8.737195699256036431e+06 -5.390649388815939426e+06 -9.650185829211380333e+06
-2.888354623026351910e+06 9.248075620255753398e+06 8.102817128964623436e+06
1.529325655849627592e+07 1.011746245029684971e+06 2.203632173639963381e+06
-9.228470347876393935e+05 4.490447217360136565e+05 9.429818984278163407e+04
1.407832673338864880e-02 -8.534110504281388482e-03 -9.149886721415794594e-03
4.287240740031652599e-03 6.474335018903275112e-03 -1.633634154542350919e-02
-1.025815809314735687e-03 1.918916240786316951e-02 -1.823142889768392810e-02
-1.528788130262312417e-02 -1.700770725554006171e-02 -1.126546824562163658e-02
1.284234506306764813e-02 5.592195555350185435e-03 2.401251701921683183e-03
-3.238841464319738156e-03 3.084887746771414804e-03 -2.481711205683656898e-02
-2.500108833538357972e-02 1.443785563592555471e-02 2.753725463478042673e-03
4.156677317121226806e+06 -2.563396116121815518e+06 2.389592144874395803e+06
1.294871583208222175e+06 -4.781433643657601438e+06 -4.025308171964934561e+06
3.582152395740892738e+06 -1.045827742289052549e+05 3.088744897018910386e+06
-3.553002255867031869e+06 -1.880124658420171589e+06 -1.350334165957915247e+05
-8.789825153073995607e+05 6.758397108357341029e+06 -1.801851846586866537e+06
9.684786200340840733e+05 1.275571316567406990e+06 1.739049553005225316e+05
-2.338818409235396888e+06 -1.553657998689283384e+06 -3.021501011215380393e+06
-3.014503843380895443e+06 -5.698496117432406172e+05 -3.903780460081207566e+05
-6.219812606200203300e+06 -4.932002526574853808e+06 2.676708670711600687e+06
-4.449607949915276840e+06 -2.416577731349369045e+06 -2.666411768183656968e+06
-1.428908060163871851e+06 1.673282333641241072e+06 -1.785739792614563135e+06
-1.209168273084854940e+06 -3.103498073964093812e+06 -1.847538498992423760e+06
1.814673145865543513e+06 2.563648632303757593e+06 -3.255320545600196056e+04
-5.164875435754273203e+05 -4.345694297874119948e+05 -5.816734247176724020e+05
-4.125409521505810786e+06 1.942667228846961400e+06 -2.442535768643002026e+06
1.318240171336280880e+06 3.835757136777192820e+06 -3.175177808569515124e+06
-2.731092197209909093e+06 -1.346412576747880084e+06 2.690433844217021484e+06
-2.099850915647365036e+05 1.229569694173533004e+06 -3.440185087805340998e+06
1.699325585487042787e+06 8.354514161472397391e+05 -4.397188737189838430e+05
-2.358104960110666420e-02 7.979913208157413118e-03 8.980955463138732761e-03
-1.947919204117157937e-02 -2.910271807542883123e-03 -3.964653432571157120e-03
8.839244323076192109e-03 -2.372001157552370339e-03 -1.826092976811010196e-02
-1.565554243942046328e-02 -3.602043321116252163e-03 -1.478193751932286096e-02
2.775202153433940373e+06 -1.018244082480727811e+06 -3.173875711877193302e+06
4.864448652177394368e+06 2.304844168114649598e+06 2.844085310436928645e+06
-2.758303423215046991e+06 -1.781782044474119321e+05 -8.937642380800629035e+05
3.272041622463383246e+06 3.175774358817065135e+06 5.801244757584470790e+05
-3.210501323892594315e+06 -8.763640005910854088e+05 -1.569247876440692926e+05
3.221291982737961691e+06 2.686827799857880455e+06 -3.021926769991262816e+06
-9.286961196996438084e+05 3.118421805609423202e+06 1.203923593642798951e+06
-1.718167494991855929e+06 -1.774143747076748870e+06 1.523357247392761521e+06
-1.700785867460719775e+06 3.869826002076636069e+06 3.914336795889879111e+06
-4.127217893715807237e+06 3.821181380741017871e+06 4.307460418435642496e+05
-1.535894058286628919e+06 3.049224093242023606e+06 3.184885212077548727e+06
2.094294038099480676e+05 2.369943165414906398e+05 3.769378459143026266e+06
-5.151372898298736662e+06 4.941062441013298230e+05 -4.862041307331307791e+06
-9.460283953299513087e+04 3.849489183714509010e+06 -1.046310566588745103e+06
4.218775101918729488e+05 1.627271958121763077e+06 -6.238920025727583561e+05
-3.514101026922735386e+06 -1.489932450950383442e+06 -5.569672428135375492e+06
-1.793895862464069389e+06 -4.066992866461861879e+06 3.878905383519034833e+06
3.361705764351418708e+06 -3.378306132662726450e+05 3.976688492292102892e+06
-3.930240723992289277e+05 -1.415383144198755734e+06 2.870806983582857065e+06
2.818263383527932689e+06 2.729128371256298386e+06 -3.445294993478063960e+06
-2.599084049533772632e+05 -4.309290197859357111e+06 3.877686300368563971e+05
6.456619915068473201e+05 1.015478717355995206e+06 -3.800054554361842573e+06
-2.390492851131066680e+06 1.649327566900840262e+06 -3.503147891428138595e+06
-3.227618171600320376e+06 -2.207703146288039628e+06 4.182389054638308007e+06
-2.466539717171730474e+06 -4.332324224717571400e+06 1.977996063959417399e+06
-6.141264648145001847e+05 1.449118177320476156e+06 3.313958864723048639e+06
-2.899144969552809373e+06 -3.939594097666538320e+06 2.965291475353732705e+06
-2.419394588431551587e+06 -2.750235897544108797e+06 2.082905315282019088e+06
-3.095998213067458477e+06 -9.533884151091219392e+05 -3.722413739085370908e+05
-1.534486613418750232e+06 -1.558048703282713657e+06 -1.031047076118966215e+06
-2.801445891470573377e+06 1.381606704294881085e+06 -5.333462292588468641e+06
-1.689019024811200565e+06 3.434667550748846494e+06 2.148472173649135511e+06
4.035168047031724360e+06 4.883864088131777942e+06 6.034223363466966111e+04
-1.154517177583350567e+06 1.828140660436068662e+06 -1.146367150985481683e+06
-6.600455390075930627e+05 3.124266276915129740e+06 4.832381545013859868e+05
-4.881998545528816059e+06 1.706940923970435688e+05 3.726767501669118181e+06
2.824356643991245655e+05 -6.075233127609041519e+06 -3.773125445210314356e+06
3.353046367951165303e+05 6.050759877182737691e+05 1.722477889691390446e+05
-2.567678059107642621e+06 7.398447559308134951e+05 1.417057615779878339e+06
1.655397209111344768e+06 1.583236357034415239e+06 2.592997627600611653e+06
-1.551090329261351377e+06 -4.169300560823139269e+06 -2.031522669021636946e+06
7.039238251664134441e+05 1.962422617940606782e+06 -4.428995434396492317e+06
4.250486163118092343e+06 3.161735826299600740e+04 4.721217984182319604e+06
-3.477701127996018156e+06 8.723165019638980739e+05 -2.421850045177833454e+04
-3.313821391033273656e+06 3.535223728418633254e+04 6.386139786711938214e+05
-5.635533788101553917e+06 -5.625162825279376470e+06 4.085777369915110525e+06
1.066701960729327286e+06 1.690613777088374598e+06 3.995809038098108955e+06
-3.395030367598562501e+06 -2.418719647561638150e+06 -3.313951317703856621e+06
6.048769453622833826e+05 3.467816137497320771e+06 -2.104354126520016231e+06
-2.976003602329046465e+06 4.701493134224635549e+06 3.102927129936889280e+06
-1.871640555926435161e+06 -5.228631750308273360e+06 6.751647901610562578e+06
2.619427857951113023e+06 2.668692339303083718e+06 -5.052858814614700153e+06
2.620078568655064330e+06 -6.689196223602798767e+06 1.357001786828049226e+06
4.102356085968951229e+06 -4.484165337314936332e+06 1.266101683012856636e+06
2.283749061439776793e+06 -8.640369060276694363e+05 -3.271644534077312797e+06
-3.979973533797137905e+06 -6.438286733186620288e+06 2.312549701773986220e+06
-2.912795130133426748e+06 -8.501771149536696030e+05 -5.261628017136636190e+06
7.543426720849859528e+06 -5.119907257744004019e+05 -1.987428436602460686e+06
1.446996707970986608e+06 7.423021893799648620e+06 2.598678741024608025e+05
-4.150675577465674840e+06 2.736929163964919746e+06 2.736607643252364825e+06
-6.822648977186798118e+06 -4.613716767906185705e+05 5.632911926578269340e+06
-3.153412843750245403e+06 8.710979900809974642e+05 -3.001544211272517219e+06
5.549740548174780793e+06 6.046842961057743058e+06 -2.471033863198648673e+06
6.430811292109681293e+06 -8.585265029636597028e+05 -1.860182007776048500e+06
2.881830835649129585e+05 -9.755991933177491883e+05 5.064864083613699302e+06
-4.665601672887974419e+06 9.412563944664343726e+05 2.788226620642459951e+06
2.468821068452708423e+06 -2.150054624293223489e+06 -4.002031341031858698e+06
2.970750349078526720e+06 4.448771633049215190e+06 4.712564014674085192e+06
-8.643065538233077154e+06 7.558135035191386007e+06 -3.212600741470144596e+06
4.012756023267062381e+06 5.774774726076941006e+06 5.048530609880944714e+06
8.115900575360125862e+06 -4.757863323649005033e+06 -1.448783025437057717e+06
7.068872765820056200e+06 3.569492695411482360e+06 9.470821131403181702e+06
2.172102086208400317e+06 -2.039813904464178253e+06 -4.063178548817366362e+06
1.094112420886554196e+07 1.538492216533332597e+06 -3.747859054440130014e+06
-5.271504873311552219e+06 -7.298364624777409248e+06 -6.661526973757784814e+06
5.234912355321160518e+06 -2.047422762115377933e+06 -3.348884170173017308e+06
-1.507698970969918882e+06 -5.534930462038349360e+06 -6.955578012777416967e+06
5.959984769497294910e+06 6.102402572936519980e+06 -8.052293002182512544e+06
3.587785023057553452e+06 -1.654680693353035487e+06 2.838627825836159289e+06
-2.479082712205430144e+05 -6.121206677254725037e+03 -8.887833854729231680e+05
-2.283028477497956246e-02 8.576616064094664052e-03 -2.121606776571176647e-02
-8.488623092466125730e-03 -1.121783208027871126e-02 1.232669189989198631e-02
1.058681082354489926e-02 4.258117219965523725e-03 1.212057047397674045e-02
-2.533949429306359309e-03 4.725221245164164079e-03 -2.262264635748189798e-02
-1.614576640919469439e-02 -1.829026179228285948e-02 3.551817811131485411e-03
-7.475582581376240265e-03 2.272088339507467858e-02 -3.216536472057609022e-03
-1.049438692175642257e-02 1.256046525685904081e-02 1.223043047550516869e-02
-1.261106443331187592e-02 2.222679953943070691e-02 -7.286716808012817619e-03
7.286900323523388244e+06 -1.017660408680589404e+06 4.306627279389907606e+06
4.520968124804412946e+06 3.700552966014404316e+06 -5.832127169983603992e+06
-6.090195244178960100e+06 6.180147538285369985e+06 5.884991397149898112e+06
1.365212739728469634e+06 5.128464849954229780e+06 7.468623384245241061e+06
8.526818406618995592e+06 -5.306877624820749275e+06 -7.806963291380784474e+06
-1.595266167680658400e+06 -6.440453720171678811e+06 -5.435270027103608474e+06
-2.283119846971767955e+06 5.354857949308525771e+06 -3.935229941462602466e+06
1.474581728141749743e+06 -9.984177203964272514e+06 -7.783735193604314700e+06
-6.898927671648524702e+06 -3.314748708823580295e+06 4.521077090662634932e+06
6.435975129852958955e+06 5.293725316943767481e+06 6.690726230925983749e+06
1.027498573703757674e+07 2.002800969262165017e+06 -9.414866135332800448e+06
-1.795280281205430801e+05 8.035052422421290539e+06 -4.724565772575833835e+06
3.833697245344956871e+06 -7.275778537954214029e+06 -3.429675625429490115e+06
2.984590659487030469e+06 -5.196581977167900652e+06 2.909114766574710142e+06
-9.737274259682280943e+06 1.336614627973589348e+06 6.364274636221829802e+06
6.316677457776453346e+06 1.286451535539753502e+06 3.490702258067976683e+06
1.476913153885436011e+06 -7.596963587879663333e+06 1.229062119183884934e+06
1.330422431727597723e+06 2.436413254420906771e+06 1.284238304075189662e+05
1.172452721196806990e+06 -4.927966631598079577e+06 3.700828789935753681e+06
-7.499900889772265218e+06 -3.060603159878482693e+05 -1.133520243306549964e+06
3.141669358016988728e+06 3.341253309200279415e+06 -5.715086982826361433e+06
-8.408273458021644503e+06 2.479075733835440129e+06 -2.640008720492866822e+06
6.138586640030127019e+06 2.670717745356243686e+05 -4.982782233049485832e+06
-6.481426909099728800e+06 4.755398549637681805e+06 2.440998265874429140e+06
-7.090778205126044340e+06 -1.029803966121490812e+06 -4.186461106927643064e+06
-2.513633984489614377e+05 -2.430321999435435049e+06 9.782889810200650245e+06
2.662613691158630885e+06 4.695740317278521135e+06 1.379140248572148848e+06
-4.912616486359271221e+06 3.429698765809986275e+06 4.933610523120900616e+06
-4.873478979151676409e+06 2.112143252366190791e+04 1.641999723333954578e+06
3.193236071153824218e+06 -2.679157395680276211e+06 2.178488672773899045e+06
2.150908480015284382e+06 -3.531505651340382639e+06 1.525117415372231742e+06
-2.557567922349710949e+06 -1.215564792921461631e+06 -3.615391006479639560e+06
1.995960398461952340e+06 -5.991628946970434859e+06 1.603965064411536092e+06
1.654915230226554442e+06 3.872303121503178962e+06 -1.324067204390983563e+06
-5.859634254959118553e+05 -1.544470622633049730e+06 -1.781442178365913220e+06
-4.841092515678646741e+05 3.750156917543338612e+06 8.199992815556636779e+05
-5.498500775428846478e+06 2.433934618189805653e+06 -5.274626496404890204e+05
-2.555498777956350241e+06 -3.426220125460019801e+06 -1.814159878519838443e+06
-1.804365090620727744e+06 -1.330289308728442760e+06 8.826445861064674100e+05
5.247516265874513425e+06 -1.201462815688542556e+06 -4.964868336149593815e+06
-3.720149848058141302e+06 4.374020422093437053e+06 -5.241561765820874833e+06
-2.274363780905405059e+06 4.393863391942785122e+06 -3.955485405647781678e+06
-2.430632365489499178e+06 2.482320412310709711e+06 3.504117124899706687e+05
-3.147435259660116397e+06 -5.681018878509695787e+04 -2.915046499090908561e+06
-6.614163268026910722e+06 1.257500656546839600e+05 1.551241877899698215e+06
-5.061906557823867537e+06 -5.002895073540353216e+06 4.834341039414548315e+06
-1.150147907652109279e+05 2.246524765915945638e+06 3.358083465116319712e+06
2.054859314004950225e+06 -2.937903489536309149e+06 3.750052788234413601e+06
-5.609007715763230808e+05 2.932035956023937557e+06 3.021753449526840821e+06
4.891661917717821198e+05 -5.199162722724579275e+06 -4.824178932677527890e+06
1.704248301173670334e+05 -3.648073468405916356e+06 -3.089507818666712847e+06
-2.367706437182536814e+06 2.965512654996165540e+06 -1.903865127540184883e+06
6.466714393088725628e+05 1.305169840658291243e+06 -3.206915864976658951e+06
-1.629313517333341297e+06 4.344755797451533377e+06 -1.053518711769366637e+06
1.411197690880854614e+06 -1.900830069180490973e+05 3.329943875671052840e+06
-3.626595574358657002e+06 1.967602508305668831e+06 2.755846112624465954e+06
8.539905745543579105e+05 -2.058838876700320980e+06 2.387803780344435014e+06
1.143499444242719794e+06 -1.010712990513551049e+06 -5.046477309623022564e+06
1.003453511054558214e+06 4.444847012064676732e+06 4.250352331212340854e+06
3.531631483363277745e+06 -3.025932038980540354e+06 -1.850154452160935383e+06
4.649250829779542051e+06 6.050772750924588181e+05 3.588976938750845846e+06
1.998167349542121403e+06 -2.514740989358832594e+06 3.516091347335805767e+05
3.413350483071343973e+06 1.510413208424825221e+06 1.071727553100866964e+06
-4.880517151158491150e+06 2.053776806030751613e+05 -4.564677409589555464e+05
2.400331095364504959e+06 -2.178618251667505130e+06 1.855607676492359955e+06
1.928890998115390306e+06 -2.458740247885120101e+06 -3.898173857095438289e+05
6.453773104297204409e+05 2.379181400939183310e+06 -3.017374275413126219e+06
3.481146736243396997e+06 -7.023248884114281973e+05 -1.000604458172432496e+06
1.144012262106486596e+06 2.862038594188156538e+06 1.993091357899620431e+06
-2.441568034129796550e+06 -1.256460464123036014e+06 1.380078006303419592e+06
8.122815712087838911e+05 -3.113015638641415630e+06 -1.893073402548252605e+06
3.730478529050881974e+06 -2.360200397295219009e+05 -2.637748502302874113e+05
-2.433557021744906902e+06 -1.012053160290490137e+06 -3.121979568859480787e+06
2.816809196773448959e+06 -1.985701256476290990e+06 3.676941335832878016e+06
1.289422584633428138e+06 4.878522344438946457e+05 2.115711446876883972e+06
4.714233330350086093e+06 2.584584952647946775e+05 -3.074220916499230661e+05
1.168768018899198156e+06 -3.662060484391881153e+06 2.852295207476009382e+05
-1.685993667291657039e+04 -4.897150321284009144e+06 3.332281829228299204e+06
-1.415093032471338985e+06 4.581832614953627810e+06 -4.250260168567033252e+05
3.573841068612881470e+06 -2.791038986257432960e+06 -1.446261603281449992e+06
2.553475617388497572e+06 -2.084457253800662933e+06 3.004473436753025744e+06
1.035984864479804673e+05 -1.492857456527311122e+06 -4.141039749607115518e+05
3.418920017248970922e+06 1.191434804104570532e+06 4.590678739562515402e+05
2.667303304212402552e+06 -1.976312080512274755e+06 -6.155114548051196471e+04
4.215014508826300880e+04 -6.748297501030894928e+05 3.298013394119612407e+06
-1.715016653332494316e+05 -4.922879988248540089e+06 2.750332680321502499e+06
1.937148461510542314e+06 2.428912281725531502e+05 9.897856051638342906e+05
-1.081709733296939172e+06 4.137570509297528304e+06 9.550439169508308405e+05
-5.273346336489761015e+05 -1.626589810266989050e+06 4.243375222481388599e+06
-2.857447274080840871e+06 -9.456424105426527094e+05 1.945484908561562770e+04
2.879162243258653674e+06 3.793693825026997365e+05 -7.057263221721603768e+05
-3.240051977656999137e+06 -2.311188795104939491e+06 -2.578262044150589034e+06
-1.758883126967997290e+06 -2.280458623642144259e+06 5.846270255043482408e+06
3.534434470238910057e+06 -2.838083124674265273e+06 -1.436761725587147288e+06
-7.005284645616683410e+05 -1.608266372324988479e+05 4.805932181244825944e+06
2.119148909885057714e+06 1.315453376067804929e+05 1.340573668448191369e+06
3.258506681060015690e+06 2.046966996802548412e+06 -3.123637330907742027e+06
-1.572475735926461406e+06 -5.894765322404905455e+05 3.760676661423771176e+06
2.258376490047630388e+06 -1.503885241366388975e+06 3.870484013741403818e+06
-1.384033285500744358e+06 -1.276198011632271373e+05 2.328978082658288069e+06
-4.371281197626007488e+05 3.662831253915459383e+06 3.396623290600847919e+06
1.177283685729640769e+06 4.140240674549094401e+05 -5.469574697166627739e+05
3.019647630734786857e+06 7.517337691560338135e+04 3.218879566734339576e+06
-3.011082473365145270e+05 -6.936612039250266971e+05 2.048397973490086617e+06
-3.096195857411244884e+06 5.148478765069402871e+05 -3.520417380089262035e+06
1.131016255220743828e+06 1.392975759238060564e+06 2.011488236427599797e+06
2.907054462396026123e+06 8.157082217035100330e+05 -7.851259629168048268e+05
-2.773830674081160687e+06 1.146858700328963809e+06 3.416982048983246204e+05
-2.537836592404888943e+06 -9.943386977716872934e+04 -1.138280126976633444e+06
-1.872478881935684243e+06 1.661308273117532022e+06 -6.144319173681116663e+05
-2.973789615822685417e+06 -4.278840151216411614e+05 1.950199966895428719e+06
-2.760856572094751522e+06 9.191031080865701661e+05 2.755622404834203888e+06
-2.435199411045300309e+06 2.096229521957667544e+06 -2.341603248513878323e+06
3.274758034636352211e+06 2.919388302769917529e+06 -6.349500054455444915e+05
2.872968518238061573e+06 1.466947209725947818e+06 5.378915357689292250e+03
2.206689220464473183e+05 -8.990353569530171808e+05 -2.008404245713363343e+05
-3.067413781542139128e+06 1.415030034047442488e+06 -1.138268475503632071e+05
4.743719037428300828e+06 -5.971736675312628504e+05 3.026089232829210814e+06
-2.572132239693912212e+06 -2.089434960305479821e+06 -2.729100918136652093e+06
4.128785679315708112e+06 -1.547524190971456002e+06 -5.392287987158528995e+05
-1.545736486618719355e+05 1.051647601257249946e+06 -2.048044762359793298e+06
-4.680231640372608788e+06 3.981303058028258383e+06 3.833543260182825848e+06
-2.680803125327432062e+06 -1.897158860404044623e+06 3.332571878055720590e+06
-2.849841027892662678e+06 -2.799630026378040668e+06 -4.620268387537422590e+06
-2.263380485695817508e+06 2.430496521534912608e+04 -1.007193000375885516e+06
-2.410207973368271720e+06 -2.328400741817441769e+06 -1.477745481974974391e+05
-2.501870370298744179e+06 -2.025877999566119630e+06 -3.682879850890917704e+06
1.477485503044947982e+06 2.100829679171810392e+06 1.119445860038586427e+06
3.495469144111247733e+06 -3.106584962021832820e+06 -1.296707951597124105e+06
-1.047521095907354611e+06 -3.117402414919305593e+05 -1.259555488952412503e+06
-1.523028993535673926e-02 1.495394327450699605e-02 1.620776557382051439e-02
-1.819591543228920444e-02 2.059310747868607280e-02 1.989893443840589781e-04
