-4.117723200000000000e+07 -6.945183360000000000e+08 -4.782123840000000000e+08
-4.117723200000000000e+07 -6.945183360000000000e+08 -4.782123840000000000e+08
-4.117723200000000000e+07 -6.945183360000000000e+08 -4.782123840000000000e+08
-4.117723200000000000e+07 -6.945183360000000000e+08 -4.782123840000000000e+08
-4.117723200000000000e+07 -6.945183360000000000e+08 -4.782123840000000000e+08
-4.701029760000000000e+08 1.324723712000000000e+09 -2.584126080000000000e+08
-4.044739840000000000e+08 1.334770560000000000e+09 -3.054439680000000000e+08
-3.971820480000000000e+08 1.311410688000000000e+09 -2.840946880000000000e+08
-4.387132480000000000e+08 2.082640768000000000e+09 -2.849111680000000000e+08
-7.462855680000000000e+08 1.656333952000000000e+09 -2.246939680000000000e+08
-7.161329280000000000e+08 6.239799680000000000e+08 -1.688548640000000000e+08
-5.002611520000000000e+08 4.463732800000000000e+08 -2.669426720000000000e+08
-5.864194560000000000e+08 5.469740800000000000e+08 -2.276420960000000000e+08
-5.869272960000000000e+08 5.256810240000000000e+08 -2.399520640000000000e+08
-5.548460800000000000e+08 4.507642560000000000e+08 -2.933473280000000000e+08
-6.661920000000000000e+08 4.285417280000000000e+08 -1.874082240000000000e+08
-7.361027200000000000e+08 5.157340480000000000e+08 -1.297268560000000000e+08
-7.227854720000000000e+08 2.889337280000000000e+08 -8.961897600000000000e+07
-7.309846400000000000e+08 4.700904000000000000e+08 -1.206664240000000000e+08
-5.606398080000000000e+08 3.055075200000000000e+08 -2.662732800000000000e+08
-6.505633920000000000e+08 3.588409920000000000e+08 -1.819154240000000000e+08
-5.502279680000000000e+08 3.141347200000000000e+08 -2.064475200000000000e+08
-6.493916800000000000e+08 2.772255040000000000e+08 -1.034127200000000000e+08
-7.391808640000000000e+08 2.286443520000000000e+08 -1.125162960000000000e+08
-6.163480320000000000e+08 2.450769280000000000e+08 -2.045797280000000000e+08
-4.926800000000000000e+08 1.547800160000000000e+08 -2.462356800000000000e+08
-4.543345920000000000e+08 7.359840000000000000e+07 -2.424931520000000000e+08
-5.056667520000000000e+08 2.910666240000000000e+08 -1.527718560000000000e+08
-4.678788800000000000e+08 1.573133280000000000e+08 -2.115177440000000000e+08
-1.712996000000000000e+08 -1.277781440000000000e+08 -3.639932160000000000e+08
-3.077345280000000000e+08 -6.942423200000000000e+07 -3.199658240000000000e+08
-5.070689920000000000e+08 7.562364000000000000e+07 -1.878304960000000000e+08
-5.812274560000000000e+08 1.948875520000000000e+08 -3.169592400000000000e+07
-6.222147840000000000e+08 2.971865920000000000e+08 -8.763873600000000000e+07
-6.701176960000000000e+08 1.006480240000000000e+08 -4.456736400000000000e+07
-7.311144320000000000e+08 1.612081760000000000e+08 -3.622978800000000000e+07
-5.211048000000000000e+08 2.246064320000000000e+08 -1.220435840000000000e+08
-5.925376640000000000e+08 1.509087840000000000e+08 -7.215761600000000000e+07
-6.980502400000000000e+08 1.765021600000000000e+08 -2.056810800000000000e+07
-7.016677120000000000e+08 3.060560320000000000e+08 5.053161600000000000e+07
-6.487010560000000000e+08 7.045539200000000000e+07 -4.289964800000000000e+07
-6.443263360000000000e+08 7.411812800000000000e+07 2.903458200000000000e+07
-5.810224000000000000e+08 1.474678400000000000e+08 3.274002800000000000e+07
-6.480417920000000000e+08 1.140275760000000000e+08 -6.182408800000000000e+07
-5.147158720000000000e+08 1.991162880000000000e+08 -1.599413760000000000e+08
-6.673553920000000000e+08 3.280117760000000000e+08 -8.423608800000000000e+07
-5.866114560000000000e+08 9.056925600000000000e+07 1.731170400000000000e+07
-6.753625600000000000e+08 3.398139200000000000e+07 7.865990400000000000e+07
-4.590096000000000000e+08 -5.906019600000000000e+07 -9.375289600000000000e+07
-6.956071040000000000e+08 1.992335040000000000e+08 8.524517600000000000e+07
-7.149291520000000000e+08 2.446232800000000000e+08 7.801558400000000000e+07
-4.587941120000000000e+08 -2.397824600000000000e+07 -1.269545040000000000e+08
-6.153936000000000000e+08 7.000710400000000000e+07 -1.068559750000000000e+06
-6.264793600000000000e+08 3.076509760000000000e+08 1.549961600000000000e+07
-5.815708800000000000e+08 7.076972800000000000e+07 -9.535999000000000000e+06
-4.730131200000000000e+08 3.959698400000000000e+07 -4.659688500000000000e+06
-7.818450560000000000e+08 3.025749760000000000e+08 2.127930400000000000e+08
-5.549399680000000000e+08 -5.426538000000000000e+06 3.743410000000000000e+07
-4.714406400000000000e+08 2.569170000000000000e+07 -5.965052000000000000e+07
-6.960683200000000000e+07 -4.204466560000000000e+08 -4.173676160000000000e+08
-7.336149120000000000e+08 1.077101520000000000e+08 2.524136320000000000e+08
-5.945867520000000000e+08 1.689093120000000000e+08 2.030995040000000000e+08
-5.341766720000000000e+08 1.278765440000000000e+08 1.364871840000000000e+08
-4.963216960000000000e+08 1.443721800000000000e+07 6.216436500000000000e+06
-5.699887360000000000e+08 2.752131800000000000e+07 1.078322160000000000e+08
-6.140853120000000000e+08 4.847545600000000000e+07 1.319024400000000000e+08
-4.107589440000000000e+08 -1.771888480000000000e+08 -6.211100400000000000e+07
-5.502949120000000000e+08 9.050072800000000000e+07 1.304640160000000000e+08
-7.999491840000000000e+08 2.041456160000000000e+08 3.689831680000000000e+08
-5.947343360000000000e+08 3.308030600000000000e+07 1.889669600000000000e+08
-7.100813440000000000e+08 2.828175040000000000e+08 2.394965760000000000e+08
-5.354443520000000000e+08 9.148910400000000000e+07 7.622117600000000000e+07
-4.766586560000000000e+08 -5.599258400000000000e+07 6.828009600000000000e+07
-6.840342400000000000e+08 3.206853760000000000e+08 4.538002240000000000e+08
-5.938144640000000000e+08 -1.670091200000000000e+07 2.937904000000000000e+08
-4.290153600000000000e+08 -5.598477600000000000e+07 -7.595001600000000000e+07
-7.178561920000000000e+08 4.907836400000000000e+07 1.266498960000000000e+08
-6.474868480000000000e+08 2.024018400000000000e+08 1.227431040000000000e+08
-5.259011840000000000e+08 7.947508800000000000e+07 3.942185600000000000e+07
-5.022267200000000000e+08 -4.354049200000000000e+07 1.721829760000000000e+08
-4.510588160000000000e+08 7.213948000000000000e+07 1.332594880000000000e+08
-4.385663680000000000e+08 5.413479600000000000e+07 1.745874720000000000e+08
-5.478764800000000000e+08 -3.781788400000000000e+07 2.956726400000000000e+08
-4.711388800000000000e+08 3.424446250000000000e+06 2.351834400000000000e+07
-3.265772800000000000e+08 -1.747633000000000000e+07 -7.252269600000000000e+07
-6.190812160000000000e+08 1.806770080000000000e+08 2.171276480000000000e+08
-2.989103680000000000e+08 -9.546031200000000000e+07 -7.211347200000000000e+07
-5.956821760000000000e+08 -4.056728000000000000e+07 2.170260000000000000e+08
-2.287147200000000000e+08 -1.118487360000000000e+08 -1.791842240000000000e+08
-5.999113600000000000e+08 -3.038867200000000000e+07 3.401142400000000000e+08
-5.643444480000000000e+08 -7.108435200000000000e+07 1.743525120000000000e+08
-5.202032640000000000e+08 1.058511300000000000e+07 3.172279200000000000e+07
-5.951897600000000000e+08 1.990130080000000000e+08 8.748981600000000000e+07
-4.745571200000000000e+08 5.398957600000000000e+07 9.467796000000000000e+07
-3.914427840000000000e+08 -1.236513120000000000e+08 4.841850800000000000e+07
-3.983815360000000000e+08 -5.522365722656250000e+03 -2.361267000000000000e+07
-4.247490880000000000e+08 1.186341280000000000e+08 2.378076160000000000e+08
-4.099620160000000000e+08 -1.589134200000000000e+07 1.176746160000000000e+08
-6.553484800000000000e+08 8.521078400000000000e+07 2.696660800000000000e+08
-2.127664160000000000e+08 -8.770018400000000000e+07 -1.392886880000000000e+08
-3.875340480000000000e+08 3.302957500000000000e+05 -8.459155200000000000e+07
-4.504171200000000000e+08 2.452433440000000000e+08 1.024967840000000000e+08
-3.552916160000000000e+08 -7.155782400000000000e+07 4.562592400000000000e+07
-4.085906880000000000e+08 -8.311314400000000000e+07 2.598740480000000000e+08
-6.082746880000000000e+08 2.741835000000000000e+07 3.915764800000000000e+08
-3.976293760000000000e+08 3.235230400000000000e+07 1.286450320000000000e+08
-6.355518080000000000e+08 3.893003200000000000e+08 1.878520800000000000e+08
-5.110954240000000000e+08 6.527315200000000000e+07 2.396565920000000000e+08
-5.311592000000000000e+08 7.697176800000000000e+07 8.556615200000000000e+07
-4.969282560000000000e+08 1.363520640000000000e+08 3.858485440000000000e+08
-3.989800000000000000e+08 -1.618194400000000000e+08 1.218400240000000000e+08
-4.838919680000000000e+08 3.025475600000000000e+07 1.191867440000000000e+08
-5.725278080000000000e+08 8.547280800000000000e+07 1.953420160000000000e+08
-5.219493120000000000e+08 1.491290560000000000e+08 3.386090240000000000e+08
-5.166303360000000000e+08 2.778119800000000000e+07 2.120772800000000000e+08
-3.340769600000000000e+08 2.185425000000000000e+07 -9.208506000000000000e+06
-4.944317760000000000e+08 -1.418994880000000000e+08 3.370913600000000000e+08
-9.829569600000000000e+07 -3.790445120000000000e+08 -3.352237440000000000e+08
-4.080878720000000000e+08 -1.533986880000000000e+08 3.258466880000000000e+08
-3.717720320000000000e+08 -6.201493200000000000e+07 4.897604400000000000e+07
-5.397876480000000000e+08 2.897653600000000000e+07 2.409707200000000000e+08
-3.779996160000000000e+08 -1.101439520000000000e+08 2.402931840000000000e+08
-4.775427520000000000e+08 -1.413795040000000000e+08 1.498177440000000000e+08
-4.411518720000000000e+08 -5.528671600000000000e+07 1.648183520000000000e+08
-7.324690560000000000e+08 1.498069600000000000e+08 6.950852480000000000e+08
-3.644554880000000000e+08 -1.454127200000000000e+08 1.912178560000000000e+08
-3.205349120000000000e+08 -1.684861280000000000e+08 7.905541600000000000e+07
-2.705624320000000000e+08 -1.664763200000000000e+08 -1.333375600000000000e+07
-5.225436480000000000e+08 2.259733750000000000e+06 3.419622720000000000e+08
-3.866420160000000000e+08 -1.578803520000000000e+08 1.035566720000000000e+08
-5.566294400000000000e+08 1.154987200000000000e+08 2.020994720000000000e+08
-4.264799360000000000e+08 2.361847812500000000e+05 2.613221600000000000e+08
-3.531686080000000000e+08 2.946133600000000000e+07 3.601741760000000000e+08
-5.312760960000000000e+08 4.040732400000000000e+07 2.921323520000000000e+08
-2.780132480000000000e+08 -1.037842240000000000e+08 5.631996000000000000e+07
-3.802473600000000000e+08 -1.645078560000000000e+08 1.030299040000000000e+08
-3.784887360000000000e+08 -8.680929600000000000e+07 3.664769920000000000e+08
-3.266989440000000000e+08 7.175106400000000000e+07 1.157260720000000000e+08
-2.510987200000000000e+08 -1.265005360000000000e+08 -1.683411600000000000e+07
-3.957635840000000000e+08 -2.377241200000000000e+07 7.199818240000000000e+08
-5.577561600000000000e+08 9.335433600000000000e+07 5.201297280000000000e+08
-3.395537920000000000e+08 -3.126215200000000000e+07 2.481463520000000000e+08
-4.608195200000000000e+08 -2.020081920000000000e+08 2.005493920000000000e+08
-2.724176320000000000e+08 -2.003975200000000000e+08 8.578587200000000000e+07
-3.286416960000000000e+08 -1.511699360000000000e+08 1.351039200000000000e+08
-5.230283200000000000e+08 -4.309326800000000000e+07 3.866919040000000000e+08
-2.377356000000000000e+08 -1.206969120000000000e+08 -1.399813200000000000e+07
-3.377093440000000000e+08 -2.414172960000000000e+08 2.266136800000000000e+08
-3.834596160000000000e+08 -1.526718240000000000e+08 4.107738560000000000e+08
-3.739653440000000000e+08 -1.086708480000000000e+08 5.528594800000000000e+07
-2.336897760000000000e+08 -1.806258720000000000e+08 -3.771229600000000000e+07
-5.081949120000000000e+08 -5.706170400000000000e+07 4.921338240000000000e+08
-3.210774720000000000e+08 -5.000750800000000000e+07 2.681046720000000000e+08
-4.302507200000000000e+08 -1.196987840000000000e+08 1.603734240000000000e+08
-5.800834560000000000e+08 -5.416982000000000000e+07 4.171004160000000000e+08
-3.350168000000000000e+08 2.110216600000000000e+07 1.949400960000000000e+08
-1.364985760000000000e+08 -1.932321920000000000e+08 -2.241441440000000000e+08
-4.129765760000000000e+08 -3.244320800000000000e+07 3.562139200000000000e+08
-1.845085440000000000e+08 -9.879532800000000000e+07 -3.924881200000000000e+07
-2.952128000000000000e+08 -1.399392800000000000e+08 1.592801440000000000e+08
-3.221155840000000000e+08 -9.782992000000000000e+07 2.059057760000000000e+08
-5.346646080000000000e+08 1.129355280000000000e+08 3.375835200000000000e+08
-4.192447040000000000e+08 1.691924400000000000e+07 3.276845120000000000e+08
-3.756339840000000000e+08 8.089882500000000000e+06 3.771402240000000000e+08
-4.387662080000000000e+08 4.093810250000000000e+06 3.058009280000000000e+08
-2.314526880000000000e+08 6.243590500000000000e+06 1.609364320000000000e+08
-5.916046080000000000e+08 -4.718299200000000000e+07 5.709726720000000000e+08
-3.916017280000000000e+08 -1.770217920000000000e+08 3.799657600000000000e+08
-4.027412160000000000e+08 -4.226975200000000000e+07 2.264501120000000000e+08
-4.300291520000000000e+08 1.076566320000000000e+08 2.589086240000000000e+08
-4.010942080000000000e+08 2.508490200000000000e+07 2.154251840000000000e+08
-4.301184960000000000e+08 -5.598964400000000000e+07 4.898862720000000000e+08
-3.064330560000000000e+08 -1.162136800000000000e+08 2.356413280000000000e+08
-2.641809440000000000e+08 -2.384388200000000000e+07 2.871104600000000000e+07
-3.968993920000000000e+08 2.874601000000000000e+07 3.637875840000000000e+08
-2.951479040000000000e+08 -5.477729600000000000e+07 1.886632000000000000e+08
-3.032393920000000000e+08 -2.867494600000000000e+07 1.798284480000000000e+08
-2.767895040000000000e+08 -3.300563600000000000e+07 5.210153600000000000e+08
-3.127377280000000000e+08 4.113295600000000000e+07 3.394358400000000000e+08
-3.208609600000000000e+08 7.062995200000000000e+07 3.367977920000000000e+08
-2.107672160000000000e+08 -4.889970800000000000e+07 1.137739600000000000e+08
-3.590390400000000000e+08 -1.181698600000000000e+07 4.282283200000000000e+08
-4.374288640000000000e+08 -9.479616800000000000e+07 3.253477440000000000e+08
-3.890533440000000000e+08 -1.945000000000000000e+08 1.651512160000000000e+08
-1.147560560000000000e+08 -2.928738240000000000e+08 -1.785215200000000000e+08
-3.498375040000000000e+08 -9.658503200000000000e+07 2.333951200000000000e+08
-1.782554080000000000e+08 -1.157761520000000000e+08 2.136294880000000000e+08
-2.761728320000000000e+08 -1.234332080000000000e+08 4.056128960000000000e+08
-2.197074880000000000e+08 -9.650464000000000000e+07 1.299754400000000000e+08
-3.373266560000000000e+08 -1.840801920000000000e+08 2.981492800000000000e+08
-2.544169120000000000e+08 -1.141608800000000000e+08 -1.344484400000000000e+07
-5.717966080000000000e+08 1.828348400000000000e+07 6.941448320000000000e+08
-2.627278400000000000e+08 -7.174853600000000000e+07 2.164794400000000000e+08
-1.305819840000000000e+08 -1.761105760000000000e+08 6.514314000000000000e+07
-1.968865120000000000e+08 -1.574590400000000000e+08 -7.550348000000000000e+07
-4.073604480000000000e+08 -6.396030800000000000e+07 1.568428800000000000e+08
-3.835242560000000000e+08 1.294078300000000000e+07 4.399400320000000000e+08
-2.905889920000000000e+08 9.988971200000000000e+07 5.011076160000000000e+08
-1.736054400000000000e+08 3.703153200000000000e+07 8.851118000000000000e+06
-2.365797920000000000e+08 -3.203134600000000000e+07 3.743437440000000000e+08
-3.830827520000000000e+08 2.753960600000000000e+07 2.716333120000000000e+08
-1.741564320000000000e+08 3.409995200000000000e+07 1.208121920000000000e+08
-2.236853120000000000e+08 -1.273538480000000000e+08 3.942873600000000000e+08
-2.555050080000000000e+08 -1.152829200000000000e+08 3.342515840000000000e+08
-2.251433440000000000e+08 8.708455000000000000e+06 1.510425760000000000e+08
-3.714519040000000000e+08 -1.843301600000000000e+07 3.792119360000000000e+08
-1.603694080000000000e+08 -3.923930000000000000e+07 4.138949440000000000e+08
-2.623773120000000000e+08 9.069575200000000000e+07 2.811393920000000000e+08
-2.408287200000000000e+08 -4.345242800000000000e+07 3.143437440000000000e+08
-1.073716320000000000e+08 -1.188172240000000000e+08 2.260709120000000000e+08
-2.599603680000000000e+08 -8.655349600000000000e+07 3.837497200000000000e+07
-1.734436480000000000e+08 -7.386001600000000000e+07 2.828032640000000000e+08
-2.471706880000000000e+08 4.479417187500000000e+05 2.579810240000000000e+08
-5.093406720000000000e+08 9.712640000000000000e+07 4.856388800000000000e+08
-3.328258880000000000e+08 -6.934012000000000000e+07 2.408184800000000000e+08
-2.161671680000000000e+08 -1.020047840000000000e+08 1.538600960000000000e+08
-3.102273920000000000e+08 7.852288800000000000e+07 4.699821760000000000e+08
-1.878810720000000000e+08 -5.486877600000000000e+07 2.774267840000000000e+08
-1.736218880000000000e+08 -1.483077600000000000e+08 1.872617440000000000e+08
-3.332826880000000000e+08 1.800999040000000000e+08 5.000043520000000000e+08
-3.305865920000000000e+08 1.981720400000000000e+07 4.558136320000000000e+08
-2.626065760000000000e+08 -9.752079000000000000e+06 1.169223040000000000e+08
-3.897126400000000000e+08 -7.499289600000000000e+07 2.537448960000000000e+08
-3.755324480000000000e+08 4.032924800000000000e+07 4.341997120000000000e+08
-1.452386880000000000e+08 -1.660299520000000000e+08 8.209988000000000000e+07
-3.350280960000000000e+08 -7.342246400000000000e+07 3.175441280000000000e+08
-2.166142400000000000e+08 -1.402119520000000000e+08 1.831198240000000000e+08
-2.461151840000000000e+08 -2.081404960000000000e+08 2.316072000000000000e+08
-5.184580400000000000e+07 -2.465676000000000000e+08 -1.643527680000000000e+08
-2.980496960000000000e+08 -1.401938000000000000e+07 6.914815360000000000e+08
-8.755009600000000000e+07 -1.139401680000000000e+08 8.421398000000000000e+06
-3.222306880000000000e+08 -2.582367400000000000e+07 4.532323840000000000e+08
-1.287443280000000000e+08 -7.925424800000000000e+07 2.913377280000000000e+08
-3.173706880000000000e+08 8.562776000000000000e+07 4.147026240000000000e+08
-2.570513600000000000e+08 -9.414179200000000000e+07 2.443411360000000000e+08
-2.680053120000000000e+08 -1.274961760000000000e+08 2.822769600000000000e+08
-1.725656160000000000e+08 -3.509776400000000000e+07 3.523960320000000000e+08
-3.323035520000000000e+08 -3.991809600000000000e+07 7.039429120000000000e+08
-1.867336800000000000e+08 -3.339615200000000000e+07 1.098145120000000000e+08
-1.154729760000000000e+08 3.529888800000000000e+07 3.540068800000000000e+08
-2.814619520000000000e+08 8.110353500000000000e+06 4.721117440000000000e+08
-1.796684160000000000e+08 -9.790219200000000000e+07 9.650794400000000000e+07
-1.771264320000000000e+08 -2.303480320000000000e+08 3.016343040000000000e+08
-8.946586400000000000e+07 -1.689574400000000000e+08 3.027518800000000000e+07
-1.844590560000000000e+08 9.839080000000000000e+07 7.456773120000000000e+08
-1.450063840000000000e+08 -1.735421600000000000e+07 2.004779200000000000e+08
-2.652137920000000000e+08 -2.341840160000000000e+08 4.698296000000000000e+08
-9.699191200000000000e+07 -1.674687700000000000e+07 3.463648640000000000e+08
-1.363390080000000000e+08 -8.883868000000000000e+07 1.629180160000000000e+08
-1.078880560000000000e+08 -1.353339200000000000e+08 -1.121472800000000000e+07
-3.121687040000000000e+08 1.691078560000000000e+08 5.219135360000000000e+08
-8.101879200000000000e+07 -9.652718400000000000e+07 9.433441600000000000e+07
-1.185062720000000000e+08 -2.032102400000000000e+08 -2.624351200000000000e+07
-1.852118560000000000e+08 7.323857600000000000e+07 4.187749120000000000e+08
-1.249994080000000000e+08 -1.141426600000000000e+07 1.990412960000000000e+08
-5.671193600000000000e+07 -3.183206000000000000e+07 1.307048400000000000e+08
-5.711349200000000000e+07 -7.954166000000000000e+06 2.627451040000000000e+08
-4.019425200000000000e+07 -2.097301920000000000e+08 2.780933120000000000e+08
-1.253921360000000000e+08 -1.648571360000000000e+08 2.654680160000000000e+08
-6.159073200000000000e+07 -3.100547840000000000e+08 1.691374720000000000e+08
-1.414544160000000000e+08 -7.024822400000000000e+07 -2.946696250000000000e+06
-1.840286400000000000e+08 -4.841784400000000000e+07 3.162854080000000000e+08
-5.019968000000000000e+07 -1.209434800000000000e+08 4.902230400000000000e+08
-6.586736000000000000e+07 -1.915572000000000000e+08 2.169446400000000000e+07
2.576172400000000000e+07 -1.425013920000000000e+08 2.784976320000000000e+08
-9.284336000000000000e+07 -9.402800000000000000e+07 4.542110720000000000e+08
-7.059802400000000000e+07 -1.239188080000000000e+08 1.090652800000000000e+08
8.852455625000000000e+05 -2.257289600000000000e+08 3.348850240000000000e+08
-1.695392640000000000e+08 -1.837124320000000000e+08 5.839372800000000000e+07
-1.291368400000000000e+07 -8.927056000000000000e+07 -5.219626800000000000e+07
-1.148960640000000000e+08 -1.756030240000000000e+08 3.529563520000000000e+08
4.475596000000000000e+07 -1.650027520000000000e+08 2.713105600000000000e+08
-3.380668000000000000e+07 -1.308578640000000000e+08 2.842760640000000000e+08
-4.654663600000000000e+07 2.605987400000000000e+07 4.087522560000000000e+08
-6.502097600000000000e+07 -2.575402880000000000e+08 2.094716000000000000e+08
2.191992800000000000e+07 -3.413071040000000000e+08 5.799646000000000000e+07
-4.367824800000000000e+07 -9.838117600000000000e+07 1.043905440000000000e+08
-3.425945200000000000e+07 -1.667803520000000000e+08 2.004233760000000000e+08
2.871846000000000000e+07 -1.814664320000000000e+08 -4.327522000000000000e+06
4.978046000000000000e+07 -2.645145440000000000e+08 3.595194560000000000e+08
2.690822200000000000e+07 -1.797683680000000000e+08 5.536442880000000000e+08
8.553699000000000000e+06 -1.584962400000000000e+08 1.281986500000000000e+07
5.922008000000000000e+07 -1.621618720000000000e+08 2.360666240000000000e+08
-6.887682400000000000e+07 -1.324799040000000000e+08 4.085902400000000000e+08
3.906656800000000000e+07 -2.557247360000000000e+08 2.402177440000000000e+08
-5.170687500000000000e+06 -3.217214720000000000e+08 -2.011141280000000000e+08
1.383546880000000000e+08 -1.876440480000000000e+08 4.115260480000000000e+08
7.242931200000000000e+07 -2.796043520000000000e+08 1.361305440000000000e+08
1.216014800000000000e+08 -2.242434240000000000e+08 3.367081920000000000e+08
1.313180160000000000e+08 -1.522518720000000000e+08 3.090790400000000000e+08
4.054655200000000000e+07 -1.004514560000000000e+08 1.577930880000000000e+08
8.928712000000000000e+07 -3.783860480000000000e+08 1.451741120000000000e+08
5.834915200000000000e+07 -2.466536000000000000e+08 -1.236323680000000000e+08
3.860275200000000000e+07 -3.492974720000000000e+08 2.914233600000000000e+08
3.701743200000000000e+07 -2.299009920000000000e+08 -1.172209840000000000e+08
9.724317600000000000e+07 -2.374288320000000000e+08 7.940313600000000000e+07
2.052245600000000000e+08 -1.608860000000000000e+08 3.259463040000000000e+08
7.388676800000000000e+07 -2.845239040000000000e+08 -9.728963200000000000e+07
7.276596800000000000e+07 -2.084869440000000000e+08 -1.395650240000000000e+08
1.982012160000000000e+08 -2.507661920000000000e+08 -1.610359000000000000e+07
1.816888200000000000e+07 -3.460280000000000000e+08 1.951537920000000000e+08
1.154507200000000000e+08 -2.148297920000000000e+08 2.635691200000000000e+08
2.305937280000000000e+08 -1.687969920000000000e+08 1.760988320000000000e+08
2.201210240000000000e+08 -3.485959680000000000e+08 2.128085920000000000e+08
1.885654720000000000e+08 -1.739830240000000000e+08 4.069196160000000000e+08
1.763443040000000000e+08 -2.536016000000000000e+08 1.300701200000000000e+08
1.806170400000000000e+08 -2.243720800000000000e+08 3.130257600000000000e+08
1.754209440000000000e+08 -2.734093440000000000e+08 4.897474800000000000e+07
2.104554400000000000e+08 -1.674940640000000000e+08 1.754519360000000000e+08
3.168300800000000000e+08 -1.124384000000000000e+08 2.943015680000000000e+08
3.530595840000000000e+08 -2.916136640000000000e+08 3.974276800000000000e+08
1.805655840000000000e+08 -1.085048640000000000e+08 6.315541600000000000e+07
2.779747520000000000e+08 -2.719787840000000000e+08 1.927130400000000000e+08
2.512362560000000000e+08 -2.119380800000000000e+08 2.777725760000000000e+08
1.910649760000000000e+08 -1.540657920000000000e+08 6.861708800000000000e+07
1.957543680000000000e+08 -2.816030720000000000e+08 1.574265920000000000e+08
1.839853440000000000e+08 -1.292761200000000000e+08 -1.662328160000000000e+08
2.055235520000000000e+08 -2.803648640000000000e+08 4.528859200000000000e+07
2.697543680000000000e+08 -3.087183360000000000e+08 1.080989300000000000e+07
2.830671040000000000e+08 -2.757526720000000000e+08 1.643755360000000000e+08
3.809243840000000000e+08 -1.403303360000000000e+08 2.631862720000000000e+08
3.375599040000000000e+08 -8.107965600000000000e+07 1.527611680000000000e+08
3.829205120000000000e+08 -3.084795840000000000e+08 2.111985440000000000e+08
3.311978880000000000e+08 -2.106445280000000000e+08 2.385066560000000000e+08
1.037335600000000000e+08 -2.934820800000000000e+08 -2.142002080000000000e+08
3.187930560000000000e+08 -1.786447040000000000e+08 2.979875200000000000e+08
3.631108160000000000e+08 -2.291917600000000000e+08 7.914697600000000000e+07
3.140182400000000000e+08 -1.912813920000000000e+08 -6.086599600000000000e+07
2.697455040000000000e+08 -2.185151200000000000e+08 -3.574264800000000000e+07
5.177375360000000000e+08 -1.381694400000000000e+08 9.846170400000000000e+07
3.248349440000000000e+08 -3.518038720000000000e+08 -5.292991200000000000e+07
1.811655680000000000e+08 -2.386517280000000000e+08 -2.826555520000000000e+08
4.648119680000000000e+08 -2.716035840000000000e+08 1.911827200000000000e+08
3.832175680000000000e+08 -2.458083840000000000e+08 -7.393500800000000000e+07
4.118991680000000000e+08 -1.716990400000000000e+08 2.215867200000000000e+07
5.671578880000000000e+08 -1.040520160000000000e+08 3.225945920000000000e+08
3.137615360000000000e+08 -2.814357440000000000e+08 -2.181414880000000000e+08
1.104235280000000000e+08 -4.209367040000000000e+08 -3.214126400000000000e+08
5.825712000000000000e+08 -1.250752960000000000e+08 1.619698880000000000e+08
5.932832000000000000e+08 -1.193725920000000000e+08 1.688378560000000000e+08
4.119035840000000000e+08 -1.896957920000000000e+08 -6.104914800000000000e+07
5.790104320000000000e+08 -1.225977280000000000e+08 1.290415520000000000e+08
4.674469760000000000e+08 -1.561448480000000000e+08 -6.599380800000000000e+07
7.069923840000000000e+08 -6.107008000000000000e+07 2.832776000000000000e+08
7.134131200000000000e+08 -5.227590800000000000e+07 3.656463040000000000e+08
5.977730560000000000e+08 -1.671390300000000000e+07 -3.675244800000000000e+07
8.041623040000000000e+08 4.322261600000000000e+07 2.892100160000000000e+08
7.878924160000000000e+08 -1.306202320000000000e+08 5.761397120000000000e+08
1.624998560000000000e+08 -3.233757440000000000e+08 -3.713431680000000000e+08
5.338129920000000000e+08 1.912216400000000000e+07 -1.181991680000000000e+08
9.033564160000000000e+08 1.777900480000000000e+08 3.595771200000000000e+08
7.113549440000000000e+08 1.911915840000000000e+08 -7.261445600000000000e+07
7.619701120000000000e+08 9.351464800000000000e+07 2.654466720000000000e+08
7.907127680000000000e+08 3.535653120000000000e+08 6.499563200000000000e+07
7.047836160000000000e+08 1.205710000000000000e+08 7.735996800000000000e+07
5.648999680000000000e+08 -1.588190900000000000e+07 -6.153769200000000000e+07
1.086211200000000000e+09 5.179491200000000000e+08 4.249165120000000000e+08
7.707573760000000000e+08 9.151185600000000000e+07 7.654641600000000000e+07
1.095185024000000000e+09 4.744490880000000000e+08 2.796461440000000000e+08
1.098825216000000000e+09 5.440109440000000000e+08 1.499558720000000000e+08
9.110844160000000000e+08 2.816569280000000000e+08 1.199376880000000000e+08
9.351511680000000000e+08 4.381460800000000000e+08 8.209459200000000000e+07
7.175630720000000000e+08 3.053917440000000000e+08 -1.397380160000000000e+08
7.707264640000000000e+08 3.198062720000000000e+08 -1.209651920000000000e+08
1.278441216000000000e+09 7.280413440000000000e+08 1.265505120000000000e+08
4.597251200000000000e+08 1.390203840000000000e+08 -3.106331200000000000e+08
8.913960960000000000e+08 5.011899520000000000e+08 -1.460151360000000000e+08
1.002514496000000000e+09 8.188610560000000000e+08 2.250244400000000000e+07
9.282656000000000000e+08 5.346598400000000000e+08 2.267384000000000000e+07
7.799956480000000000e+08 5.092895360000000000e+08 -6.217590400000000000e+07
1.285218432000000000e+09 1.114727680000000000e+09 2.844526200000000000e+07
1.142005376000000000e+09 9.722284800000000000e+08 9.804460000000000000e+06
7.739644160000000000e+08 5.816113280000000000e+08 -1.453995840000000000e+08
7.292974080000000000e+08 6.905437440000000000e+08 -1.316949920000000000e+08
-4.117723200000000000e+07 -6.945183360000000000e+08 -4.782123840000000000e+08
-4.117723200000000000e+07 -6.945183360000000000e+08 -4.782123840000000000e+08
-4.117723200000000000e+07 -6.945183360000000000e+08 -4.782123840000000000e+08
-4.117723200000000000e+07 -6.945183360000000000e+08 -4.782123840000000000e+08
-4.117723200000000000e+07 -6.945183360000000000e+08 -4.782123840000000000e+08
5.233935360000000000e+08 6.049380480000000000e+08 -2.909816000000000000e+08
7.046772480000000000e+08 5.572274560000000000e+08 -2.674967200000000000e+08
7.415793280000000000e+08 7.169736320000000000e+08 -3.043029440000000000e+08
1.904417440000000000e+08 -1.485659520000000000e+08 -3.823610240000000000e+08
1.063726480000000000e+08 -2.713201280000000000e+08 -4.331781440000000000e+08
1.924441600000000000e+09 1.883612288000000000e+09 2.296712160000000000e+08
5.876713600000000000e+08 3.410219840000000000e+08 -2.479017760000000000e+08
9.848079360000000000e+08 7.305024640000000000e+08 1.015222900000000000e+07
4.573094800000000000e+07 -4.836646400000000000e+08 -4.061391360000000000e+08
3.569735040000000000e+08 -2.151566600000000000e+07 -2.866153600000000000e+08
1.172586240000000000e+09 3.757657280000000000e+08 6.564096000000000000e+08
6.947466240000000000e+08 1.137202400000000000e+08 6.318632800000000000e+07
7.612210560000000000e+08 6.777460800000000000e+07 9.444362400000000000e+07
6.667229440000000000e+08 1.627050880000000000e+08 -9.531480000000000000e+07
7.385163520000000000e+08 1.161690200000000000e+07 2.413450400000000000e+08
1.105369600000000000e+09 4.721453120000000000e+08 4.830235520000000000e+08
4.049904000000000000e+08 -1.197119520000000000e+08 -2.387052000000000000e+08
7.220656640000000000e+08 2.210382880000000000e+08 -9.565107200000000000e+07
8.757146880000000000e+08 4.293385600000000000e+08 1.004750800000000000e+08
4.154138880000000000e+08 -1.537836160000000000e+08 -1.480986080000000000e+08
4.607090400000000000e+07 -4.943363200000000000e+08 -4.319449920000000000e+08
5.056415200000000000e+07 -4.550971840000000000e+08 -4.398216000000000000e+08
5.733905920000000000e+08 -1.414560960000000000e+08 1.079146000000000000e+08
2.821688320000000000e+08 -1.287060000000000000e+08 -3.160740160000000000e+08
9.548234240000000000e+08 2.769848640000000000e+08 6.420193920000000000e+08
6.305574400000000000e+08 7.649638400000000000e+07 5.563420400000000000e+07
5.537540480000000000e+08 -6.746287200000000000e+07 7.963779200000000000e+07
7.212158720000000000e+08 -1.289952700000000000e+07 1.848360000000000000e+08
6.467521920000000000e+08 1.044411312500000000e+06 3.381275840000000000e+08
4.088951040000000000e+08 -1.895734080000000000e+08 -1.184689520000000000e+08
6.538385280000000000e+08 -1.205277760000000000e+08 2.895128640000000000e+08
3.064158080000000000e+08 -1.762538880000000000e+08 -1.425398560000000000e+08
4.447165760000000000e+08 -2.672900800000000000e+07 -9.720765600000000000e+07
3.388191680000000000e+08 -1.792511680000000000e+08 -1.326635600000000000e+08
4.508423040000000000e+08 -9.230176800000000000e+07 -3.209562800000000000e+07
4.662806080000000000e+08 -2.483846080000000000e+08 2.231080320000000000e+08
5.617770240000000000e+08 -1.552783520000000000e+08 3.275958080000000000e+08
3.295006720000000000e+08 -9.788060800000000000e+07 -1.398221440000000000e+08
5.026902720000000000e+08 -9.862479200000000000e+07 2.393148480000000000e+08
3.965250240000000000e+08 -2.204123200000000000e+08 7.683012800000000000e+07
2.895514560000000000e+08 -1.862720160000000000e+08 -9.468212800000000000e+07
4.669467520000000000e+08 -1.947164800000000000e+08 2.072243840000000000e+08
2.248082400000000000e+08 -2.101818400000000000e+08 -2.215744960000000000e+08
3.518400960000000000e+08 -2.573503680000000000e+08 2.169089440000000000e+08
2.703032640000000000e+08 -1.796347680000000000e+08 -1.490419520000000000e+08
2.461416320000000000e+08 -1.788608320000000000e+08 -1.959250560000000000e+08
2.641739200000000000e+08 -2.735283520000000000e+08 1.980788800000000000e+07
3.476632320000000000e+08 -1.017178080000000000e+08 -3.016675800000000000e+07
4.491668480000000000e+08 -1.485722720000000000e+08 5.490442240000000000e+08
2.486399360000000000e+08 -2.263563200000000000e+08 -2.123516000000000000e+07
2.570654560000000000e+08 -3.015482880000000000e+08 5.098435200000000000e+07
3.664203520000000000e+08 -1.929041600000000000e+08 2.714948160000000000e+08
2.475267200000000000e+08 -1.573020160000000000e+08 7.998455200000000000e+07
1.746100480000000000e+08 -3.032356800000000000e+08 -1.114775200000000000e+08
2.843837120000000000e+08 -1.265338240000000000e+08 9.323241600000000000e+07
2.688800960000000000e+08 -3.047328960000000000e+08 1.438455520000000000e+08
4.676838400000000000e+07 -3.437834560000000000e+08 -2.985690240000000000e+08
2.295338560000000000e+08 -3.508356160000000000e+08 1.628716640000000000e+08
2.188425600000000000e+08 -2.051996800000000000e+08 2.075344480000000000e+08
1.018891440000000000e+08 -3.890252160000000000e+08 1.517053440000000000e+08
2.121224640000000000e+08 -1.898381600000000000e+08 8.563495200000000000e+07
1.238470640000000000e+08 -2.586596960000000000e+08 1.673595200000000000e+08
1.449300000000000000e+08 -2.500958080000000000e+08 1.083215360000000000e+08
8.881774400000000000e+07 -3.716185280000000000e+08 8.951502000000000000e+06
9.092609600000000000e+07 -3.090665600000000000e+08 -1.882829920000000000e+08
1.094442640000000000e+08 -1.961735360000000000e+08 -8.322847200000000000e+07
1.289834640000000000e+08 -2.932645760000000000e+08 -5.444250400000000000e+07
9.993651200000000000e+07 -1.668886400000000000e+08 -1.784740000000000000e+08
-3.231000600000000000e+07 -2.481357920000000000e+08 -6.692424000000000000e+07
-4.753783200000000000e+07 -1.878831040000000000e+08 1.974164000000000000e+07
1.234164080000000000e+08 -2.553765920000000000e+08 1.305201680000000000e+08
5.334888800000000000e+07 -1.791655680000000000e+08 -2.244728800000000000e+07
4.610161600000000000e+07 -2.075767040000000000e+08 -1.116441120000000000e+08
7.746876800000000000e+07 -2.234009280000000000e+08 -1.009060400000000000e+08
7.929178400000000000e+07 -1.196484080000000000e+08 -9.998468000000000000e+07
-9.468652800000000000e+07 -2.063086880000000000e+08 5.291896800000000000e+07
-1.017707000000000000e+07 -2.761076160000000000e+08 -4.121228800000000000e+07
7.232496800000000000e+07 -2.012619200000000000e+07 -5.324419600000000000e+07
-7.902616800000000000e+07 -8.684504000000000000e+07 3.942287250000000000e+06
1.552711875000000000e+06 -1.495236960000000000e+08 3.482557200000000000e+07
-6.416604800000000000e+07 4.021590800000000000e+07 1.254963680000000000e+08
-1.320822960000000000e+08 -2.416902240000000000e+08 -8.356739200000000000e+07
2.324418200000000000e+07 -7.202927200000000000e+07 1.457425600000000000e+08
-2.985646200000000000e+07 5.492673600000000000e+07 7.701568000000000000e+07
-4.952270800000000000e+07 -1.717236320000000000e+08 1.654655840000000000e+08
-4.405360800000000000e+07 -1.409848320000000000e+08 -1.304971440000000000e+08
-1.331309520000000000e+08 -1.549009920000000000e+08 -2.407451200000000000e+07
-7.834401600000000000e+07 -9.564827200000000000e+07 4.832538800000000000e+07
-1.710047520000000000e+08 3.774628800000000000e+07 4.042925440000000000e+08
-4.310481600000000000e+07 -1.624206080000000000e+08 -7.495856800000000000e+07
-1.308329200000000000e+08 -1.321356320000000000e+08 -2.971891800000000000e+07
-8.955874400000000000e+07 -4.214523200000000000e+07 2.910644200000000000e+07
-1.324290080000000000e+08 -1.300693840000000000e+08 2.104606080000000000e+08
-3.291631000000000000e+07 -4.317245200000000000e+07 -2.298038200000000000e+07
-1.377884480000000000e+08 -7.780832800000000000e+07 5.470936250000000000e+05
-1.171737440000000000e+08 -6.560596000000000000e+07 6.856559200000000000e+07
-1.668490080000000000e+08 -1.063503760000000000e+08 1.560557440000000000e+08
-1.529599360000000000e+08 -1.297799280000000000e+08 -1.200908880000000000e+08
-2.946081400000000000e+07 -3.178312000000000000e+08 -3.170878720000000000e+08
-2.159753920000000000e+08 -1.421173920000000000e+08 5.647894375000000000e+05
-4.415993200000000000e+07 -1.494611680000000000e+08 -5.002334500000000000e+06
-3.115852480000000000e+08 -6.230013000000000000e+06 5.220932480000000000e+08
-8.713761600000000000e+07 -4.179468000000000000e+07 -2.296223800000000000e+07
-1.773899840000000000e+08 -1.592801760000000000e+08 1.293108400000000000e+08
-2.013589120000000000e+08 8.455066400000000000e+07 1.422443200000000000e+08
-7.584857600000000000e+07 -4.455081600000000000e+07 1.881056400000000000e+07
-2.027765920000000000e+08 -1.943304320000000000e+08 7.678090400000000000e+07
-2.143002240000000000e+08 -1.691528000000000000e+08 -1.200500800000000000e+08
-2.808297600000000000e+08 -1.648239840000000000e+08 6.794994400000000000e+07
-3.294023040000000000e+08 -7.839112800000000000e+07 9.478135200000000000e+07
-4.613818400000000000e+07 2.051449200000000000e+07 -1.321628560000000000e+08
-7.155976800000000000e+07 -2.204210560000000000e+08 -2.857789440000000000e+08
-2.710713600000000000e+08 -2.157758880000000000e+08 9.743480800000000000e+07
-2.024781760000000000e+08 -2.354485600000000000e+08 -9.681812800000000000e+07
-3.703406400000000000e+08 -1.617855840000000000e+08 1.233014800000000000e+08
-2.485106880000000000e+08 -1.247204480000000000e+08 -6.371510000000000000e+07
-5.049171600000000000e+07 -2.884936960000000000e+08 -3.076361920000000000e+08
-9.741580800000000000e+07 -2.273401280000000000e+08 -2.733409920000000000e+08
-2.570640640000000000e+08 -7.764953500000000000e+06 -9.152548000000000000e+07
-2.999997000000000000e+07 -4.129392000000000000e+08 -3.945639360000000000e+08
-3.237898240000000000e+08 -1.581497760000000000e+08 -7.045052000000000000e+07
-3.590082240000000000e+08 -2.339385800000000000e+07 1.585735360000000000e+08
-4.860518080000000000e+08 -6.619919200000000000e+07 1.100045440000000000e+08
-2.314510880000000000e+08 -7.462525600000000000e+07 -1.696882080000000000e+08
-3.289427840000000000e+08 4.628575600000000000e+07 -7.355921600000000000e+07
-1.005006800000000000e+08 -1.996556160000000000e+08 -3.006157760000000000e+08
-3.119514240000000000e+08 -2.201479040000000000e+08 4.035030000000000000e+06
-2.653067520000000000e+08 -1.034905360000000000e+08 -1.340763120000000000e+08
-1.473846880000000000e+08 -1.744058080000000000e+08 -2.574399360000000000e+08
-3.684806080000000000e+08 -7.787397600000000000e+07 -1.156066640000000000e+08
-2.495044800000000000e+08 9.672921600000000000e+07 -1.307782320000000000e+08
-3.015692480000000000e+08 -5.415425200000000000e+07 -1.822458880000000000e+08
-4.580468480000000000e+08 -3.497493200000000000e+07 -8.990447200000000000e+07
-1.609043840000000000e+08 -1.694508000000000000e+08 -2.879974720000000000e+08
-1.575953760000000000e+08 -1.911625920000000000e+08 -3.000601280000000000e+08
-4.942240640000000000e+08 -7.030452000000000000e+07 1.126558400000000000e+07
-3.191695680000000000e+08 -5.905668500000000000e+06 -2.011736160000000000e+08
-4.089783680000000000e+08 7.031364800000000000e+07 -4.222198800000000000e+07
-5.276535680000000000e+08 -6.182738400000000000e+07 -3.015974400000000000e+07
-2.827837760000000000e+08 -5.813156800000000000e+07 -2.519747840000000000e+08
-4.133877600000000000e+07 -4.875049280000000000e+08 -4.437577600000000000e+08
-2.261389760000000000e+08 -2.444964160000000000e+08 -2.671879840000000000e+08
-3.964418880000000000e+08 6.818772000000000000e+06 -1.181726480000000000e+08
-3.480059840000000000e+08 -6.391624400000000000e+07 -2.120388160000000000e+08
-1.764857760000000000e+08 -1.775138240000000000e+08 -3.424457600000000000e+08
-2.859576960000000000e+08 -2.534803600000000000e+07 -2.420687040000000000e+08
-4.067131840000000000e+08 2.174680480000000000e+08 -2.238182400000000000e+08
-5.597439360000000000e+08 3.930594880000000000e+08 -1.382501760000000000e+08
-1.072805920000000000e+08 -1.337529680000000000e+08 -3.974241600000000000e+08
-3.676394240000000000e+08 1.419294240000000000e+08 -2.427646560000000000e+08
-4.940765120000000000e+08 1.216226080000000000e+08 -1.142808560000000000e+08
-3.106805760000000000e+08 1.018679600000000000e+08 -3.187845440000000000e+08
-3.390842560000000000e+08 7.649375500000000000e+06 -3.022692480000000000e+08
-2.897624640000000000e+08 3.796804000000000000e+07 -3.052579200000000000e+08
-2.463527200000000000e+08 1.697008000000000000e+08 -3.620825600000000000e+08
-4.265207360000000000e+08 2.124497000000000000e+07 -2.208966080000000000e+08
-3.363237760000000000e+08 1.227528720000000000e+08 -2.698433280000000000e+08
-3.534232960000000000e+08 1.003054960000000000e+08 -2.407939200000000000e+08
-4.354487040000000000e+08 6.570178000000000000e+07 -2.899359040000000000e+08
-3.434950080000000000e+08 1.546387840000000000e+08 -2.850387840000000000e+08
-3.358686080000000000e+08 2.428773760000000000e+08 -3.353706880000000000e+08
-3.426076480000000000e+08 4.142950400000000000e+08 -3.995981120000000000e+08
-3.853693120000000000e+08 2.896099840000000000e+08 -3.269464640000000000e+08
-2.342409760000000000e+08 1.027486880000000000e+08 -4.184602880000000000e+08
-3.337818880000000000e+08 4.112016320000000000e+08 -3.674666560000000000e+08
-2.857410240000000000e+08 3.614342720000000000e+08 -3.625962560000000000e+08
-3.091402240000000000e+08 7.331921280000000000e+08 -3.890711040000000000e+08
-1.031764400000000000e+08 4.504957600000000000e+07 -4.430889600000000000e+08
-4.465575040000000000e+08 1.403728768000000000e+09 -4.742856000000000000e+08
-1.064761120000000000e+08 2.289258080000000000e+08 -3.927014080000000000e+08
-2.109233440000000000e+08 1.180940544000000000e+09 -5.020337280000000000e+08
-1.470827040000000000e+08 1.985715328000000000e+09 -4.029484160000000000e+08
-2.026565600000000000e+08 1.827643904000000000e+09 -4.123169600000000000e+08
-3.289794560000000000e+08 2.298942720000000000e+09 -3.209626560000000000e+08
-7.849601600000000000e+07 1.791293824000000000e+09 -4.189861120000000000e+08
7.691850000000000000e+06 2.771331520000000000e+08 -4.217635200000000000e+08
-4.667628000000000000e+07 5.355284480000000000e+08 -4.286992000000000000e+08
-4.117723200000000000e+07 -6.945183360000000000e+08 -4.782123840000000000e+08
-4.117723200000000000e+07 -6.945183360000000000e+08 -4.782123840000000000e+08
-4.117723200000000000e+07 -6.945183360000000000e+08 -4.782123840000000000e+08
-4.117723200000000000e+07 -6.945183360000000000e+08 -4.782123840000000000e+08
-4.117723200000000000e+07 -6.945183360000000000e+08 -4.782123840000000000e+08
-4.117723200000000000e+07 -6.945183360000000000e+08 -4.782123840000000000e+08
-3.122781120000000000e+08 1.415072512000000000e+09 -2.838657600000000000e+08
-4.884472000000000000e+07 -2.796833920000000000e+08 -4.579801920000000000e+08
-2.759589440000000000e+08 1.560093440000000000e+09 -3.617283520000000000e+08
-2.543639840000000000e+08 1.057423808000000000e+09 -2.863772160000000000e+08
-2.773415360000000000e+08 1.872209152000000000e+09 -2.467973440000000000e+08
-6.361584000000000000e+07 -2.508171200000000000e+08 -4.402600640000000000e+08
-6.271252000000000000e+07 -4.618449280000000000e+08 -4.475753280000000000e+08
-7.126896640000000000e+08 2.197639936000000000e+09 -1.250142560000000000e+08
-1.565323008000000000e+09 3.486848768000000000e+09 2.580613280000000000e+08
-1.142361520000000000e+08 2.597099200000000000e+08 -4.362983360000000000e+08
-4.934725760000000000e+08 1.448687616000000000e+09 -3.486230400000000000e+08
-3.663380160000000000e+08 5.378765440000000000e+08 -3.311700160000000000e+08
-4.739381440000000000e+08 6.653496960000000000e+08 -3.040738880000000000e+08
-4.309340160000000000e+08 4.441372800000000000e+08 -3.368027840000000000e+08
-4.565338880000000000e+08 4.066807680000000000e+08 -3.494930560000000000e+08
-4.160666240000000000e+08 2.153980800000000000e+08 -2.734714880000000000e+08
-3.186287040000000000e+08 1.622917920000000000e+08 -3.239335680000000000e+08
-4.660410240000000000e+08 3.982640960000000000e+08 -2.635059360000000000e+08
-3.425057920000000000e+08 2.696985600000000000e+08 -2.922157440000000000e+08
-4.522600000000000000e+08 2.355019360000000000e+08 -2.216188640000000000e+08
-3.820388160000000000e+08 -3.282270400000000000e+07 -2.729799680000000000e+08
-2.870317120000000000e+08 1.358541600000000000e+08 -3.476918080000000000e+08
-3.973511360000000000e+08 1.462869920000000000e+08 -2.442775040000000000e+08
-2.097481600000000000e+08 -2.000950125000000000e+06 -4.027872960000000000e+08
-4.247507200000000000e+08 2.295486240000000000e+08 -3.017607680000000000e+08
-2.719680000000000000e+08 2.440103040000000000e+08 -2.745652480000000000e+08
-3.730101760000000000e+08 9.238461600000000000e+07 -2.158590560000000000e+08
-4.274205760000000000e+08 2.331183520000000000e+08 -2.503249600000000000e+08
-2.623517920000000000e+08 5.525533200000000000e+07 -3.027899840000000000e+08
-2.862580480000000000e+08 1.307215680000000000e+08 -3.238681280000000000e+08
-4.274582400000000000e+08 2.240364960000000000e+08 -1.494092000000000000e+08
-3.258695680000000000e+08 1.340806000000000000e+08 -2.673429440000000000e+08
-4.252636800000000000e+08 2.606485120000000000e+08 -2.062124800000000000e+08
-2.969234560000000000e+08 2.747502600000000000e+07 -2.633750720000000000e+08
-3.313057280000000000e+08 6.582941200000000000e+07 -1.933393280000000000e+08
-5.335184960000000000e+08 3.061998720000000000e+08 5.184645000000000000e+05
-2.678267840000000000e+08 2.211011000000000000e+07 -2.027098080000000000e+08
-2.118597600000000000e+08 -6.958797600000000000e+07 -2.967891200000000000e+08
-4.629467200000000000e+08 2.143771840000000000e+08 -6.877732000000000000e+07
-2.570314720000000000e+08 1.012901840000000000e+08 -1.201281920000000000e+08
-3.320362880000000000e+08 -4.942082000000000000e+07 -2.029645440000000000e+08
-2.252158240000000000e+08 -1.107673360000000000e+08 -2.998971840000000000e+08
-2.577371200000000000e+08 -9.500486400000000000e+07 -2.014528960000000000e+08
-4.437325120000000000e+08 3.530283200000000000e+07 -1.315138300000000000e+07
-1.379075360000000000e+08 -2.025108800000000000e+08 -2.438667680000000000e+08
-3.114600000000000000e+08 -1.302067840000000000e+08 -1.032613600000000000e+08
-3.712479680000000000e+08 1.649167375000000000e+06 -1.095463440000000000e+08
-1.897881600000000000e+08 -1.944558400000000000e+07 -2.854256960000000000e+08
-9.836375200000000000e+07 -2.669833760000000000e+08 -3.629993280000000000e+08
-1.882841280000000000e+08 -1.337157920000000000e+08 -1.550849440000000000e+08
-2.703283200000000000e+08 1.512384800000000000e+07 -7.530033600000000000e+07
-3.350662720000000000e+08 -1.107254700000000000e+07 2.315992400000000000e+07
-2.244308320000000000e+08 -1.663566400000000000e+08 -1.745274720000000000e+08
-2.349975840000000000e+08 -1.695812320000000000e+08 -1.030632240000000000e+08
-2.527856320000000000e+08 -8.824689600000000000e+07 -1.288406320000000000e+08
-2.112903200000000000e+08 -3.754610800000000000e+07 -2.005718400000000000e+08
-1.831016000000000000e+08 -1.015351920000000000e+08 -1.174883120000000000e+08
-1.360672640000000000e+08 -1.612164640000000000e+08 -2.343682720000000000e+08
-1.894142240000000000e+08 -6.252852400000000000e+07 -1.263466880000000000e+08
-1.638800640000000000e+08 -1.826668800000000000e+08 -1.865085920000000000e+08
-1.488244160000000000e+08 -1.693700800000000000e+08 -1.832577280000000000e+08
-1.938867360000000000e+08 -1.025983760000000000e+08 3.969293200000000000e+07
-2.745224000000000000e+08 -4.006182400000000000e+07 -1.030548640000000000e+08
-1.714965280000000000e+08 -1.560592480000000000e+08 -4.153180000000000000e+07
-9.076753600000000000e+07 -2.266464320000000000e+08 -2.504439040000000000e+08
-3.492839200000000000e+07 -4.050001280000000000e+08 -3.783063360000000000e+08
-4.168276800000000000e+07 -4.738745200000000000e+07 -2.023043520000000000e+08
-1.378688800000000000e+08 -1.390511520000000000e+08 8.859271000000000000e+06
-2.657185200000000000e+07 -2.225210560000000000e+08 -2.116572320000000000e+08
-2.214171840000000000e+08 -1.341397040000000000e+08 8.122321600000000000e+07
-7.717142400000000000e+07 -1.731405120000000000e+08 -1.594050560000000000e+08
-1.016859920000000000e+08 -1.069576480000000000e+08 1.555042400000000000e+08
-8.239909600000000000e+07 -1.963723360000000000e+08 -1.016776320000000000e+08
-6.760768800000000000e+07 -1.394529600000000000e+08 -1.012871040000000000e+08
-9.280662400000000000e+07 -1.621249280000000000e+08 -1.374344640000000000e+08
-2.148696600000000000e+07 -7.513083200000000000e+07 -7.426510400000000000e+07
-1.275559280000000000e+08 -1.035354600000000000e+07 -2.005155600000000000e+07
-6.213623600000000000e+07 -2.201681120000000000e+08 1.135678000000000000e+08
-4.902001600000000000e+07 -1.345478240000000000e+08 -1.674554400000000000e+08
-4.070621250000000000e+06 -1.920908160000000000e+08 -3.393784400000000000e+07
-6.845728800000000000e+07 -3.444995520000000000e+08 2.774770600000000000e+07
-8.360844500000000000e+06 -1.713444800000000000e+08 -4.465530400000000000e+07
-3.267575800000000000e+07 -2.631020200000000000e+07 2.824076000000000000e+07
2.826762600000000000e+07 -2.226317280000000000e+08 -2.487308320000000000e+08
4.937904000000000000e+07 -1.865791200000000000e+08 -1.054552160000000000e+08
4.111155200000000000e+07 -2.616135040000000000e+08 4.554616000000000000e+07
1.093174480000000000e+08 -3.003487400000000000e+07 -2.116699000000000000e+07
1.436897760000000000e+08 -5.313395600000000000e+07 1.250279120000000000e+08
9.128927200000000000e+07 -1.495384800000000000e+08 -4.016663600000000000e+07
1.023236400000000000e+08 4.229162400000000000e+07 1.038228800000000000e+08
3.390266800000000000e+07 -1.720676320000000000e+08 1.554031900000000000e+07
2.105451200000000000e+08 3.384389200000000000e+07 -1.257159600000000000e+08
1.289055600000000000e+08 -2.125961440000000000e+08 -8.677764800000000000e+07
1.091175440000000000e+08 -2.065295040000000000e+08 -5.787970400000000000e+07
2.532219520000000000e+08 -7.302064800000000000e+07 -6.207191250000000000e+05
7.522316800000000000e+07 -9.642647200000000000e+07 -1.086056560000000000e+08
1.824527680000000000e+08 -7.746247200000000000e+07 -1.048419200000000000e+08
1.615115520000000000e+08 -1.300162720000000000e+08 -2.564911200000000000e+07
2.865490560000000000e+08 -8.793758400000000000e+07 4.540520960000000000e+08
1.281294720000000000e+08 -2.013339680000000000e+08 -1.661663300000000000e+07
1.828153280000000000e+08 -2.159112000000000000e+08 -1.776338400000000000e+08
2.341872160000000000e+08 -2.407535360000000000e+08 4.374845500000000000e+06
2.111058080000000000e+08 -1.452299680000000000e+08 -9.717900800000000000e+07
2.203998080000000000e+08 -1.479287040000000000e+08 -1.389536100000000000e+07
3.184236800000000000e+08 -1.794191360000000000e+08 1.359888480000000000e+08
2.912050880000000000e+08 -2.165808640000000000e+08 1.221476480000000000e+08
1.697238400000000000e+08 -2.348269760000000000e+08 -2.379345760000000000e+08
2.533641760000000000e+08 -1.650058400000000000e+08 -1.533943840000000000e+08
3.362899520000000000e+08 -3.932908800000000000e+07 -7.779164800000000000e+07
2.310688960000000000e+08 -1.163359600000000000e+08 -1.803911360000000000e+08
2.678785760000000000e+08 -1.314153120000000000e+08 -1.661106720000000000e+08
2.671291680000000000e+08 -1.031559920000000000e+08 -1.483099680000000000e+08
4.047277120000000000e+08 -1.200463200000000000e+08 -1.001208080000000000e+08
3.796368640000000000e+08 -1.278938320000000000e+08 -1.029131840000000000e+08
3.303089920000000000e+08 -4.722430000000000000e+07 -1.909885440000000000e+08
3.755362560000000000e+08 -8.923216800000000000e+07 -7.790121600000000000e+07
2.655698400000000000e+08 -2.094085280000000000e+08 -1.285001280000000000e+08
3.643430400000000000e+08 -1.150961760000000000e+08 -2.359470400000000000e+07
4.050369600000000000e+08 -8.956611200000000000e+07 -1.900178400000000000e+07
6.572711040000000000e+08 5.978982400000000000e+07 2.197293760000000000e+08
3.405651840000000000e+08 -2.910703360000000000e+08 2.393608320000000000e+08
3.759387520000000000e+08 -5.573827200000000000e+07 -2.038559520000000000e+08
3.581048960000000000e+08 -2.408160480000000000e+08 -1.594245920000000000e+08
5.194718720000000000e+08 -1.484025600000000000e+08 2.651029120000000000e+08
6.060931200000000000e+08 1.292887600000000000e+07 9.254588800000000000e+07
4.500137920000000000e+08 -5.623793200000000000e+07 -1.163658400000000000e+08
1.560703200000000000e+08 -3.470692480000000000e+08 -3.675770880000000000e+08
5.712156800000000000e+08 4.700042400000000000e+07 -1.008736480000000000e+08
4.321227840000000000e+08 -1.801134400000000000e+08 -9.188964000000000000e+07
5.290690240000000000e+08 -5.875622400000000000e+07 -1.119892960000000000e+08
5.762628480000000000e+08 -1.390413120000000000e+08 -3.484785200000000000e+07
5.036345920000000000e+08 -8.058024800000000000e+07 -1.407476800000000000e+08
7.799356800000000000e+08 -6.078372000000000000e+07 3.863790720000000000e+08
5.166150400000000000e+08 -4.655017200000000000e+07 -6.630714400000000000e+07
5.878739200000000000e+08 -1.250781000000000000e+07 -5.665539000000000000e+06
8.860552320000000000e+08 8.320737600000000000e+07 4.083468480000000000e+08
6.741458560000000000e+08 6.322927200000000000e+07 -3.574292800000000000e+07
7.094677120000000000e+08 2.204226400000000000e+08 -1.866094560000000000e+08
7.022450560000000000e+08 1.655084160000000000e+08 -1.109372560000000000e+08
6.323491840000000000e+08 6.383328400000000000e+07 -4.216759600000000000e+07
2.022430080000000000e+08 -3.223544000000000000e+08 -3.429434240000000000e+08
7.407191040000000000e+08 2.541391520000000000e+08 -1.061105760000000000e+08
4.681304320000000000e+08 -1.128218600000000000e+07 -2.478553120000000000e+08
7.537560320000000000e+08 3.880832960000000000e+08 -1.735440320000000000e+08
7.305471360000000000e+08 2.896440000000000000e+08 -1.640806240000000000e+08
6.479426560000000000e+08 1.374813280000000000e+08 -1.623796000000000000e+08
9.065704960000000000e+08 5.593799040000000000e+08 -2.348883200000000000e+08
9.753848320000000000e+08 5.598188160000000000e+08 -1.922894200000000000e+07
3.320256640000000000e+08 -3.643564400000000000e+07 -3.516591360000000000e+08
7.909707520000000000e+08 4.824605120000000000e+08 -1.915992480000000000e+08
1.320873088000000000e+09 9.411784320000000000e+08 3.669953600000000000e+08
9.778201600000000000e+08 7.783132800000000000e+08 -2.589657760000000000e+08
5.465834880000000000e+08 2.212522560000000000e+08 -2.713639680000000000e+08
1.017882432000000000e+09 8.044796800000000000e+08 -2.373650400000000000e+08
8.322536960000000000e+08 6.681756160000000000e+08 -3.251400640000000000e+08
-4.117723200000000000e+07 -6.945183360000000000e+08 -4.782123840000000000e+08
-4.117723200000000000e+07 -6.945183360000000000e+08 -4.782123840000000000e+08
-4.117723200000000000e+07 -6.945183360000000000e+08 -4.782123840000000000e+08
-4.117723200000000000e+07 -6.945183360000000000e+08 -4.782123840000000000e+08
-4.117723200000000000e+07 -6.945183360000000000e+08 -4.782123840000000000e+08
-4.117723200000000000e+07 -6.945183360000000000e+08 -4.782123840000000000e+08
6.938694400000000000e+08 5.196982720000000000e+08 -2.860643840000000000e+08
6.181598720000000000e+08 3.964712640000000000e+08 -3.058230400000000000e+08
4.756819840000000000e+08 1.887681280000000000e+08 -3.011913280000000000e+08
1.173689472000000000e+09 9.412264960000000000e+08 5.254189600000000000e+07
1.122394880000000000e+09 8.967169920000000000e+08 -7.568654400000000000e+07
1.212656896000000000e+09 9.578442240000000000e+08 -3.594959600000000000e+07
8.245077120000000000e+08 4.584696960000000000e+08 -6.452492000000000000e+07
8.569311360000000000e+08 5.376231680000000000e+08 -6.508551200000000000e+07
1.101533696000000000e+09 7.265123840000000000e+08 9.599612800000000000e+07
7.255290240000000000e+08 3.239827520000000000e+08 -2.109214080000000000e+08
6.419168640000000000e+08 2.383628960000000000e+08 -2.158828000000000000e+08
5.597242240000000000e+08 1.524635360000000000e+08 -2.177688160000000000e+08
1.022122176000000000e+09 5.222724480000000000e+08 1.617051040000000000e+08
2.974235200000000000e+08 -1.553058880000000000e+08 -2.835148800000000000e+08
2.908498880000000000e+08 -1.199539680000000000e+08 -3.388370560000000000e+08
3.102506240000000000e+08 -1.604462720000000000e+08 -3.011873600000000000e+08
3.448591680000000000e+08 -1.208044320000000000e+08 -3.126087360000000000e+08
4.469371200000000000e+08 -1.748551400000000000e+07 -2.266913760000000000e+08
7.701754880000000000e+08 3.322310080000000000e+08 -8.714068000000000000e+07
6.389953280000000000e+08 1.777803680000000000e+08 -7.562741600000000000e+07
5.844085120000000000e+08 6.969630400000000000e+07 -1.199539520000000000e+08
5.107853440000000000e+08 2.635451600000000000e+07 -2.410224320000000000e+08
4.939543360000000000e+08 -6.328748800000000000e+07 -9.710390400000000000e+07
8.124377600000000000e+08 2.627970400000000000e+08 1.450492800000000000e+08
7.005891200000000000e+08 1.435838080000000000e+08 -1.067250900000000000e+07
6.135798400000000000e+08 -1.546612960000000000e+08 3.178618240000000000e+08
6.713480320000000000e+08 3.320060200000000000e+07 -2.237925600000000000e+07
4.237692800000000000e+08 -1.054082560000000000e+08 -1.304371280000000000e+08
7.391713920000000000e+08 9.250689600000000000e+07 1.021028880000000000e+08
4.866415040000000000e+08 -5.474562400000000000e+07 -7.631972000000000000e+07
4.726730560000000000e+08 -1.375933600000000000e+08 -1.163756880000000000e+08
3.449057600000000000e+08 -1.974969760000000000e+08 -1.711400160000000000e+08
5.427153280000000000e+08 -3.357098800000000000e+07 2.222183000000000000e+07
4.207972160000000000e+08 -4.262309600000000000e+07 -1.390424320000000000e+08
2.555466880000000000e+08 -2.117074400000000000e+08 -2.457050240000000000e+08
2.525408800000000000e+08 -3.026977280000000000e+08 -1.731621760000000000e+08
5.892680960000000000e+08 1.253616320000000000e+08 -2.098326600000000000e+07
4.370268800000000000e+08 -1.788190240000000000e+08 4.999090000000000000e+06
3.693897600000000000e+08 -1.598996000000000000e+08 -1.486747840000000000e+08
3.818392000000000000e+08 -1.774996640000000000e+08 -8.060521600000000000e+07
3.723808000000000000e+08 -6.613661600000000000e+07 -6.325484800000000000e+07
3.797875840000000000e+08 -1.541871680000000000e+08 -1.517893280000000000e+08
2.684211200000000000e+08 -2.685538560000000000e+08 -7.943976000000000000e+07
3.461059840000000000e+08 -6.131016000000000000e+07 -2.458800320000000000e+08
2.388181600000000000e+08 -1.533776200000000000e+07 -2.480202240000000000e+08
2.756396160000000000e+08 -1.796646560000000000e+08 -2.629307680000000000e+08
4.976959600000000000e+07 -4.008373120000000000e+08 -3.761724160000000000e+08
3.084304640000000000e+08 -7.281062400000000000e+07 -2.930331840000000000e+08
2.262024800000000000e+08 6.888166400000000000e+07 -2.053783840000000000e+08
2.316098720000000000e+08 -1.793625920000000000e+08 -2.401507360000000000e+08
2.761763520000000000e+08 -9.126923200000000000e+07 -9.644235200000000000e+07
2.622856320000000000e+08 -7.122265600000000000e+07 -1.564036320000000000e+08
2.523697440000000000e+08 -6.566880000000000000e+07 -2.209618560000000000e+08
2.440178400000000000e+08 -1.504948640000000000e+08 -1.117950080000000000e+08
6.479537200000000000e+07 -3.650648000000000000e+08 -3.107757760000000000e+08
2.338012640000000000e+08 -3.326262080000000000e+08 7.121043200000000000e+07
2.260553920000000000e+08 -1.766211360000000000e+08 -9.674481600000000000e+07
1.556084000000000000e+08 -1.826116800000000000e+08 -1.181955920000000000e+08
1.800758240000000000e+08 -1.254238640000000000e+08 -4.340934400000000000e+07
1.271391360000000000e+08 -1.235367760000000000e+08 7.442238500000000000e+06
1.463664640000000000e+08 -1.162393840000000000e+08 6.069900400000000000e+07
1.360796640000000000e+08 -1.672054080000000000e+08 6.305469200000000000e+07
1.441642080000000000e+08 -1.877829920000000000e+08 -1.243500640000000000e+08
1.599633120000000000e+08 -8.440869600000000000e+07 6.233496000000000000e+07
1.628594240000000000e+08 -1.569568160000000000e+08 9.304680000000000000e+07
1.282317600000000000e+08 -2.832299200000000000e+08 1.343957600000000000e+08
1.713536640000000000e+08 -1.950295840000000000e+08 4.560902000000000000e+07
1.797940640000000000e+08 -1.345155680000000000e+08 4.878316160000000000e+08
1.415677600000000000e+08 -7.279313600000000000e+07 -2.773027000000000000e+06
1.139175520000000000e+08 -1.488860400000000000e+07 -1.412683040000000000e+08
3.796432800000000000e+07 -2.409152640000000000e+08 -3.313899520000000000e+08
5.103214400000000000e+07 -1.172948320000000000e+08 -1.039328400000000000e+07
8.560200800000000000e+07 -2.354126240000000000e+08 -5.680297200000000000e+07
2.513658400000000000e+08 -1.445420640000000000e+08 2.640768800000000000e+08
1.316488080000000000e+08 -1.526353600000000000e+08 -8.418060000000000000e+07
6.014898800000000000e+07 -9.444425600000000000e+07 2.239931840000000000e+08
1.090622640000000000e+08 -1.659204480000000000e+08 -1.079236875000000000e+06
6.235306400000000000e+07 -2.504340320000000000e+08 2.503801120000000000e+08
1.979058600000000000e+07 -9.518399200000000000e+07 -3.134370200000000000e+07
1.859870600000000000e+07 -1.394323680000000000e+08 -1.574940320000000000e+08
9.200319200000000000e+07 -1.207504320000000000e+08 -4.342604400000000000e+07
-5.604957200000000000e+07 -8.930523200000000000e+07 6.638232400000000000e+07
3.923651200000000000e+07 -1.337706240000000000e+08 -7.281393600000000000e+07
1.368029760000000000e+08 -1.398178240000000000e+08 3.496592640000000000e+08
6.378829200000000000e+07 -3.193535600000000000e+07 1.163545280000000000e+08
9.441564000000000000e+07 -1.314204320000000000e+08 9.213226400000000000e+07
4.584165500000000000e+06 -1.836949440000000000e+08 7.532727200000000000e+07
1.360482080000000000e+08 -3.165346880000000000e+08 7.821029600000000000e+07
1.296338320000000000e+08 -2.222059200000000000e+08 1.959409920000000000e+08
-8.904441600000000000e+07 -7.361288000000000000e+07 1.880566400000000000e+08
4.787386400000000000e+07 8.061753600000000000e+07 -1.230015040000000000e+08
-4.055134400000000000e+07 -2.143979040000000000e+08 -6.482434000000000000e+07
-1.100346480000000000e+08 -1.243521520000000000e+08 1.331235520000000000e+08
1.812367200000000000e+07 -7.818296800000000000e+07 5.359006500000000000e+06
-1.108747600000000000e+08 -1.881185120000000000e+08 4.011723840000000000e+08
-1.062442400000000000e+08 -1.294866900000000000e+07 1.022199920000000000e+08
-1.420822880000000000e+08 -5.695774800000000000e+07 1.924287400000000000e+07
-1.222081840000000000e+08 -1.714632960000000000e+08 1.351710400000000000e+08
2.900110400000000000e+07 -9.351128000000000000e+07 1.037960560000000000e+08
-4.627453200000000000e+07 -3.742648000000000000e+07 -5.510453125000000000e+05
-1.616556960000000000e+08 3.791931200000000000e+07 7.981146400000000000e+07
-3.163476160000000000e+08 -7.761042400000000000e+07 -2.959918600000000000e+07
-1.299392400000000000e+08 -1.623986700000000000e+07 -4.485981000000000000e+06
-1.361285440000000000e+08 -1.176913840000000000e+08 2.170378080000000000e+08
-1.164967360000000000e+08 -1.062958560000000000e+08 6.474069200000000000e+07
-3.351910400000000000e+07 -1.612969120000000000e+08 5.604218500000000000e+06
-4.714712000000000000e+07 -6.277349500000000000e+06 1.468044000000000000e+08
-2.738452160000000000e+08 -2.303882080000000000e+08 1.307906880000000000e+08
-3.014820000000000000e+07 -2.638938720000000000e+08 -1.552718720000000000e+08
-2.537323400000000000e+07 -1.778621760000000000e+08 -1.355867040000000000e+08
-5.646154400000000000e+07 -2.668705250000000000e+06 -1.029816720000000000e+08
-5.577214000000000000e+07 -1.721454720000000000e+08 -4.826991600000000000e+07
-2.855849600000000000e+08 -1.024274800000000000e+08 8.938623200000000000e+07
-6.672471200000000000e+07 -6.398799600000000000e+07 1.018327800000000000e+07
-6.313312800000000000e+07 -8.577759200000000000e+07 4.978814400000000000e+07
-4.408194000000000000e+07 -2.781693440000000000e+08 -2.143393440000000000e+08
-1.477220000000000000e+08 -1.931869600000000000e+08 1.361655200000000000e+08
-1.523197120000000000e+08 1.018286000000000000e+07 1.405965280000000000e+08
-2.078483360000000000e+08 -1.370987300000000000e+07 4.058334800000000000e+07
-1.442257120000000000e+08 -1.172025700000000000e+07 8.595020800000000000e+07
-2.527077120000000000e+08 -6.903741600000000000e+07 4.628072640000000000e+08
-1.476172800000000000e+08 -1.989140320000000000e+08 -1.166120900000000000e+07
-2.176800000000000000e+08 -1.311717800000000000e+07 1.358549920000000000e+08
-3.679487200000000000e+07 -1.565295040000000000e+08 -1.186027520000000000e+08
-2.705350080000000000e+08 -1.047722960000000000e+08 2.163008800000000000e+08
-4.506697600000000000e+07 -3.206229440000000000e+08 -2.827952640000000000e+08
-8.956969600000000000e+07 -1.016841440000000000e+08 6.465358800000000000e+07
-1.883698400000000000e+08 -2.264143520000000000e+08 -6.511269000000000000e+06
-2.476124000000000000e+08 2.654253800000000000e+07 3.165673600000000000e+08
-1.223909760000000000e+08 -1.593652640000000000e+08 2.384205760000000000e+08
-1.751903200000000000e+08 -1.966319040000000000e+08 5.734386560000000000e+08
-7.389242400000000000e+07 -3.086505600000000000e+08 -3.259271040000000000e+08
-1.855873920000000000e+08 -1.046198720000000000e+08 -4.545207500000000000e+06
-4.128288000000000000e+08 8.723789600000000000e+07 2.540180640000000000e+08
-2.509615360000000000e+08 1.592196300000000000e+07 3.106912960000000000e+08
-3.219540480000000000e+08 1.253569920000000000e+08 1.434198240000000000e+08
-2.507179040000000000e+08 -2.605144000000000000e+07 -1.141323875000000000e+06
-8.704863200000000000e+07 8.887542400000000000e+07 7.230852800000000000e+07
-5.878950800000000000e+07 -2.917304640000000000e+08 -2.952051200000000000e+08
-5.503569280000000000e+08 1.748729600000000000e+08 5.305562880000000000e+08
-2.344272320000000000e+08 -1.321358480000000000e+08 6.826513600000000000e+07
-2.157366720000000000e+08 3.599725200000000000e+07 4.340282400000000000e+07
-2.369746560000000000e+08 -1.815451400000000000e+07 6.330258400000000000e+07
-2.643251200000000000e+08 -1.520155900000000000e+07 1.205455920000000000e+08
-2.720631040000000000e+08 -1.096544560000000000e+08 1.661419840000000000e+08
-2.916166720000000000e+08 -6.150463600000000000e+07 2.850496000000000000e+08
-1.519912160000000000e+08 -7.212396800000000000e+07 -3.671604400000000000e+07
-3.959673600000000000e+08 6.501156000000000000e+06 2.624360000000000000e+08
-3.065913920000000000e+08 1.215932400000000000e+08 2.847213120000000000e+08
-1.727283520000000000e+08 -6.385290400000000000e+07 -4.924605600000000000e+07
-2.589466080000000000e+08 -1.573494560000000000e+08 -4.579666800000000000e+07
-1.899233760000000000e+08 -8.121503200000000000e+07 -1.023126400000000000e+07
-3.127216000000000000e+08 -9.543367000000000000e+06 2.399499200000000000e+08
-2.991781760000000000e+08 -2.083007600000000000e+07 1.603817280000000000e+08
-4.854177280000000000e+08 9.273686400000000000e+07 4.224919680000000000e+08
-6.567111600000000000e+07 -2.109083200000000000e+08 -1.244092480000000000e+08
-2.463627840000000000e+08 1.048001120000000000e+08 -2.473736200000000000e+07
-2.571812160000000000e+08 3.654968800000000000e+07 -2.075942400000000000e+07
-1.067665840000000000e+08 -1.795457280000000000e+08 -1.843126880000000000e+08
-2.608488160000000000e+08 -1.080342640000000000e+08 5.801987600000000000e+07
-2.554994240000000000e+08 -9.696132000000000000e+07 2.594170400000000000e+08
2.010831000000000000e+07 9.379898400000000000e+07 4.243086720000000000e+08
-3.545248640000000000e+08 1.350632000000000000e+08 2.065542400000000000e+08
-3.529927040000000000e+08 -1.007070560000000000e+08 2.225906240000000000e+08
-3.361250240000000000e+08 4.940356800000000000e+07 1.666143840000000000e+08
-4.966409600000000000e+07 -3.527048000000000000e+08 -3.827611840000000000e+08
-6.250451840000000000e+08 3.367282400000000000e+07 3.798755520000000000e+08
-4.406020800000000000e+08 6.771080800000000000e+07 1.543341120000000000e+08
-3.563716800000000000e+08 -8.019912800000000000e+07 -1.445345200000000000e+07
-3.686330560000000000e+08 1.308097800000000000e+07 5.967327600000000000e+07
-4.118256000000000000e+08 1.688988640000000000e+08 3.024756480000000000e+08
-3.111186240000000000e+08 -1.062125600000000000e+08 1.646840800000000000e+08
-3.742619200000000000e+08 -1.606878300000000000e+07 1.060570320000000000e+08
-3.569225600000000000e+08 -3.374340000000000000e+07 1.822537920000000000e+08
-4.159675840000000000e+08 -3.402987600000000000e+07 1.955353440000000000e+08
-4.129434240000000000e+08 5.456122800000000000e+07 2.361058080000000000e+08
-3.296560640000000000e+08 -1.022566560000000000e+08 1.615561600000000000e+08
-2.515564960000000000e+08 -7.022599200000000000e+07 -6.765625600000000000e+07
-4.910721280000000000e+08 1.783893280000000000e+08 2.982175040000000000e+08
-2.516983680000000000e+08 -1.926554600000000000e+07 -1.018156080000000000e+08
-3.848427840000000000e+08 1.006673280000000000e+08 6.499473280000000000e+08
-2.616220960000000000e+08 -1.122276880000000000e+08 -7.150001600000000000e+07
-1.901483360000000000e+08 -9.106524000000000000e+07 -6.756384000000000000e+07
-3.817553280000000000e+08 6.984760000000000000e+07 3.572034400000000000e+07
-2.671444160000000000e+08 -2.245291520000000000e+08 -1.167537680000000000e+08
-6.335697280000000000e+08 2.943813120000000000e+08 3.454008960000000000e+08
-3.257966400000000000e+08 -1.161838160000000000e+08 2.368704500000000000e+06
-7.749335680000000000e+08 1.601740000000000000e+08 4.964812160000000000e+08
-4.860564160000000000e+08 1.101370880000000000e+08 1.166228320000000000e+08
-2.049762400000000000e+08 6.371690800000000000e+07 -1.498559840000000000e+08
-3.500687680000000000e+08 -1.804935200000000000e+07 -4.504782800000000000e+07
-4.998045760000000000e+08 2.615583360000000000e+08 1.322828320000000000e+08
-4.258555840000000000e+08 -6.807143200000000000e+07 8.351395200000000000e+07
-2.752649600000000000e+08 -8.698413600000000000e+07 -1.002668880000000000e+08
-4.133601920000000000e+08 -7.033527500000000000e+06 1.251319920000000000e+08
-5.507896960000000000e+08 1.591960320000000000e+08 1.701596960000000000e+08
-5.212913280000000000e+08 -6.489072800000000000e+07 1.516076000000000000e+08
-1.186964400000000000e+08 -2.564267840000000000e+08 -2.588415680000000000e+08
-3.462969920000000000e+08 -1.076288800000000000e+08 -5.820429200000000000e+07
-3.296976640000000000e+08 -7.309085600000000000e+07 -2.781585750000000000e+06
-5.452056960000000000e+08 2.040739520000000000e+08 1.757781280000000000e+08
-5.860449920000000000e+08 -7.047611200000000000e+07 1.722845760000000000e+08
-3.406244480000000000e+08 -9.836985600000000000e+07 -3.654503600000000000e+07
-3.734973760000000000e+08 2.719927000000000000e+06 -6.341674800000000000e+07
-5.089166400000000000e+08 1.853466400000000000e+08 -1.296975250000000000e+06
-4.940795840000000000e+08 8.786884000000000000e+07 9.882661600000000000e+07
-4.565483200000000000e+08 7.234671200000000000e+07 2.899953600000000000e+07
-4.303614720000000000e+08 7.668194400000000000e+07 9.617476800000000000e+07
-4.561746560000000000e+08 3.084064200000000000e+07 3.206329800000000000e+07
-5.303152320000000000e+08 1.083565920000000000e+08 1.761422080000000000e+08
-5.022225600000000000e+08 3.941478800000000000e+07 1.173148960000000000e+08
-5.082749760000000000e+08 1.562048800000000000e+08 1.684531680000000000e+08
-7.245978880000000000e+08 1.822409440000000000e+08 2.792047040000000000e+08
-3.359851200000000000e+08 1.161259280000000000e+08 -7.579368000000000000e+07
-6.040937600000000000e+08 2.216076320000000000e+08 9.603473600000000000e+07
-3.594140480000000000e+08 -4.072674000000000000e+07 -4.651738400000000000e+07
-7.074281600000000000e+08 9.955029600000000000e+07 3.787749120000000000e+08
-4.989867200000000000e+08 2.567078080000000000e+08 1.493903200000000000e+08
-2.514639040000000000e+08 -1.923978800000000000e+07 -1.527036000000000000e+08
-4.878835200000000000e+08 2.616972320000000000e+08 -5.908112800000000000e+07
-3.999876480000000000e+08 -1.075556800000000000e+08 -2.189110800000000000e+07
-3.327503360000000000e+08 4.089436400000000000e+07 -1.491877120000000000e+08
-7.458356480000000000e+08 2.224684320000000000e+08 3.770380800000000000e+08
-4.233116800000000000e+08 -1.608132800000000000e+07 -8.288015200000000000e+07
-4.693008960000000000e+08 5.341457600000000000e+07 -1.194640000000000000e+08
-4.564939200000000000e+08 1.335995440000000000e+08 -3.539237600000000000e+07
-6.620387840000000000e+08 1.073854240000000000e+08 2.253234720000000000e+08
-5.791471360000000000e+08 2.294652000000000000e+07 1.979276960000000000e+08
-5.241642240000000000e+08 5.241422800000000000e+07 -1.014038960000000000e+08
-5.142306880000000000e+08 1.302196240000000000e+08 -6.216011200000000000e+07
-6.362010880000000000e+08 1.673012800000000000e+08 1.931645600000000000e+08
-5.166933760000000000e+08 7.720416800000000000e+07 -1.332201760000000000e+08
-4.870486080000000000e+08 -3.809702400000000000e+07 -5.175900800000000000e+07
-4.221968960000000000e+08 -8.057033600000000000e+07 -7.297578400000000000e+07
-5.960285440000000000e+08 7.516268000000000000e+07 1.227866560000000000e+08
-3.626100800000000000e+08 6.992684000000000000e+07 -1.462787680000000000e+08
-3.963312320000000000e+08 -1.204955360000000000e+08 -8.425117600000000000e+07
-2.599424640000000000e+08 -1.810297120000000000e+08 -2.282348320000000000e+08
-7.606194560000000000e+08 1.684542720000000000e+08 8.787176000000000000e+07
-6.040489600000000000e+08 1.420544600000000000e+07 5.445998400000000000e+07
-3.642330240000000000e+08 -5.019822800000000000e+07 -1.728422880000000000e+08
-6.996884480000000000e+08 2.069301280000000000e+08 1.277428240000000000e+08
-6.225418240000000000e+08 -3.970039200000000000e+07 4.415183200000000000e+07
-7.963242240000000000e+08 3.351255360000000000e+08 9.439168000000000000e+07
-5.304960000000000000e+08 -2.166202000000000000e+06 -1.061619360000000000e+08
-6.610375040000000000e+08 1.226196320000000000e+08 1.995447800000000000e+07
-5.694668800000000000e+08 2.929510080000000000e+08 -1.301377040000000000e+08
-3.209191360000000000e+08 -9.497745600000000000e+07 -2.436750240000000000e+08
-4.836932480000000000e+08 3.396680800000000000e+07 -9.659924000000000000e+07
-2.559616800000000000e+08 -8.393084800000000000e+07 -3.416713920000000000e+08
-7.410066560000000000e+08 4.285770800000000000e+07 6.348751600000000000e+07
-6.332071040000000000e+08 9.815008000000000000e+07 -4.234342400000000000e+07
-5.978575360000000000e+08 3.461144960000000000e+08 -1.210007280000000000e+08
-6.508995840000000000e+08 3.081849600000000000e+08 -1.884133120000000000e+08
-2.612793280000000000e+08 -5.952443600000000000e+07 -3.042248640000000000e+08
-4.961496320000000000e+08 2.432870080000000000e+08 -2.088991680000000000e+08
-6.579825280000000000e+08 3.954527040000000000e+08 -1.143672240000000000e+08
-4.832015680000000000e+08 1.502113120000000000e+08 -2.344977600000000000e+08
-6.604866560000000000e+08 3.600204800000000000e+08 -3.216244400000000000e+07
-5.014377280000000000e+08 1.132272640000000000e+08 -1.848849600000000000e+08
-5.601655040000000000e+08 3.115339840000000000e+08 -2.513897920000000000e+08
-5.252456320000000000e+08 3.036073920000000000e+08 -2.819327040000000000e+08
-5.363729920000000000e+08 2.552848960000000000e+08 -2.347267680000000000e+08
-5.391075840000000000e+08 4.045406080000000000e+08 -2.839400320000000000e+08
-6.069619200000000000e+08 4.810543680000000000e+08 -2.445756480000000000e+08
-5.835353600000000000e+08 2.598104960000000000e+08 -1.750584640000000000e+08
-5.088065280000000000e+08 5.963009920000000000e+08 -3.184598080000000000e+08
-5.048014720000000000e+08 5.567838080000000000e+08 -3.288752960000000000e+08
-4.642539200000000000e+08 3.425495680000000000e+08 -2.766503360000000000e+08
-4.585001280000000000e+08 4.126335040000000000e+08 -2.965123520000000000e+08
-5.276088640000000000e+08 4.783387520000000000e+08 -3.080965760000000000e+08
-5.867888000000000000e+08 3.755198720000000000e+08 -2.316598400000000000e+08
-5.946787200000000000e+08 6.070279680000000000e+08 -2.727037440000000000e+08
-7.545351680000000000e+08 5.432883200000000000e+08 -5.180292800000000000e+07
-6.192044800000000000e+08 4.944758720000000000e+08 -2.828280320000000000e+08
-5.646956800000000000e+08 4.227521600000000000e+08 -2.380395360000000000e+08
-5.218022800000000000e+07 -4.323703360000000000e+08 -4.624770560000000000e+08
-4.408557120000000000e+08 6.507697920000000000e+08 -3.283325120000000000e+08
-5.014115840000000000e+08 7.109022720000000000e+08 -3.271408960000000000e+08
-7.961224960000000000e+08 1.092081536000000000e+09 -2.122582400000000000e+08
-5.014604800000000000e+07 1.806716320000000000e+08 -4.373007680000000000e+08
-5.090398400000000000e+08 1.597964928000000000e+09 -3.253579200000000000e+08
-1.913686880000000000e+08 8.619012480000000000e+08 -4.036030080000000000e+08
-6.792279040000000000e+08 2.335049216000000000e+09 -3.818560000000000000e+08
-6.936566500000000000e+06 -5.136842240000000000e+08 -4.647441600000000000e+08
-4.117723200000000000e+07 -6.945183360000000000e+08 -4.782123840000000000e+08
-4.117723200000000000e+07 -6.945183360000000000e+08 -4.782123840000000000e+08
-4.117723200000000000e+07 -6.945183360000000000e+08 -4.782123840000000000e+08
-4.117723200000000000e+07 -6.945183360000000000e+08 -4.782123840000000000e+08
-4.117723200000000000e+07 -6.945183360000000000e+08 -4.782123840000000000e+08
-4.117723200000000000e+07 -6.945183360000000000e+08 -4.782123840000000000e+08
-4.117723200000000000e+07 -6.945183360000000000e+08 -4.782123840000000000e+08
2.299810600000000000e+07 -2.736247680000000000e+08 -3.310116160000000000e+08
1.280767200000000000e+08 -1.048670720000000000e+08 4.565484400000000000e+07
1.243118160000000000e+08 2.717317200000000000e+07 -6.304867000000000000e+06
5.846764000000000000e+07 -9.850852000000000000e+06 1.395392640000000000e+08
5.780301600000000000e+07 -3.703116400000000000e+07 -1.487827360000000000e+08
3.795862080000000000e+08 1.846458240000000000e+08 3.957951040000000000e+08
8.725281600000000000e+07 1.067762880000000000e+08 -1.780899400000000000e+07
7.618848000000000000e+07 -4.805200400000000000e+07 1.388448480000000000e+08
1.538458400000000000e+08 -3.108379000000000000e+07 6.682536400000000000e+07
6.427643600000000000e+07 -1.090379120000000000e+08 -7.323775200000000000e+07
1.437341280000000000e+08 1.604129120000000000e+08 -3.515001200000000000e+07
2.002679360000000000e+08 1.569643680000000000e+08 4.308044480000000000e+08
1.092271680000000000e+08 -1.197373600000000000e+08 8.552290400000000000e+07
1.105162400000000000e+08 -5.781117200000000000e+07 -4.351930400000000000e+07
1.174368160000000000e+08 -5.477450800000000000e+07 -1.784162240000000000e+08
1.966660640000000000e+08 4.220596000000000000e+07 1.977890200000000000e+07
7.657362400000000000e+07 -9.129490400000000000e+07 -3.847128000000000000e+07
1.266104720000000000e+08 -9.846323200000000000e+07 5.295278000000000000e+06
9.474476800000000000e+07 -2.512566200000000000e+07 -9.886831200000000000e+07
-6.974718750000000000e+05 -4.766749760000000000e+08 -4.177102400000000000e+08
1.230461760000000000e+08 -1.713651200000000000e+08 -1.376653600000000000e+08
2.484459360000000000e+08 -1.253872720000000000e+08 3.771685120000000000e+08
2.340558400000000000e+07 -3.185576640000000000e+08 -2.642464800000000000e+08
2.942950080000000000e+08 8.981249600000000000e+07 3.056969000000000000e+07
6.928776800000000000e+07 -3.349774080000000000e+08 -3.289628800000000000e+08
1.358487200000000000e+08 -1.773725120000000000e+08 2.665392160000000000e+08
2.300638720000000000e+08 -9.062663200000000000e+07 7.300298400000000000e+07
2.566146880000000000e+08 -8.701508800000000000e+07 1.741827840000000000e+08
2.187411840000000000e+08 -1.363527200000000000e+08 8.157724800000000000e+07
1.322897120000000000e+08 -1.282480160000000000e+08 4.863186000000000000e+07
2.700175360000000000e+08 -6.570136000000000000e+07 1.413270560000000000e+08
1.050801600000000000e+08 -2.323796000000000000e+08 -2.392948160000000000e+08
3.755781760000000000e+08 -6.292157600000000000e+07 4.506918720000000000e+08
2.818844800000000000e+08 -1.014524000000000000e+08 4.577592400000000000e+07
2.391333280000000000e+08 -5.880744000000000000e+07 -3.721483500000000000e+06
2.543772480000000000e+08 -2.374589000000000000e+06 1.172507920000000000e+08
2.183668640000000000e+08 -1.856865280000000000e+08 -9.441308800000000000e+07
2.964704960000000000e+08 -5.119361600000000000e+07 4.591527360000000000e+08
1.900257280000000000e+08 -3.041596200000000000e+07 -3.295817800000000000e+07
3.064739200000000000e+08 -1.495506080000000000e+08 1.376712960000000000e+08
3.681698560000000000e+08 -3.807933600000000000e+07 2.400697400000000000e+07
2.599819840000000000e+08 -1.404454080000000000e+08 1.090140640000000000e+08
3.249402560000000000e+08 -8.987198400000000000e+07 4.369502800000000000e+07
4.638043200000000000e+08 -2.802903800000000000e+07 2.154117600000000000e+08
3.658846080000000000e+08 -2.408306080000000000e+08 1.626290080000000000e+08
2.757100480000000000e+08 -2.349072960000000000e+08 2.485221600000000000e+08
3.474153920000000000e+08 -9.061484800000000000e+07 9.469852800000000000e+07
4.897098880000000000e+08 -1.343903200000000000e+08 2.476304800000000000e+08
3.670538560000000000e+08 -1.808123520000000000e+08 5.062524400000000000e+07
3.570598080000000000e+08 -2.399598400000000000e+08 2.122414720000000000e+08
3.866415600000000000e+07 -4.361499200000000000e+08 -4.114585920000000000e+08
4.097266240000000000e+08 -1.358018720000000000e+08 3.123496960000000000e+08
3.022999040000000000e+08 -1.814776800000000000e+08 1.801510200000000000e+07
3.219481600000000000e+08 -1.833338080000000000e+08 -7.188916800000000000e+07
3.809687680000000000e+08 -2.040201440000000000e+08 3.716505200000000000e+07
3.633965120000000000e+08 -9.885864000000000000e+07 -1.180586800000000000e+08
2.419407360000000000e+08 -1.523315520000000000e+08 -2.827659520000000000e+08
2.769390720000000000e+08 -3.020677120000000000e+08 -3.219730800000000000e+07
2.966459520000000000e+08 -1.731259040000000000e+08 -2.128300800000000000e+08
3.207768960000000000e+08 -1.299434400000000000e+08 -1.485121600000000000e+08
5.038129600000000000e+08 -1.569466400000000000e+08 2.514051200000000000e+08
4.429303040000000000e+08 -1.478868480000000000e+08 5.875562000000000000e+07
5.617886720000000000e+08 -1.172602560000000000e+08 3.186851200000000000e+08
6.283871360000000000e+08 -1.717934080000000000e+08 3.873558720000000000e+08
4.142407360000000000e+08 -2.213892800000000000e+08 -8.159148500000000000e+06
3.828704320000000000e+08 -6.298795200000000000e+07 -1.320295440000000000e+08
3.854015040000000000e+08 -1.371697760000000000e+08 -1.264442480000000000e+08
6.560565120000000000e+08 1.256003680000000000e+08 2.745587600000000000e+07
5.453098880000000000e+08 -1.532479680000000000e+08 -4.440367600000000000e+07
5.840742400000000000e+08 -7.235695200000000000e+07 -4.561351200000000000e+07
5.434157440000000000e+08 -1.228332480000000000e+08 4.852183000000000000e+06
5.026892160000000000e+08 -2.226782720000000000e+08 1.210367120000000000e+08
6.523569280000000000e+08 4.942486800000000000e+07 7.661411200000000000e+07
4.703879680000000000e+08 -1.024146640000000000e+08 -1.672984160000000000e+08
6.786653440000000000e+08 1.941023600000000000e+07 7.305603200000000000e+07
6.325355520000000000e+08 -4.337854800000000000e+07 1.987643840000000000e+08
5.231656320000000000e+08 -4.326503600000000000e+07 -1.638869440000000000e+08
6.276385920000000000e+08 -7.212447200000000000e+07 9.202680800000000000e+07
6.917929600000000000e+08 -1.353091200000000000e+08 3.560555520000000000e+08
4.332353280000000000e+08 -1.189250160000000000e+08 -2.376379200000000000e+08
6.571559040000000000e+08 1.498163680000000000e+08 -1.869331680000000000e+08
9.796170880000000000e+08 2.445424320000000000e+08 3.129127040000000000e+08
7.631607680000000000e+08 1.202982000000000000e+08 4.254972000000000000e+07
8.134107520000000000e+08 1.757424480000000000e+08 -4.885721200000000000e+07
1.821320800000000000e+08 -3.198519360000000000e+08 -3.430572800000000000e+08
1.456593536000000000e+09 5.220656320000000000e+08 1.137135616000000000e+09
8.352719360000000000e+08 1.888421600000000000e+08 2.073530080000000000e+08
8.222699520000000000e+08 1.336777120000000000e+08 9.650168000000000000e+07
8.834808320000000000e+08 1.387084960000000000e+08 3.983666560000000000e+08
5.620497280000000000e+08 1.360185120000000000e+08 -2.441244160000000000e+08
5.932147840000000000e+08 4.743893600000000000e+07 -1.403036960000000000e+08
1.262758272000000000e+09 7.188880640000000000e+08 3.058751040000000000e+08
7.698069120000000000e+08 1.849351520000000000e+08 1.216867840000000000e+08
7.695668480000000000e+08 2.011700480000000000e+08 -1.343695840000000000e+08
9.357289600000000000e+08 4.912770240000000000e+08 -5.311642000000000000e+07
7.255968000000000000e+08 2.705142400000000000e+08 -1.271012000000000000e+08
1.229866752000000000e+09 6.151944960000000000e+08 4.247562240000000000e+08
5.410896640000000000e+08 1.914207840000000000e+08 -2.247333440000000000e+08
9.951662080000000000e+08 8.684945920000000000e+08 -2.886374400000000000e+08
9.323196160000000000e+08 8.204121600000000000e+08 -2.317015680000000000e+08
3.279198400000000000e+08 -8.275588000000000000e+07 -3.514400320000000000e+08
4.224289280000000000e+08 1.510483040000000000e+08 -3.827687040000000000e+08
8.232242560000000000e+08 6.686004480000000000e+08 -2.009357280000000000e+08
-4.117723200000000000e+07 -6.945183360000000000e+08 -4.782123840000000000e+08
-4.117723200000000000e+07 -6.945183360000000000e+08 -4.782123840000000000e+08
-4.117723200000000000e+07 -6.945183360000000000e+08 -4.782123840000000000e+08
-4.117723200000000000e+07 -6.945183360000000000e+08 -4.782123840000000000e+08
-4.117723200000000000e+07 -6.945183360000000000e+08 -4.782123840000000000e+08
-4.117723200000000000e+07 -6.945183360000000000e+08 -4.782123840000000000e+08
-4.117723200000000000e+07 -6.945183360000000000e+08 -4.782123840000000000e+08
-4.117723200000000000e+07 -6.945183360000000000e+08 -4.782123840000000000e+08
3.059300160000000000e+08 7.716612800000000000e+07 -3.790630080000000000e+08
6.798815360000000000e+08 5.309398080000000000e+08 -2.974089600000000000e+08
7.685228800000000000e+08 5.009037760000000000e+08 -1.810498400000000000e+08
9.531693440000000000e+08 9.338705280000000000e+08 -1.813637120000000000e+08
1.443547136000000000e+09 1.469464192000000000e+09 -8.845578400000000000e+07
7.437762560000000000e+08 4.170721920000000000e+08 -4.113892000000000000e+07
1.095666688000000000e+09 7.678319360000000000e+08 -1.272845440000000000e+08
8.880828160000000000e+08 6.058213760000000000e+08 -1.959843360000000000e+08
1.357467648000000000e+09 1.104172160000000000e+09 -4.746846000000000000e+07
4.404991040000000000e+08 7.320457600000000000e+07 -2.975556800000000000e+08
7.498845440000000000e+08 3.661092160000000000e+08 -1.949932320000000000e+08
3.599609600000000000e+08 -7.288737600000000000e+07 -3.033013760000000000e+08
7.773375360000000000e+08 2.545532640000000000e+08 4.704535200000000000e+07
7.852202240000000000e+08 1.155147360000000000e+08 8.749073600000000000e+07
8.836444800000000000e+08 2.488267680000000000e+08 5.948773600000000000e+07
6.838341120000000000e+08 2.138577920000000000e+08 -1.513804800000000000e+08
6.207336960000000000e+08 8.634680800000000000e+07 -3.911206800000000000e+07
8.778108160000000000e+08 2.981067200000000000e+08 -3.094330600000000000e+07
7.286163840000000000e+08 2.485633760000000000e+08 -1.253301040000000000e+08
8.516208000000000000e+08 2.199469760000000000e+08 1.064929300000000000e+07
7.382831360000000000e+08 1.848159040000000000e+08 1.125716560000000000e+08
8.955891840000000000e+08 1.599615200000000000e+08 9.076178400000000000e+07
8.116925440000000000e+08 9.305075200000000000e+07 1.504200800000000000e+08
9.195208960000000000e+08 1.348576960000000000e+08 2.808688640000000000e+08
7.041264640000000000e+08 2.088665280000000000e+08 -1.620564640000000000e+08
5.698382080000000000e+08 -2.329138000000000000e+07 -2.365963000000000000e+07
2.013534240000000000e+08 -3.339963840000000000e+08 -3.706996480000000000e+08
6.907907200000000000e+08 1.145536480000000000e+08 -3.516390400000000000e+07
6.324632320000000000e+08 -4.709591200000000000e+07 1.617869800000000000e+07
5.195001280000000000e+08 -9.260770400000000000e+07 -2.770869800000000000e+07
7.269076480000000000e+08 6.836304000000000000e+07 6.178663200000000000e+07
8.560117760000000000e+08 3.745679360000000000e+08 -9.990040000000000000e+07
6.334778880000000000e+08 -1.846607000000000000e+07 2.059693120000000000e+08
5.836052480000000000e+08 -4.731646800000000000e+07 9.056576800000000000e+07
5.956942720000000000e+08 -7.250773600000000000e+07 1.961176160000000000e+08
4.562529280000000000e+08 -2.246639800000000000e+07 -9.342656800000000000e+07
5.440289920000000000e+08 -8.607449600000000000e+07 1.226675760000000000e+08
1.533761440000000000e+08 -3.283952960000000000e+08 -3.431843520000000000e+08
5.862006400000000000e+08 -1.601936400000000000e+07 8.053188800000000000e+07
3.721917120000000000e+08 -1.741802080000000000e+08 -1.176391840000000000e+08
6.944053120000000000e+08 -1.481182300000000000e+07 2.205936960000000000e+08
4.488091840000000000e+08 -1.338969840000000000e+08 1.421475900000000000e+07
6.212478720000000000e+08 -5.495263600000000000e+07 1.831533760000000000e+08
4.661886080000000000e+08 -7.713998400000000000e+07 1.903692480000000000e+08
3.249863360000000000e+08 -2.717790400000000000e+08 -1.053251680000000000e+08
3.674851200000000000e+08 -8.645744000000000000e+07 -1.618645920000000000e+08
4.455626240000000000e+08 -5.480184400000000000e+07 2.591777600000000000e+07
3.277511360000000000e+08 -1.898682720000000000e+08 -1.008496560000000000e+08
4.907167680000000000e+08 -3.197040800000000000e+07 1.367469800000000000e+07
4.365968960000000000e+08 -1.728794080000000000e+08 -3.196025500000000000e+06
3.325392640000000000e+08 -2.099653440000000000e+08 -3.230870800000000000e+07
4.558885760000000000e+08 -1.456116800000000000e+08 3.361904800000000000e+07
4.439649920000000000e+08 -2.121256320000000000e+08 1.417046720000000000e+08
3.614291200000000000e+08 -2.473540800000000000e+08 -3.743987200000000000e+07
4.062726400000000000e+08 -2.070913760000000000e+08 1.012800800000000000e+08
4.272666560000000000e+08 -4.833041600000000000e+07 6.789346400000000000e+07
3.962955200000000000e+08 -1.174790480000000000e+08 -2.109468200000000000e+07
3.177472960000000000e+08 -2.479473600000000000e+08 6.443696400000000000e+07
3.163506880000000000e+08 -2.056962240000000000e+08 -1.521579360000000000e+08
4.392753280000000000e+08 -1.136218080000000000e+08 2.734935040000000000e+08
3.221791360000000000e+08 -4.901262000000000000e+07 -2.795612200000000000e+07
2.411855200000000000e+08 -2.486426240000000000e+08 -6.638082000000000000e+07
3.472776320000000000e+08 -9.635194400000000000e+07 5.955041200000000000e+07
1.944127520000000000e+08 -4.778407600000000000e+07 -1.783836960000000000e+08
2.340880640000000000e+08 -1.262238320000000000e+08 7.972054400000000000e+07
1.301997520000000000e+08 -2.236616480000000000e+08 -1.455491680000000000e+08
2.794170560000000000e+08 -6.828889600000000000e+07 -8.078267200000000000e+07
3.722736320000000000e+08 -3.824368400000000000e+07 6.803659375000000000e+05
1.951588640000000000e+08 -1.608726400000000000e+08 6.841985600000000000e+07
2.767851840000000000e+08 -2.476723360000000000e+08 1.969140200000000000e+07
4.309450240000000000e+08 -9.751569600000000000e+07 7.356570240000000000e+08
4.056265920000000000e+08 -2.411159200000000000e+08 4.500816960000000000e+08
1.635197280000000000e+08 -2.617900800000000000e+08 2.672876400000000000e+07
1.817762240000000000e+08 -1.406077280000000000e+08 -9.202517600000000000e+07
2.209277120000000000e+08 3.967566000000000000e+07 2.604725120000000000e+08
2.147401120000000000e+08 -1.587080960000000000e+08 1.104521600000000000e+08
2.443292000000000000e+08 -1.042274320000000000e+08 1.193003125000000000e+06
2.516615680000000000e+08 1.193594800000000000e+08 2.088709120000000000e+08
1.527506100000000000e+07 -3.400528320000000000e+08 -3.672161920000000000e+08
2.217938720000000000e+08 -2.037780480000000000e+08 2.104441600000000000e+07
4.280551680000000000e+08 -5.010254000000000000e+07 9.315375360000000000e+08
5.225102000000000000e+07 -2.804260160000000000e+08 -2.937553600000000000e+08
9.669492000000000000e+07 -1.615619840000000000e+08 8.864242000000000000e+06
2.050323040000000000e+08 -1.184074640000000000e+08 2.746839680000000000e+08
1.348400480000000000e+08 -8.144706400000000000e+07 2.878684160000000000e+08
8.049645600000000000e+07 -6.596822000000000000e+07 -4.104735600000000000e+07
1.491610400000000000e+08 -2.224957120000000000e+08 1.205178500000000000e+07
8.682901600000000000e+07 -2.163811680000000000e+08 2.510905600000000000e+07
1.242879760000000000e+08 -1.052996480000000000e+08 -7.708036000000000000e+07
1.715994880000000000e+08 -1.854716400000000000e+07 1.257463500000000000e+07
1.444790720000000000e+08 -2.063295360000000000e+08 -1.570623875000000000e+06
2.277126720000000000e+08 -2.492210240000000000e+08 4.281257920000000000e+08
1.494847840000000000e+08 -1.000096800000000000e+08 9.994718000000000000e+06
8.078068000000000000e+07 -1.346728960000000000e+08 2.381467600000000000e+07
1.006998960000000000e+08 -3.851549200000000000e+07 -3.413147500000000000e+06
1.111374640000000000e+08 -1.142165840000000000e+08 4.113395200000000000e+08
6.420454400000000000e+07 -2.976921000000000000e+07 4.994807200000000000e+07
3.899631600000000000e+07 -3.923404800000000000e+07 1.544483200000000000e+08
1.055870240000000000e+08 -5.167859600000000000e+07 1.059959120000000000e+08
3.368495600000000000e+07 -7.091964800000000000e+07 1.048991360000000000e+08
1.174757920000000000e+08 -2.637893800000000000e+07 5.256956400000000000e+07
4.213959600000000000e+07 -1.025643280000000000e+08 4.337194800000000000e+07
1.506845400000000000e+07 1.256451520000000000e+08 1.742519360000000000e+08
3.661482000000000000e+07 -3.900719200000000000e+07 2.568606080000000000e+08
1.238276640000000000e+08 -1.221815900000000000e+07 2.873812800000000000e+08
-3.454959200000000000e+07 -2.142612000000000000e+08 9.346815200000000000e+07
-1.040604400000000000e+07 -1.341604240000000000e+08 -1.869753400000000000e+07
2.319435840000000000e+08 -1.695900320000000000e+08 5.752967040000000000e+08
1.000342080000000000e+08 1.987142080000000000e+08 1.839717760000000000e+08
3.443864400000000000e+07 -1.571016800000000000e+08 1.548608800000000000e+08
6.892669600000000000e+07 4.004561200000000000e+07 1.391027680000000000e+08
7.974978125000000000e+05 -2.394091360000000000e+08 1.791623520000000000e+08
3.697151200000000000e+07 7.153547200000000000e+07 2.946828160000000000e+08
-7.470969600000000000e+07 -9.785955200000000000e+07 -8.016819200000000000e+07
-6.286097600000000000e+07 1.877781400000000000e+07 2.104135520000000000e+08
-5.054832800000000000e+07 -7.401572000000000000e+07 -5.092153200000000000e+07
2.214760800000000000e+07 2.202852200000000000e+07 7.453625600000000000e+07
-6.162602800000000000e+07 -2.034032200000000000e+07 5.490118800000000000e+07
1.270467800000000000e+07 -1.183418160000000000e+08 -1.593726080000000000e+08
3.733462400000000000e+07 -3.934142400000000000e+07 -1.086192240000000000e+08
2.097599800000000000e+07 1.654944320000000000e+08 4.739383360000000000e+08
7.182773600000000000e+07 1.892641760000000000e+08 3.714564800000000000e+07
5.878730800000000000e+07 5.509864400000000000e+07 1.874873120000000000e+08
-1.629375300000000000e+07 8.518292000000000000e+07 -2.252470500000000000e+06
7.784208000000000000e+07 2.323290200000000000e+07 1.254663280000000000e+08
9.570250000000000000e+06 -1.422016960000000000e+08 -1.984863840000000000e+08
2.836147200000000000e+07 -4.565977600000000000e+07 3.064525800000000000e+07
4.601575200000000000e+07 -1.758422400000000000e+08 -6.878914400000000000e+07
-2.590783400000000000e+07 -2.600473920000000000e+08 -3.358910080000000000e+08
-4.117723200000000000e+07 -6.945183360000000000e+08 -4.782123840000000000e+08
-4.117723200000000000e+07 -6.945183360000000000e+08 -4.782123840000000000e+08
-4.117723200000000000e+07 -6.945183360000000000e+08 -4.782123840000000000e+08
