-1.537548329101448737e-02 -1.829603680486159914e-02 1.455381016859400890e-02
-1.709152492076564459e-02 2.110455521010434245e-03 -9.930751474239780940e-03
1.848907875736783071e-02 7.879299990372169021e-03 4.641936600943310891e-03
1.219544297655736007e-02 -7.845309298437625270e-03 2.119450458640931290e-02
-1.583766398652471791e-02 5.882682751778576212e-03 -1.170922540724584314e-02
3.796154046129730344e+07 -2.207799686799561232e+07 1.823003921094917879e+07
3.935946694449281786e+06 -2.424922868255669624e+07 -3.483553865573179722e+07
3.752884323614171147e+07 2.522186291576834023e+07 1.006467760670233704e+07
6.217142964407975227e+07 -7.475455280813329853e+06 -1.439602540079088137e+07
-3.349851141411398072e+06 3.218662222409410030e+07 4.244211235469096154e+07
1.198812168605886772e+07 -7.486380652323774993e+06 -2.681997380161071941e+07
3.518078523397288285e+06 -1.287660443666912802e+07 -8.663913384432207793e+06
-1.903767125466217846e+07 1.487248106012865156e+07 6.407251420405426063e+06
-7.827832880041517317e+06 1.074347520404821821e+07 -3.848954306804836262e+06
-7.128856978565944359e+06 -5.944545026919806376e+06 1.933788181217318773e+07
1.423898852317124233e+07 -3.094252664826724213e+06 1.975933995838885754e+07
-1.779998529437223217e+06 2.186486158019164950e+07 -1.587919763488891767e+06
-7.739584300924093463e+06 -8.945098331900624558e+06 -1.664507412518726476e+07
1.314376392930662818e+07 1.188915541048212349e+07 -2.028698924997799471e+07
5.434025875271416269e+06 -5.248348981067043729e+06 1.474975594743530080e+07
1.549404243341656402e+06 -3.638420914805942215e+06 -2.695621440944034141e+06
9.276247086128976196e+06 -2.315085778578451369e+06 8.679672952617332339e+06
1.425266353762896731e+06 1.535492635453554802e+06 8.234773372434973717e+05
-8.764925739644797519e+06 7.068984122212560615e+05 1.448300515628383681e+07
1.745287880978607805e+06 1.338447395808252133e+07 1.269843866930487193e+07
1.356997223178904876e+07 -9.606541421528866515e+06 -3.486689969943637494e+06
-1.062287680792699568e+07 2.671850998740040231e+06 4.007957212691078428e+06
2.537761572055971250e+06 -1.020934069572550990e+07 -1.503208603137732297e+07
5.162862110958511010e+06 -1.084340190010285750e+07 -1.278789282183671556e+07
-5.537263729554909281e+06 5.014163440577250440e+05 -5.115892614589833654e+06
-1.245915330969358329e+06 -1.696103531155297300e+06 2.006512778335880022e+06
-1.163472831415413506e+07 7.846223060683167540e+06 -3.493090910470542032e+06
-5.455425023936450481e+06 9.567101135904597118e+06 1.683751782947060419e+06
1.699742240980190784e+07 8.648379202051259577e+06 1.374390854012713209e+07
7.240098755086080171e+06 1.197830158470306545e+07 7.955243668904655613e+06
-8.822232623309342191e+06 9.487486991079168394e+06 1.413716388377057156e+06
1.294717157921435125e+07 7.786085375130792148e+06 1.520709000665220618e+07
-3.923706681632024702e+06 -9.795795321749230847e+06 5.180075010539473034e+06
8.453951416443562135e+06 1.378730628309338540e+07 -1.062749221496037953e+07
1.439032749093950912e+07 1.556702907013521530e+07 9.550418612826520577e+06
-1.014737393071516231e+07 1.083878856051174738e+07 -4.987285549908507615e+06
-8.694432202201941982e+06 7.820106172382064164e+06 -7.052948633591197431e+06
-6.505697567593035288e+06 -1.647955805784968100e+07 4.342110125881573185e+06
-1.269223232208423503e+07 1.030074946719648689e+07 8.142595993286116980e+06
-2.425013449416796211e+06 -1.132213730190859735e+07 -1.183530882640301622e+07
5.035976889359873720e+06 1.664013293806470372e+07 -1.131937634560439922e+07
5.527761888190444559e+06 -1.460196418272234686e+07 -1.200643048778335750e+07
-7.521040140691515058e+06 -1.511818160582318716e+07 4.222348115139875561e+06
-7.843097067291493528e+06 8.162795667945279274e+05 5.675757917435496114e+06
-9.865555468154035509e+06 1.593125424821881391e+07 -3.593461080394962803e+06
8.109381261672745459e+06 8.311853938918872736e+06 1.328707734127998911e+07
-1.338331610822169855e+07 -8.203266266547497071e+04 -1.622272091353855794e+06
1.844182037557893636e+04 4.674122797071882524e+06 -1.606096297283274867e+07
-1.516825594868121296e+07 -1.204195045910173096e+07 -1.717854414287502319e+07
1.402203664671098068e+07 6.746864147109531041e+04 -1.043306647506377287e+07
9.618043446755755693e+06 -1.133613916912664101e+07 -1.064521069049068168e+07
1.470683377567983977e+07 -1.883750053744824603e+07 -3.327995332256395370e+06
-6.358510493074024562e+05 1.029601354992035031e+07 -1.087386135871191137e+07
1.125814013154835068e+07 2.263249854317868594e+05 7.240155570748654194e+06
1.323085355804306688e+06 1.521937116231826600e+06 -2.182962185464124777e+05
-8.035512840725234710e+06 -4.572016016099747270e+06 -1.276428122326112166e+07
-1.374468999049024470e+07 -1.218329257518379577e+07 5.053491442405369133e+06
8.743463971950894222e+06 7.385300721996001899e+06 1.731332969675500691e+07
6.879139783292680047e+06 -1.113935951299720071e+07 7.977582178864178248e+06
-1.081293890750014968e+07 -5.908059756891990080e+06 1.238198610030073114e+07
-1.018409281620516255e+07 1.266447802487618104e+07 -8.262239058025728911e+06
-3.037297606915642973e+06 3.210997397915257141e+06 7.583480204825798981e+06
1.134696743191814609e+07 -8.426571014700559899e+06 -1.373187898565125093e+07
-6.685640399761271663e+06 -1.049185480554020964e+07 -1.881206597623245046e+07
-1.092111734934836626e+07 9.180643612279368564e+06 -5.596717794649797725e+05
1.372491426645445824e+07 -1.824403834400165081e+07 1.127382063837409019e+07
-1.336433140030044131e+07 1.032414131509809755e+07 -3.600425272291167174e+06
3.094447939799922984e+06 -1.187864853944199905e+07 -3.099574472378426231e+06
1.658083070098830946e+07 1.072618980555045791e+07 2.175284460130020231e+07
-4.578610556545004249e+06 -9.441224201933115721e+06 -1.128747077801053599e+07
-1.095194779773024097e+07 -1.023201208348938148e+06 1.416665623215470929e+06
-7.040643849874891341e+06 1.415939569478044473e+07 -5.846920106439684518e+06
1.372225659424700076e+06 -5.764446568356090225e+06 1.834311341863745824e+07
2.220437164789434988e+06 -1.271002048936534300e+07 4.792534066707296297e+06
-2.618722116418955382e+06 -1.456970600395488925e+07 -7.354946196420396678e+06
-6.748433961250931956e+06 -1.130686744246901944e+07 1.446776941689038090e+07
-5.682473441346761771e+06 1.118973070980339497e+07 -1.535207427713508531e+07
-4.361283629693211988e+05 -1.154463310097113997e+07 -1.021152210012358613e+07
-1.270097918315351941e+06 -1.028345341738669202e+07 -5.756679285432595760e+06
-6.983570899372361600e+06 -8.532222152501907200e+06 9.143762130181485787e+06
-5.191989354925485328e+06 -1.038653973772688769e+07 -1.342820339927409030e+07
5.916114674376031384e+06 -3.172253639221790247e+06 1.007520784787831455e+07
-1.009069190936709382e+07 1.330213444720252044e+07 -9.765096035054026172e+06
-8.619538079614581540e+06 -1.312103376149591058e+06 -7.257866783950114623e+06
-6.025454647966596298e+06 -8.584412061522195116e+06 9.632946385706698522e+06
1.177196947039780393e+07 6.831399602049906738e+06 5.989204477743213065e+06
1.219276360768329725e+07 3.670400771409995388e+06 -1.167188063052928820e+07
-1.419964360658733919e+07 -3.745660529904575087e+06 -1.137042510271869041e+07
-5.627789534678112715e+06 5.157952235409660265e+06 1.381309778257173672e+07
8.801122634834419936e+06 -1.056328883608290926e+07 2.830799335869544884e+05
9.713997941491765901e+06 -7.500283090950620361e+06 -1.020951556324913725e+07
-1.226942995688038319e+07 1.321400750351889804e+07 1.386213332060591504e+07
-7.369635879554292187e+06 9.143367037317551672e+06 -5.486289183204491623e+06
-1.341124355619042739e+07 -1.410463186719552800e+07 4.497678012031104416e+06
8.547219197305494919e+06 -6.876005893262717873e+06 -2.362865024420395494e+06
-4.172103221702465322e+06 -1.106370167563556693e+07 7.190434879592912272e+06
-1.376552330525938794e+07 1.194840480667707697e+07 -1.499634247964897007e+07
-8.856420090106965508e+05 -1.482100720823954791e+06 1.167931827026283182e+07
5.803659737404236570e+06 -8.370590294720175676e+06 -1.094735714155627787e+07
5.275396270128437318e+06 8.802219563526405022e+06 -1.423809798097290657e+07
1.048161549239535630e+07 5.051666641368512996e+06 3.550150579493347555e+06
-3.768961270301955752e+06 -2.446510559864266962e+07 -1.354360963408058882e+07
-4.913328713659995236e+06 -1.549404300762968138e+07 -3.333031799375333823e+06
1.402471406940819882e+07 1.127360061797927506e+07 -1.205010544960624771e+06
9.991711192172860727e+06 -1.084811763445735909e+07 1.839681203261326253e+07
-1.132292845112871565e+07 -1.201175682553338353e+06 5.023401701277067885e+06
-9.486106084528178908e+05 4.366537007349047810e+06 -2.293221197244179901e+06
9.861507362702777609e+06 1.016045617881605774e+07 -1.303472503842595965e+07
-3.239194403218817897e+06 3.004306742815922480e+06 -2.268585718393153697e+07
-1.579381009639781713e+07 -6.370572648641490377e+06 7.985097265122982673e+06
2.172610375567730516e+06 -8.526700695016274403e+04 -1.195403953057547845e+07
1.155631578519671969e+07 -1.067047918497739732e+07 4.978123763541509397e+06
1.085895074534734711e+06 -2.767075963828818407e+06 -1.916686472643608693e+06
1.648785640383895719e+06 -1.241138542157491483e+07 -3.159048796312278137e+06
-1.149436724385732599e+07 -8.547585553395386785e+06 -5.948246432875007391e+06
4.104493423506138846e+06 -1.044757121546035074e+07 -1.544972170126043260e+07
-6.550254364961421117e+06 1.082040640718029067e+07 -3.130451824169467669e+06
-5.898336227852218784e+06 -7.912790559869108722e+06 -1.021971098238419928e+07
-8.975734295154154301e+06 -2.149361798786880448e+06 9.158387636288356036e+06
-1.396166830628415756e+07 1.704117893005501106e+07 1.625712960585101740e+06
-4.817453013703701086e+06 -6.078896960965268081e+05 7.657479191032240167e+06
-5.841109881846126169e+06 -5.215035623143208213e+06 -9.408772646735651651e+05
-1.894936753489941824e+06 6.397662265420486219e+06 -6.255087249613069929e+06
-1.495234259072621725e+07 -6.141922607245107181e+06 1.750181466064711334e+06
2.400843516719631385e+06 -9.214078472004223615e+06 4.904936423684375361e+06
-3.582198725267849397e+06 1.301336624214418977e+07 1.446092044876055419e+07
1.972695686964759836e+06 4.913888385685367975e+05 8.885129116089986637e+06
-3.054886244815906393e+05 -1.819546816132225841e+07 -7.297020131236269139e+06
3.590897206901904661e+06 -1.438224417030297965e+07 4.777497657520449720e+06
1.016294955389935896e+07 6.011851074989620596e+06 4.266111363311050460e+06
5.272251838137334213e+06 -7.268217232322431169e+06 6.327364690763673745e+06
-4.450574278118528891e+05 -1.148817931502602994e+07 4.009294542467745952e+06
6.393546766223915853e+06 -5.183811868087991141e+06 -1.588595375250663608e+07
-1.395875921844300814e+06 -9.259987377562457696e+06 2.029221207505889703e+06
-1.522372168400336616e+07 7.143799307619106025e+06 -1.181934405707341619e+07
-1.405071826961127855e+07 1.326074857989972644e+07 9.678126301828868687e+06
8.958995171817313880e+06 1.520684000787944347e+07 -4.083457279126723763e+06
-7.508711442792742513e+06 7.267471187507263385e+06 7.026639628794819117e+06
-4.153866168329641689e+06 -8.772567667022969574e+06 -4.249615636437777430e+06
1.011147415225060657e+07 6.266827001142459631e+04 -5.879947494854078628e+06
-7.927247291475052014e+06 -8.570645128795452416e+06 -1.482913551700282283e+07
-3.854637820980506483e+06 -1.005765761978516169e+07 7.266941411340152845e+06
-7.355993008379877545e+06 -1.576574996041861828e+06 -1.516141890146589605e+06
-1.337603314699809812e+07 -5.306388364121333696e+06 -1.832421848025131039e+06
-3.895352311897245818e+05 6.756669199080940336e+06 -1.055213745792509615e+07
-2.488631682851882651e+06 -3.653552382672852371e+06 -8.740666228205369785e+06
7.552071312333445996e+06 -7.162413982710185461e+06 1.538949250420499593e+07
2.069396250651438255e+06 1.209241697657194547e+07 2.650731737444254570e+06
-1.120844657144079357e+07 7.696971078191295266e+06 -3.850094914797293954e+06
1.109110960561839677e+07 -1.307752888229416870e+07 1.172679971244943328e+07
9.110842217542987317e+06 1.218432142938215286e+06 1.127610618153484724e+07
-5.391868540821180679e+06 3.590513564267211594e+06 -2.156636176311579067e+06
8.217895440986347385e+06 -3.235185652952296194e+06 -1.529665797595167905e+07
9.885433601782094687e+06 -8.584866650716155767e+06 -4.168667361391216982e+06
-1.487608022787381895e+06 6.574899563151334412e+06 3.816064761261069216e+06
-9.573787416189951822e+06 -8.095531361327419057e+06 1.153605401054112241e+07
9.174594356512892991e+06 -3.639703297844551853e+05 -1.919842530478299037e+07
1.085922506998975016e+07 7.683147112977398559e+06 -1.507470746458096430e+07
-2.169129795405517519e+07 7.424527252161311917e+05 4.426253154620023561e+05
-1.383569944954395294e+07 1.102717656202981994e+07 9.960981233029238880e+06
-3.259058378190309275e+06 5.532371075733441859e+06 1.666184514023595303e+07
-1.677627616614548303e+07 6.789009112803919706e+05 -1.117864504930452444e+07
-8.946703153851656243e+06 -5.977577329259576509e+05 1.114719715131059475e+07
-9.126409205998735502e+06 -9.437102419979272410e+06 -1.373513911021766625e+07
1.416195536199809611e+07 -4.209443859932493418e+06 -1.665005285921424069e+07
4.468305657278848230e+05 1.219507071094232239e+07 1.498778886140837707e+07
-4.725739659603256732e+06 1.411509182536836900e+07 -6.914515968516692519e+06
-9.276537354245575145e+06 -8.666668366691758856e+06 8.632365370803382248e+06
-1.645125896771959495e+06 4.692254500670161098e+06 -1.393185077951596305e+07
-1.298593218846857082e+06 -1.168481167672926746e+07 -9.584560056114371400e+05
1.119895552422167547e+07 -7.922884122076036409e+06 -6.597867043128203601e+06
-9.855662575163461268e+06 1.031773491228578053e+07 8.463674880556759890e+05
-1.257615781675368175e+07 9.917493477685693651e+06 -1.574761628692520596e+07
-1.499459222234096564e+07 -1.328074445668403059e+07 8.091903654178893194e+06
-1.509134020276590623e+07 -1.002610535437274165e+07 -1.002997438926295377e+07
-1.870090438314284198e+06 -2.752600150962434709e+06 -1.006719500213907473e+07
-5.712799916013357230e+06 -1.305703067402400449e+07 6.970844198664664291e+06
-8.631370445573126199e+05 1.143536468454872444e+07 9.757565466996446252e+06
2.722048021610303782e+06 5.997424151095502311e+05 -1.124976645607337728e+07
3.119742017340083607e+06 2.543410587845376227e+06 -6.569691350867606525e+04
-1.222602581473971345e+07 9.695483985895292135e+05 -1.190915947098669037e+07
1.527401608427496627e+06 8.656076733228251338e+06 3.131683431463045068e+06
-1.072506163567240722e+07 -1.093176585300751776e+07 6.254609863255527802e+06
4.264368544190304354e+06 9.694533724648827687e+06 3.292682721240307204e+06
-1.862249146818124456e+06 1.678158861833736999e+06 -1.405513405193799920e+07
-3.827956875665960368e+06 -6.116024694761487655e+06 7.401635960967784747e+06
4.807879517798854038e+06 1.521430537914726511e+07 -3.663045853980044369e+06
1.785625521881031338e+06 -1.170678298629870825e+07 1.060301625964576378e+07
-9.222887665379960090e+06 4.056756838214753196e+06 -3.752336235329433344e+06
-7.315098559011887759e+06 8.524324186222732067e+06 1.903036093440833502e+06
5.950563111448500305e+06 1.079758356781129725e+07 -5.789462731116659008e+06
8.182894362288898788e+06 1.228877730330591090e+07 -1.225580770650725067e+07
-1.282245404961398616e+07 1.241481549637707509e+07 -1.431485173630948551e+07
9.992030972116677091e+06 -1.259259741498464905e+07 9.477977589160464704e+06
1.453437999405135028e+07 -4.709359196784269065e+06 9.836196870554564521e+06
-1.086927235700353776e+05 1.650096583729271404e+07 -8.318686578357446939e+06
-6.692249274329685606e+06 -1.395708974861734360e+07 8.088283757420772687e+06
1.079401170583948959e+06 -3.097685203040817752e+06 8.017732233477864414e+06
-6.133220459381746128e+06 1.153621293297213316e+07 1.145755619730785675e+07
-1.009887981498093158e+07 1.148740280027256534e+07 -1.053172805859157257e+07
1.068051201489814371e+07 -1.054647120303937234e+06 -6.436273360486259684e+06
-8.294656618612365797e+06 -1.291370450639248127e+06 1.045920362752611865e+06
-2.149885008971948642e+06 6.369903455022700131e+06 -2.284838410230771452e+07
1.260549257176543772e+07 -3.133598804876963142e+06 9.678611231810748577e+06
-3.364993880797840655e+06 6.966253950427605771e+06 1.033826905493278243e+07
-7.304800532629811642e+03 -7.806618345732625574e+06 7.878575733325652778e+06
-4.132120009952168446e+06 -1.559356658618160896e+07 8.271338524827140383e+06
3.581818357971834484e+06 1.597078039741133898e+07 -2.528787072507436387e+06
-6.551715517466720194e+06 -9.160372120586220175e+06 -1.993922421785916016e+07
3.691460971149562392e+06 -1.183057446732864249e+06 7.940018347015739419e+06
-9.233868961790557951e+06 -1.083750937869481929e+07 2.174953202285857871e+06
-2.200471500754343718e+07 4.486119183738025837e+06 -2.154190465837146156e+06
-3.372166000508628320e+06 7.224495269725127146e+06 1.657342990263080224e+07
-9.776017771850625053e+06 -1.138526149360498786e+07 3.477937151440865360e+06
-2.318677349979469180e+07 5.499008773511006497e+06 2.847171732842122205e+06
2.356186592648100050e+05 1.757766376069548354e+07 -5.613982233962567523e+06
1.148450968946214393e+07 -9.980035108724465594e+06 2.989939053963883314e+06
1.132416665385920368e+07 7.894396490388174541e+06 7.213095753349740990e+06
-4.941843144649180467e+05 9.173664390229457989e+06 -1.447896307307142206e+07
-6.746068752036441583e+05 -3.428523289144698065e+06 1.118457781335627660e+07
1.761768080554301618e+06 -1.507836229373358935e+07 3.578905390373782720e+06
9.323734759722374380e+06 9.330887694014459848e+06 -6.862394651495362632e+06
-1.319106587949059904e+06 9.444381249594476074e+06 -1.022108133134946576e+06
-2.411441897549997550e+06 -5.992468891748858616e+06 -4.762048827154496685e+06
9.926462907689826563e+06 -2.075430360658014566e+07 -5.561931992668624735e+05
-9.749974068859044462e+06 1.285391074226242723e+06 -1.098057932133060507e+07
1.365008450999478064e+07 -9.601764058809282258e+06 8.291075213215443306e+06
-7.661218174010399729e+06 8.434650300862878561e+06 3.954773947254852857e+06
-3.271988558121277951e+06 -2.034741282704832405e+07 7.543912625032819808e+06
5.202894840274716727e+06 -5.976610492830557749e+06 2.077849278042957187e+06
6.328770598596454598e+06 1.192512702204389311e+07 -6.213198742988399230e+06
-1.144847392613224313e+07 -1.375005912237270176e+07 8.073515010029716417e+06
-3.910495371382101439e+05 -1.500143825745666958e+07 -1.267737691974465176e+07
-1.020885192426393367e+07 -6.568024951563622802e+06 2.541202277713916730e+06
-2.542499117905398365e+06 7.424841237431404181e+06 -1.354246290913137235e+07
1.268315917699352466e+07 4.025957786956451368e+06 1.123041702311505564e+07
1.883927769490111386e+06 -1.206660016702929139e+07 -8.766121356044599786e+06
7.100455562432391569e+06 4.501772767755095847e+06 -1.325890046355341095e+06
-8.413657717512642965e+06 -7.408582482290513813e+06 -6.060542345889808610e+06
1.718023990951311588e+07 -1.033923369952501729e+07 3.508606854082478676e+06
-1.604490154829467274e+07 -2.320996953501640819e+06 -5.202889545178500121e+05
5.348553500832834281e+06 -8.429569128882976249e+06 -1.004663586444998533e+07
1.508263785005603731e+07 -6.109057721293538809e+06 2.375331538431069814e+06
-8.236019730650920421e+06 -9.557405912044629455e+06 -9.921339063580283895e+06
-4.127681267887836788e+06 9.035132508775306866e+06 6.788412721244540066e+06
-8.366680486451913603e+06 2.350195219268258661e+07 1.906906208398935851e+06
-1.340834562312387163e+06 -1.410499185086101480e+07 -3.695322261219473090e+06
-3.588780093203607015e+06 8.065428513213082217e+06 -4.026869829315776937e+06
-1.526315726500774547e+07 1.711106538363112882e+07 -8.522013509180562105e+05
5.921949586592844687e+06 -1.319429277803898416e+07 7.537951204853001051e+06
1.955060745352976490e+06 -1.460591606613827683e+07 -7.668061620074374601e+06
-9.866315439370462671e+06 -9.093233464093737304e+06 -1.196105549985657074e+07
-2.485050635209878441e+06 -9.024893692342547700e+06 -1.002847549047660269e+07
1.021772868454011157e+07 -5.540926480626947246e+06 -8.595891853820947930e+06
7.616731010550111532e+06 -2.203442777272731182e+05 1.588699588229290675e+06
1.064748419995226199e+06 -9.957747896412964910e+06 -7.122978292335669510e+06
4.174989542299546301e+06 1.027119099844011664e+07 9.390156209185298532e+06
-1.600005161810369790e+07 -1.105771191588057019e+07 7.260793023567013443e+05
2.355274382586533204e+06 3.275186711783839273e+05 -6.275092651282090694e+06
-1.262830022560107708e+07 3.072988667731337249e+06 8.630166790956199169e+06
-1.452513426627614722e+07 2.931624751572563313e+06 1.085651639099938981e+07
2.431531714544731658e+06 -1.292819958601578325e+07 3.117713038708161097e+06
-1.042596658458446339e+07 -1.878277123731766362e+06 -7.290986079339215532e+06
-1.572571989193272777e+06 7.589305671742626466e+06 -5.530244966218640096e+06
-1.553756904995241493e+05 -4.443997571839043871e+06 1.060390834905170277e+07
1.189893819882048294e+07 1.982470677731889300e+05 -6.693803124322447926e+06
-3.053459222738062963e+06 -2.260609791778140236e+06 5.555501135241170414e+06
8.205554302902703173e+06 -6.444422396172692999e+06 -1.316470272787472792e+07
6.525790982728131115e+06 -1.558366765119044855e+07 5.600919580201895908e+06
-7.447929821077565663e+06 -6.165740572248966433e+06 -3.734762498454197310e+06
2.708448748514453415e+06 -2.806024293814450037e+06 -3.646641224980806932e+06
9.808505296181649901e+05 8.128725761423837394e+06 -4.012268150905420072e+06
1.015868133447067812e+07 7.459808492675913731e+05 -9.580336627460249001e+05
3.273213718973817886e+05 9.634827506374457851e+06 -2.325178168151353952e+06
-8.235551917690027505e+06 -1.003982814298272319e+07 9.377094387364262948e+05
1.231809487559111044e+07 7.688538514702616958e+05 7.289310201756547205e+06
4.706450005745237693e+06 8.418121951589336619e+06 -1.730817324318077881e+06
-1.318891922852179967e+06 7.008890870240978897e+06 3.335131253708175384e+06
-1.466311584991659038e+07 -2.847952098590765148e+06 2.185843801204235293e+06
-6.004908205199426040e+06 -2.387276339285671711e+06 -7.495005325352678075e+06
-3.029086644023840316e+06 -7.263579664200708503e+05 -1.640372420805068454e+06
1.347161206399742223e+05 1.041244808696609735e+07 -2.702735436839939095e+06
-4.258652902575406246e+06 -8.526008466911347583e+06 5.637514587669887580e+06
-2.425052574756354559e+06 -9.934646721477700397e+06 -2.651416435877427459e+06
-7.046235306166276336e+06 -1.047021698563878611e+07 -2.920925828612471931e+06
-6.362346543338398449e+06 9.923178845310742036e+06 -1.660413154962964589e+06
6.195806200768897310e+06 5.835385039044125937e+06 2.864609684090188239e+06
-2.328457102936278097e+06 3.481769694152586628e+06 6.015157916521411389e+06
-2.517701023910986725e+06 -6.505203571812551236e+05 1.487024699142424623e+06
6.501583881786701269e+06 -6.670333385055094957e+06 3.530326466371261631e+05
8.277291714802538976e+06 -1.665939114734469447e+06 -3.768177603339516092e+06
1.232248811477313004e+07 8.716022384625380859e+06 1.464232068885955727e+06
6.474539714155432768e+06 1.124560490548959235e+06 -5.133247582232630812e+06
6.323500608007329516e+06 -1.634807653153194347e+06 -8.011379692756596487e+05
-5.226790542171961628e+06 6.543804551753902808e+06 -3.524722713789470028e+06
8.687891748979350086e+05 6.784389520179501735e+06 -2.094373540286797797e+06
-7.761720009372075088e+06 -6.599877825110743754e+06 -6.497073548734706827e+06
5.276651685921599157e+06 1.101248867068700865e+07 3.549086603155247867e+06
-6.726429426398912445e+06 3.274300009427178651e+06 -5.876176581809534691e+06
1.284108323865064234e+07 -1.277292398335330375e+07 2.727776093394876807e+05
7.825593350117291324e+06 7.571984746688112617e+06 -9.755904654876599670e+04
-2.959794959187314380e+06 6.600406790287511423e+06 -1.230118060609082878e+07
2.658931771633619908e+06 3.102999635924872942e+06 2.443906154555519111e+06
1.029860704950792529e+07 -7.929276651094406843e+06 5.972528755176167935e+06
-6.562208697807673365e+06 -1.157173663509860449e+07 9.588150228417370468e+06
4.933701779286171310e+06 5.250297734699626453e+06 -5.098909089432168752e+06
9.852847700905617326e+06 -8.784770479290226474e+06 -8.159471290077490732e+06
-1.862761184036436258e+06 9.581745340630700812e+06 1.244657715846601175e+06
-8.323490383307847660e+05 6.999721161697867326e+06 -7.783596472161237150e+06
-9.624154250461895019e+06 -2.977560055712860543e+06 7.970270085252486169e+06
7.286463614215531386e+06 2.509538701412276365e+06 -3.012388285269096959e+05
-1.095066861807705136e+06 8.283679281724834815e+06 2.437928630597800482e+06
6.925391935926456004e+06 -1.488141201754757436e+06 8.234058807523045689e+06
-7.187798749827935360e+06 3.254871794180790428e+06 -3.221221378169443458e+06
5.947844160184763605e+05 6.272300841533918865e+06 1.474716760302156676e+06
5.890786084037862718e+06 6.645742606151297223e+05 -9.289428186427573673e+05
-1.168585417329200776e+06 -1.476402205569384061e+07 3.862302473245993606e+05
-6.374961508989509195e+06 -4.996382375312896445e+06 -8.398255373124327511e+06
8.904372008631182835e+06 1.387134715827586828e+06 1.126521428349794075e+07
6.134361272654803470e+05 3.973936779408091214e+06 5.252918264350063168e+06
-5.362309375236527994e+06 7.745504925091201439e+06 -9.116236843625467271e+06
6.595954356471543200e+06 1.187281964901932981e+06 -3.982969186999698635e+06
-9.161740365557620302e+06 -2.262575145792751107e+06 5.358732440101896413e+06
-3.834035875233957544e+06 -4.897824508708428766e+04 -7.376541353924107738e+06
-3.186220845906453207e+06 1.930049485156855371e+05 -1.085124897877364792e+07
-1.765898512571538100e+06 2.423818314030144364e+06 1.153081359907134436e+06
-3.662543260849369224e+06 -5.661778198023221456e+06 8.519453883745267522e+05
6.766925845752954483e+06 -6.370842999631306157e+06 4.648878966312616132e+06
3.444173766093255021e+06 -7.709087391606487334e+06 2.475095819204839645e+05
4.492862650829701684e+06 9.834375566326823086e+06 -3.811614358404335100e+06
1.131104757055590674e+07 -5.004576386310642585e+06 -1.141230542196688801e+07
4.045928428987995256e+06 -5.524558967239470221e+06 5.172831431149239652e+05
-4.672904690721600200e+05 -1.694296629981485312e+05 1.515119587541732937e+06
6.815785512319926172e+06 2.380128655024602078e+06 -4.433863770763408393e+06
7.614720658049873076e+06 -6.575443049631171860e+06 3.175164527736703400e+06
-3.013979557620735373e+06 8.156860759708126076e+06 8.627542420141631737e+06
6.447373816583820619e+06 -1.103619108415820450e+07 -8.113573535134676844e+06
2.471326380620165728e+06 -5.526141082029671408e+06 -1.226747745394428493e+06
-1.806234010718735517e+05 1.864212029313877225e+07 1.944055006210268941e+06
-4.097788650644623209e+06 -2.280959276189764962e+06 1.032171408727937937e+07
4.661442480992569588e+06 -1.276364947969350033e+06 2.264956944126239512e+06
1.269616832353331381e+06 -1.554922241530286521e+07 1.085816496761927567e+07
-7.679366753453996964e+06 -3.502491427858533338e+06 8.335639986223388463e+06
-2.322860166269860230e+06 3.193570942034889478e+06 4.064043557517207228e+06
4.720631830399260856e+06 -1.462086806785982102e+07 -3.692860023165422492e+06
1.261397798751056567e+07 8.480458674493566155e+06 -2.380614065511536319e+06
1.365368887476668507e+07 5.367191031314788386e+06 1.427991960245003738e+07
8.833199808245996013e+06 -1.731668686174428836e+07 1.549278096114664525e+07
5.449629851289794780e+06 2.208311046967309713e+07 -1.745115283639348671e+07
-2.495888672779712826e+06 1.729492897159332037e+07 5.561048810263539664e+06
-1.230567517986176908e+07 8.417332995239607990e+06 -9.666635088505951688e+06
-6.844939734650251456e+06 1.799030635540639609e+07 3.100815045078140870e+07
1.778292614019412920e+07 -1.112814965265080100e+06 -4.195308731401597150e+06
3.012962952940552961e+06 2.865586314972084016e+07 -1.030002243634913862e+07
-3.037072463865045458e+07 -1.535729996214027703e+07 -1.212898619557913626e+06
-2.258358056583147962e+06 -1.728171341606765613e+07 2.351689147799765319e+07
-2.540649854725294560e+07 1.579381174616781250e+07 4.409158643929156475e+06
-7.121423563266147859e+06 1.297574098676417582e+07 1.856431401947084814e+07
2.234821425417120755e+07 -1.441441670716552250e+07 3.736825308264082763e+06
-2.333243449730375409e+07 2.160046618244648911e+06 9.474004968454277143e+06
-6.359916016471472569e+06 1.461580680947229825e+07 1.055068214662807435e+07
2.473093515461526066e+07 -2.530036542484100442e+06 1.627264367190863937e+07
2.991456476383496448e+07 1.119468050151802890e+04 2.736679721259827167e+07
-1.604610256191409938e+07 2.472762953422537446e+07 1.119729038832163624e+07
8.817108865359570831e+06 2.014458372137763351e+07 -6.904533795604762621e+06
5.845364851440756582e+06 2.638112512676364556e+07 4.125922327132079750e+07
-4.258213899784783274e+07 -2.325859728942885064e+06 -1.095992269061032310e+07
2.714799658011781424e+07 1.496800901849932037e+07 1.144303614596316032e+07
2.660033871013934910e+07 2.560434786391446739e+07 -3.200732473332663067e+06
9.194867010376946495e-03 2.455416273213805074e-03 -7.258661864799242219e-03
1.205921985298719253e-02 1.353880836662860881e-02 -4.486085770869692631e-03
1.276520942920394280e-02 4.167331696303592722e-03 -9.884236637003929876e-03
-1.561065349476171114e-02 -1.271406177850697636e-02 -2.788249471217425305e-05
5.745783201432249319e-03 1.571480170910522639e-02 1.732206759989298253e-02
-3.464971016033313237e+06 -1.401744268147150241e+07 -2.400342257121062279e+07
-1.516586648069043644e+07 -2.567495608540481701e+07 -1.190065823634949885e+07
-3.118172736647710577e+07 -8.712129735648944974e+06 1.301150677477115579e+07
3.175490088927872013e+06 5.177149337898903526e+06 -4.349830404240163974e+06
3.330560645353209227e+06 4.777904366300381953e+05 2.322186428856262472e+06
5.487174000827778876e+07 1.588520628981069662e+07 -2.694168838147106394e+07
1.097123307588446140e+07 -1.196057954241405241e+07 4.412723473376171663e+06
-2.013469499588151649e+07 -1.959654918406686559e+07 -2.075655287419166043e+07
-3.684693155285209650e+05 6.875509397421935573e+05 -1.084818414556085365e+06
-2.455592124263364822e+06 -3.888223001398337074e+06 -2.421670613563592546e+06
-2.422006658693373948e+07 -9.512088737139366567e+06 -1.046094361496297829e+07
1.920000763366514072e+07 3.564717866489243694e+06 5.148299665493974317e+04
5.624048224024014547e+06 -1.290823223523402028e+07 1.504238017601558752e+07
-1.074805696345710941e+07 -3.664046766520647798e+05 4.786481432253469713e+06
-1.394396811309648119e+07 -1.673685278468745528e+06 8.513332760233558714e+06
3.227862108636632562e+07 -5.999642241441748105e+06 9.285010635800356045e+06
-6.613990146959055215e+06 -3.538646259916426148e+06 2.788826468773118220e+06
-9.333148132388200611e+06 1.827986017189100757e+07 1.113169456950348243e+07
2.827009798053403944e+07 1.123758185969999991e+07 5.173874343848645687e+06
-3.197365250048602931e+06 9.034318919820340350e+06 -2.709481393237880897e+06
5.077410663879363565e+05 6.179466714803564828e+05 3.422456355980608496e+05
1.491472292427489068e+06 -1.195121412026785314e+06 -3.261744678770108148e+05
8.733325589422339574e+06 -8.587495270173186436e+06 5.516224666451495141e+06
7.392453727958980016e+06 -6.715974919905729592e+06 6.162536633162370417e+05
1.874119702139388025e+07 1.827640581826969609e+07 1.310851178180660866e+07
1.228005761259863898e+07 -5.766238430774801411e+06 1.064193225644379482e+07
9.241396255201330408e+06 -6.473781591742697172e+06 -3.208499676173278131e+06
7.074334834576031193e+06 1.198154264316031337e+07 -5.724609881139992503e+05
-3.565277162310926709e+06 -1.894001404027263820e+07 9.024508786201423034e+06
4.519919749990050681e+06 7.694702247519954108e+06 5.759915859577798285e+06
-1.078818701116028056e+07 -1.536057047775352560e+07 1.986548519299051724e+06
3.216111544667401817e+06 -9.238120190030876547e+06 -1.948031898726414191e+06
-9.898727761681316420e+06 3.230920390133998357e+06 -5.047825612225086428e+06
1.091840013291948475e+06 6.995985470646589994e+06 -6.735240161146063358e+06
8.700600595095448196e+06 -1.094941561336263828e+07 4.052840007127671037e+06
3.932907966633962002e+06 9.990570973055463284e+06 -1.378082671660703607e+06
1.131240470736304671e+07 1.098974310739079490e+07 4.910600681583847851e+06
5.198620730558299460e+06 -7.793329498979212716e+06 4.293738284429579042e+06
3.786698182985649444e+06 2.231063093094179407e+06 1.318623436617152765e+07
-8.454148601285427809e+06 8.135893553537102416e+06 2.358696558538649697e+06
2.490914850825355854e+06 6.429227080302242190e+06 2.371202818419446994e+05
-6.753482691597129218e+06 1.075886972580082528e+07 7.330441159536346793e+06
-2.712519524690080900e+06 8.007275122146829963e+06 -8.816254271596795879e+05
-1.873658429418848595e+06 -5.848407997466833331e+06 -3.200761587558995467e+06
8.875309497221944854e+06 -5.909037114627813920e+06 -4.026863358853253158e+04
-7.685675606223393232e+06 2.819925244191520382e+06 5.460531731013188139e+06
-9.205661960835440084e+06 -1.596785766311477870e+06 -1.543649643654878717e+06
2.297653868609710597e+06 -3.906596734078335576e+06 1.007185938212623633e+07
-1.162604555644032732e+07 1.049645863637366332e+07 -7.194105587448676815e+05
-3.990410943498781417e+06 -2.402281072953670286e+06 4.440574187946686521e+06
2.598036756391906179e+06 4.642875044995784760e+06 6.770523704297554679e+06
1.130753381277353270e+06 -9.305188611712334678e+05 1.060561301153746247e+07
7.160977931844630279e+06 -1.965406229131607339e+06 -9.637944790142131969e+06
-7.257541591833040584e+05 1.805616738829814829e+06 1.916574274059715681e+06
9.591585503306174651e+06 5.578561668215935118e+06 -1.098070087773917615e+07
-6.951077442259114236e+06 2.437589432160863653e+06 -5.714676659567346796e+06
1.349780815326622454e+06 -2.642900632077181246e+06 -2.448241653673838358e+06
6.023406023145256564e+06 -5.132979457309884951e+06 1.475531863586358959e+06
1.051272872459307872e+07 -3.160419014436981641e+06 -2.607012449705849402e+06
5.458482446590302512e+06 1.860708574114277959e+06 -3.813578223787468858e+06
-9.279619710656067356e+06 8.004296879697162658e+05 7.099552683668980375e+06
-5.455073716277010739e+06 7.724437703695094213e+06 5.034518708015046082e+06
-6.976873024662576616e+06 -4.603619206100361422e+06 7.152589999156707898e+06
-5.334732959924330004e+06 1.486160933416231768e+06 1.256307257693971507e+06
4.207610568820732879e+05 2.576604511254115961e+06 -1.800090887215400580e+06
5.759313625562189147e+06 6.201646212845864706e+06 4.815783064654981717e+06
7.851340104185586097e+04 -1.219897378426266951e+05 -5.884863807907677256e+06
4.502612761540954933e+06 6.867176455076902173e+06 1.310775639630461344e+06
1.459639866418140242e+06 4.829197138157544658e+06 5.323309428181130439e+06
4.813723337749497965e+06 -8.436557625686453655e+06 6.994973763135643676e+06
5.538779581178107299e+06 -3.909244107443257701e+06 -1.982273282839890802e+06
8.048734109769535251e+06 -5.410374043905548751e+06 1.239395367796733743e+06
-3.207746733978397679e+06 4.057223281805346720e+06 -3.853540705420934130e+06
-1.546746088617907371e+06 -6.355455317577253096e+06 2.076574610605191905e+06
-7.156808501390475780e+06 -8.578739968279080465e+06 -4.496695003785552457e+06
2.775433779248255305e+06 -9.548734536359291524e+06 -3.857450743971364107e+06
1.736273825714158127e+06 3.610593770976386033e+06 2.220460330819336697e+06
-9.741869706757903099e+06 1.057715673915317096e+07 6.498652221990067512e+06
5.422145750446536578e+06 8.482002232265386265e+05 -2.605742533282581717e+06
2.224863784825238399e+06 2.334714301831771154e+06 8.047274759783213027e+06
-5.758295806924607605e+06 2.910254570715588634e+05 -1.595235406966442615e+07
-5.855736193948156200e+06 5.243428670759867877e+06 -1.062008736085319426e+06
1.683872683112991042e+06 1.179430807383089885e+07 -8.419744533985452726e+06
-7.736324010470113717e+06 -6.458463035501736216e+06 1.426628602209209837e+07
-7.671578756784051657e+06 -9.678815748970156536e+06 9.019941643633520231e+06
4.132957864330805838e+06 7.139329676089332439e+06 3.926532698885085527e+06
-3.534198445539227687e+06 6.663510131836019456e+06 9.256152004818730056e+06
-2.888616496710713021e+06 -4.252492321715896018e+06 -5.081908717596492730e+06
7.946494986180871725e+06 -7.835860304107354023e+06 8.830535622237717733e+06
5.503113937419024296e+06 4.454460129467135295e+06 4.393433065269745886e+06
-8.194671087846354581e+06 1.540733419414726552e+06 9.450765764143167064e+06
-2.449892862285837997e+06 -1.308669065818070248e+07 5.895225241153854877e+06
8.373829748385058716e+06 -1.174984869476159103e+06 1.233710123590320349e+07
-8.938280509342722595e+06 1.558480746415393893e+06 9.608737831392403692e+06
3.702738032780486625e+06 -8.264566268499250524e+06 -1.003662587397058494e+07
-7.211282455022327602e+06 1.129807648030830361e+07 -8.531079269268980250e+06
-4.172988904439965729e+06 -6.558269920235104859e+06 -1.265897491946944781e+07
-3.564359827839689096e+05 4.097316231312107993e+05 -1.400118349722068757e+06
2.590666834464563988e+06 -2.115589437709328253e+06 -3.464894860036155209e+06
-8.220586264925142750e+06 -3.615209135025157128e+06 -5.042831692963249050e+06
-1.242899070387887303e+06 -5.229543334025200456e+06 6.502895881885965355e+06
-1.193751622416380234e+07 -1.468337655636203848e+07 9.424668436849419028e+06
-2.768538579269812908e+06 -6.298738373281833716e+06 9.548540193722238764e+05
5.688140459802801721e+06 1.450025050089841243e+06 3.039187012755532749e+06
7.467361313574468717e+06 -1.449847578087885864e+07 3.139537129638979211e+06
-9.230935379422806203e+06 -3.790667817852968816e+06 5.970164926929896697e+06
7.694770587316060439e+06 5.584940220680605620e+06 -7.627557542598476633e+06
-1.537149199170999462e+06 -2.380707807131966401e+05 -1.800318081865521614e+06
-3.999170692468328867e+06 -6.838600409675977193e+06 8.091750749383361079e+06
4.156401238803073764e+06 -7.315278643210966140e+06 7.739667945060712285e+06
7.154694319273726083e+06 9.222308763408081606e+06 5.186695618809108622e+06
-7.264398884779834771e+04 -8.048392884115007473e+05 -2.046884684498211602e+06
6.079674175523346290e+06 -6.740312118604238145e+06 -2.373040028053866699e+06
-6.784634269583234563e+06 1.090505549811417004e+06 -3.762525419846619014e+06
-1.046130154697311483e+07 3.214822624017989263e+06 9.794921819464105647e+05
-1.333430991750047775e+06 2.586326155000787228e+06 1.977840238057606388e+06
2.612055782482704148e+06 -1.124288820245810552e+06 -1.055448343999109697e+06
-4.065482874855686910e+06 -3.666337171007285360e+06 -9.535888621364516439e+05
-3.483913030990948319e+05 -1.114676844385570474e+07 -9.448930723992554471e+06
-8.310349937423401279e+05 -1.919745125838036183e+06 -3.485936979828464682e+05
2.747987941069395281e+06 -2.211172947950328235e+06 8.660704000535795465e+06
-1.103158156011878513e+07 -8.954295131967922673e+06 4.952733114109808579e+06
-8.075874447771594860e+06 -7.959487778367985738e+05 -1.206893376587209105e+07
5.470255421369011514e+06 -7.472520112467250787e+06 -2.496059932129452005e+06
1.581633649918005988e+07 -2.405704104165354278e+06 3.922160602688642684e+06
5.740131165771775879e+06 1.229661190124229470e+05 1.890977683000430232e+06
5.616250969488238916e+06 -2.495715351891876198e+06 6.775079217310138978e+06
-1.497684184808857739e+06 -6.020827559007754549e+06 6.455464487365742214e+06
-5.054864298122061417e+06 -6.861174672714624554e+06 -2.886299165496784262e+06
7.871783149106996134e+06 -6.626256188760374673e+06 -4.641780806717257015e+06
-1.014290659032594785e+07 -9.581427880234187469e+06 9.152079847735613585e+06
-9.047500278661437333e+06 -1.596361960564955953e+05 6.249403904896103777e+06
2.072493410837414674e+06 -5.512850203346109949e+06 -7.860427490459074266e+06
-2.219999929670673155e+05 -4.401393930697098374e+06 -2.034689268269338412e+06
-2.280691094560678117e+06 3.644687283872450702e+06 2.684254891628481913e+06
3.737965852400881704e+06 1.032149976833941787e+07 -7.001252679465006106e+06
7.204414473563411273e+06 -8.447394127430843189e+06 8.831679956725122407e+06
-1.447101631153076189e+06 -1.331832139949521422e+07 1.026492298411746137e+07
8.339231616779499687e+06 -2.445347781491893344e+06 1.046836566298556887e+07
-5.473452404316935688e+06 -6.626324698567957617e+06 -7.842650405421963893e+06
2.192286644605032634e+05 -9.347980045425498392e+05 7.628738743969092611e+05
3.204369508011713624e+06 3.197228945158567280e+06 -3.673258437154262792e+06
-1.152096375347733684e+07 1.339267533635325264e+06 -8.701342477218924090e+06
-5.015535849452552386e+06 6.322611420136393048e+06 9.502378105221521109e+06
3.547735833573523443e+06 -5.507825624826789834e+06 -4.535041351502400823e+06
-1.610546346352357417e+06 -9.515081111206209287e+06 6.690457683635765687e+06
-1.597189063296592049e+07 -9.466324786088719964e+06 3.452215411842430010e+06
2.147991933028981835e+07 -1.344188018644289859e+07 -1.013262168841915391e+07
1.912132991788993590e+06 -1.593200317255784757e+06 6.371604829177488573e+06
-4.827527753525137901e+06 -1.518402549916842952e+07 -2.745940940169346519e+06
1.665661947520875372e+07 -3.644293913987321313e+06 8.076799044037962332e+06
-2.574211410168837756e+06 -1.044916265505229309e+07 -6.313712516837499104e+06
8.505410626971373335e+06 7.640155636630735360e+06 6.449152087386486121e+06
-8.569220380609482527e+06 -7.328610911534664221e+06 -7.858008256299619563e+06
-4.767910590783715248e+06 -9.906976122615546919e+05 -1.370381947164003178e+07
3.791578227954586502e+06 -1.099417873116772622e+07 -9.300200021156620234e+06
2.453205272478719242e+06 4.305479134385826997e+06 -1.567685528579639457e+07
-1.004940886168846674e+07 -5.440136734351318330e+06 1.667693330882748123e+06
-7.778964614289528690e+06 -1.164566092464504205e+07 -6.331318795331583358e+06
7.826638003857568838e+06 -1.195667782912512310e+07 6.206185064077517018e+06
1.253459515443107672e+07 2.686940537736197934e+06 1.602795853116196580e+06
-1.171745797733919136e+07 1.711311387402910739e+07 -4.661038137876437046e+06
9.491699154615644366e+06 -1.033308764293246716e+07 6.196033407783254050e+06
1.225044980173900956e+06 -1.295630641290737316e+07 -5.566678957370913588e+06
-1.049730726546612103e+06 -6.688292611485904083e+06 1.947017536244383082e+07
-9.813227481257312000e+06 -1.932511541116698459e+07 7.886475710444467142e+06
2.032025370309599116e+07 2.292823553342678118e+06 -2.536588951336564124e+07
-8.777740320540321991e+06 -7.785185840034297667e+06 -1.838358112698504236e+06
9.540295705582692754e+05 3.484195888135541230e+07 2.913765925272918493e+07
-4.841378758847744204e+06 -2.347491230596711859e+06 -1.537042548373188451e+07
1.050265578649598174e+07 -1.155571068630101718e+07 -1.015024698141147755e+07
4.436248491830813140e+07 -1.275892400367132761e+07 4.365425454608608782e+07
1.638566099120192602e+07 5.541111906404250860e+07 1.012304970610004663e+07
-2.455480601758552715e+07 -1.925511019959136844e+07 -5.613042826354477555e+07
-7.868818446062270086e+05 -5.241526615529370308e+07 1.988284783737997338e+07
1.303270337090746686e+07 1.398689776208279096e+07 -8.316253398291957274e+04
1.073523463131738082e+07 6.981295337552502751e+06 2.270080111621982604e+07
2.719554951813472985e-03 -1.380812414979159554e-02 1.472488305906478889e-02
1.584942762750315981e-02 5.236028905614763945e-03 1.069513421017758911e-02
1.398767193129142085e-02 6.941886356341251188e-03 7.213348323793221904e-03
-2.068807344708807866e-04 -2.061874254047342536e-02 2.129790117763630947e-02
-1.731741463193796002e-02 -1.698599015532175488e-02 -7.240784274254921833e-03
-1.942283125927785070e-02 7.761511419290683354e-03 3.612036939243191361e-03
4.364358176504690200e+07 -2.127661899670269713e+07 -9.950506402858596994e+05
-1.967501624809565488e+06 8.794515959841944277e+05 -3.550722709212409332e+06
6.718205167377074249e+06 3.851333710553056002e+07 3.163362384114062786e+07
2.406014245188022032e+07 2.705028649533163011e+07 -2.160307948980565369e+07
-3.133883119735631719e+07 5.031878598350821435e+07 -1.542016766186328605e+07
-3.620815139935785439e+06 -8.025037560597972479e+05 3.584622940779358614e+06
-5.999653093742900528e+05 -1.597297401108657476e+06 1.449111379715575895e+05
2.131583550632343814e+07 4.551521568186403066e+07 -4.199207274708491564e+07
-4.197097619455287606e+07 -5.921265223781104386e+07 4.025886536376958340e+07
9.127056736802134663e+06 1.466282443849619851e+07 -7.349749344448397867e+06
2.268649072050631978e+06 -3.959242814206362516e+07 -2.741085300713684037e+07
1.852207930685426295e+07 -2.013991374601470679e+07 4.493774091730338521e+06
5.653696233364077285e+06 -8.556226095044331625e+06 2.417669230611584708e+07
-9.025728410935625434e+06 -4.678207100963193923e+06 2.101325076098729298e+07
8.943218177362693474e+06 -1.652259425075806119e+07 1.071312478647713736e+07
-1.101160807246364653e+07 -1.657323233207866177e+07 1.613952293221351923e+06
3.608836453591819387e+06 1.347608151274807192e+07 9.382915715091956779e+06
-9.474498344420392066e+06 1.799904948870398477e+07 -8.377458720574948005e+06
-1.386434176551236957e+07 -5.354223183499557897e+06 -1.010619124737527966e+07
-1.567417782519661449e+07 -9.357507280240153894e+06 -8.076099808023601770e+06
4.736053937460204586e+06 4.683826297097730450e+06 1.046187104396460578e+07
-4.749181769714850001e+06 1.043831567996010371e+07 1.081513336312009254e+06
-3.490270577214388177e+06 8.470306455598307773e+06 1.352120169778003171e+07
2.986534021247606259e+06 -2.605124380088887643e+06 9.395189076724261045e+06
5.131560573958472349e+06 1.697718178751058504e+07 -3.563364739858437795e+06
-9.951494477791264653e+06 1.559735871956637688e+07 1.175928525957790203e+06
-1.151272276090910099e+07 -2.648989324292135891e+06 -1.219534272471689992e+07
-2.970064244466105942e+06 -1.368687544470216706e+07 1.328044124726364948e+07
6.065131034280920401e+06 -1.208418684608138911e+07 1.273612580729756504e+06
1.690666450775549747e+05 1.254836719241091236e+07 6.329161389525376260e+06
2.245961576347819355e+05 1.340588345805803314e+07 1.254082720482200012e+07
-2.492915996354584582e+06 1.650936450459836284e+06 -1.450415646471275017e+07
-1.465700781657283939e+07 -5.362502572582079098e+06 1.451127185430043191e+07
-2.892334704069473781e+06 -1.214167068649594003e+05 8.992583850891014561e+06
1.129428760347907804e+07 -8.081742431241420854e+04 -9.693611461649334058e+06
1.088843577659674222e+06 2.309796420275219716e+06 -1.727656706362963840e+07
-5.413733217087550089e+06 -1.114702925733390963e+06 1.073013883976989798e+07
-9.427156493253778666e+06 -4.113936750772201922e+06 1.484626941722840304e+06
8.471906080849234015e+06 -4.861399072906481102e+06 6.076902682221692055e+06
2.077420647652531043e+06 1.647621530019023921e+06 -1.395345331593871675e+07
-7.769175788261951879e+06 3.769077887484511593e+05 -4.877759248138313182e+06
-2.505213545872714370e+06 7.105524588922214694e+06 5.039030808859422803e+06
3.999405071088708937e+05 -4.647108664987856522e+06 -9.966682729932354763e+06
1.178809830256864056e+07 5.272245433640614152e+06 -1.013069372315097600e+07
8.902412794301692629e+05 -7.123639946293308400e+06 5.043397434462710284e+06
-7.699082281837974675e+06 4.124032325410439633e+06 -5.869359685082789510e+06
7.519209408380214882e+04 -1.240416862466807291e+07 9.889387515961190686e+06
-1.148459927666417090e+06 -9.341799918121103197e+06 5.046441303008213639e+06
-2.887157580660575069e+06 -1.471311505250169663e+06 3.593976299003391527e+06
-1.912809970142338192e+06 -5.209366012911175378e+06 -2.165930298795378767e+06
-2.718497328000071924e+06 9.482246200822055340e+06 -8.461694162237720564e+06
-7.439815765317506157e+06 -1.242710526183560118e+07 5.383617950661831535e+06
6.654236353552521905e+05 -3.889446657837431412e+06 -6.486346214219577610e+06
-5.000975368752148002e+06 -7.424393644817158580e+06 -5.978329117193814367e+06
3.883256783255193848e+06 -8.832066065297171474e+06 -7.093424571282016113e+06
5.270000475251716562e+06 5.994247709507673047e+06 7.814161711217814125e+06
9.057726002138189971e+06 4.725193690145847388e+06 6.017756977492471924e+05
-5.105626513106608763e+06 -1.076926284131382126e+06 7.200884074429084547e+06
2.160205800027387217e+06 -2.205150623058722354e+06 -8.162911213457596488e+06
-2.866988173519701697e+06 -5.777106347385219298e+06 6.231895758742534555e+06
3.816308151827138499e+05 -9.406681705547343008e+05 5.691453118408937939e+06
-3.433813897723541595e+06 -9.375019036462439224e+06 3.451477145360358525e+06
1.175560709223859711e+06 2.211362218195189722e+06 3.087715095413216040e+05
8.494929681451847777e+06 -1.507242652102333959e+06 -4.278856974549184553e+06
-4.556795449521414936e+06 -9.869293850442238618e+05 5.496214064342641272e+06
-7.498531264147618786e+05 1.476304957659119973e+05 9.252197730232636677e+05
7.917350266642373987e+06 7.986848971608370543e+06 2.587610638581885956e+06
7.074161088797663338e+06 6.593567725859842263e+06 -8.342658413277529180e+06
6.968066059231250547e+06 1.324830917811871273e+06 -4.280382930781423114e+06
6.693281915614257567e+06 3.149667802236939780e+06 -2.868370623089454602e+05
-2.071940455349125667e+06 2.230926190282714088e+06 8.613335417170895264e+06
-6.848089525401050225e+06 3.047223884722486604e+06 -1.044007793943661079e+07
4.327632945759173483e+06 -2.831094612161754165e+06 -5.399610167599123903e+06
-5.061798357279042713e+06 2.819508787193847355e+06 8.185340814995103516e+06
6.917471381277031032e+05 1.185159308163933601e+05 7.614822399833036587e+06
3.947925549572712742e+06 -1.643888990627532126e+06 8.764985788880737498e+06
3.346436469088445418e+06 -4.728248448176089674e+06 -5.618506915619081818e+06
-7.406910152534848079e+06 -8.490734645459964871e+06 1.288116047254368896e+06
-2.410220667669212446e+06 -7.531195809409575537e+06 -2.463604280814439990e+06
-3.222893618270869832e+06 -3.627243484989892691e+06 -2.596205139311918058e+06
-4.917960128177776933e+06 2.431216696966723539e+06 -5.016980175794122741e+06
6.041210515233162791e+06 -1.185673499454115052e+06 -8.956636600514093414e+06
5.975778036348706111e+06 -3.686380226724487729e+06 1.410936855831487477e+07
1.550539718147307402e+06 2.834674801314502023e+06 -1.423901708047852851e+06
-6.596509895854129456e+06 -6.012894467452211305e+06 1.912527170984037453e+06
-3.815105602419968694e+06 -2.939247226917782333e+06 6.932304812457882799e+06
8.383211294425572269e+06 -6.442427229933169670e+06 -1.001050356022629328e+07
1.327158959739292227e+07 7.379484190717228921e+05 -4.980418742501509376e+06
1.203895367510395125e+06 1.178791303812905448e+06 -2.752394026130327955e+06
-1.052666122330849431e+07 9.983234671606602147e+06 5.857536707211670466e+06
1.245618938153134892e+06 -5.256828676889640279e+06 8.766670474127367139e+06
-4.340453919984844513e+06 -4.447526117917138617e+05 -1.160178556400607899e+07
-6.234401633564028889e+06 -4.050679905478474684e+06 1.640556524365282850e+06
1.338264567803830141e+06 -1.373489384160738206e+06 2.385967429624924436e+06
6.804649552544292994e+06 7.583251423128625611e+05 -1.116359276389703900e+07
3.573010187226761132e+06 5.234101141256735660e+06 -9.482372192718802020e+06
5.295073693213809282e+06 1.038761838101630658e+07 5.776575655502500944e+06
9.561762624324960634e+06 3.991620665328689385e+06 -2.231987669753118884e+06
-1.116342362302561663e+07 -1.478796130605764687e+06 8.399781698845233768e+06
6.241871739878851920e+06 1.365985566684727790e+06 -2.102126495524554513e+06
6.705205327757090330e+06 -5.398049102373427711e+06 2.014129789378406946e+06
6.996839356233690865e+06 -5.273553483911833726e+06 -1.947442452004530933e+06
1.275432727157427929e+06 -5.600444941666311584e+06 6.757124781031440012e+06
4.702836480434486642e+06 -9.756461048213772476e+06 -3.883141667968647089e+06
-7.052625486127185868e+05 9.167845864206109196e+06 7.023733311411405914e+06
-6.712318331135451794e+06 1.737175598691848340e+06 -9.862813756463553756e+06
-3.598874020938300993e+06 -1.659330354684405029e+06 7.060632445287334733e+06
8.368310622559889220e+06 7.222473547560954466e+06 -1.044289164397117682e+06
1.061521070316525735e+07 8.926337181725025177e+06 7.844968032212283462e+06
3.133566148008636665e+06 -6.498611362376616336e+06 5.942047562655821443e+06
-7.113801177790281363e+06 3.502493164478295948e+06 -5.637732132865047082e+06
-7.084542613568785600e+06 -8.970573214694671333e+06 -5.318432445403309539e+06
4.159724098905286752e+06 -1.723324007420661626e+06 -2.906814636784935370e+06
5.930535802451982163e+05 1.741635581738972338e+06 -5.908566141392985359e+06
-3.946612033285335172e+06 7.111727760776687413e+06 -9.564508279052501544e+06
-2.563908371255562641e+06 1.374911528799619526e+07 -2.263116135524766869e+05
-2.783186802075350191e+06 -1.194189289920390351e+06 6.640398483751525171e+06
-1.035097467308848165e+07 -3.664812516678768676e+06 -5.882454568753238767e+06
-4.032100147928696126e+06 8.298171494528901763e+06 7.294683798269321211e+06
-1.160641015790506452e+07 2.220080406783691607e+06 1.691315849340173975e+07
2.373503624646279495e+06 -1.839976127097649500e+06 2.502451082912801299e+06
-6.586081228298546746e+06 2.121877060468000709e+05 -7.825728364744586870e+06
-5.376758869906979613e+06 5.805785455165580846e+06 3.464851338429607451e+06
-2.628402106670259498e+06 9.836639064517166466e+06 8.025207588398700580e+06
4.512995075300428085e+06 -9.402015826278271154e+06 -1.131305228587751463e+07
-8.289958935043905862e+06 -2.784773489334613550e+06 -5.028520110075025819e+06
2.376924485924869310e+06 -3.759857479700481636e+05 1.711638138159562135e+06
3.405424325131448917e+06 7.024247563709507696e+06 8.476625028198037297e+06
-4.188267147114292020e+05 6.484177682269214652e+06 4.090775307370582595e+05
-1.598944882627399638e+06 1.405686273646585643e+06 1.179749921047178842e+07
-4.982096786727261497e+05 1.188850587496673129e+07 2.158615968624029309e+06
9.777904616136291996e+06 6.568707358686236665e+06 6.374129188925357535e+06
-1.589006165830811486e+07 8.805847880417846143e+06 5.062773734893191606e+06
-2.644405958547884133e+06 5.659915431539461948e+06 -9.369262671059601009e+06
-5.967769525675352663e+06 -1.270244907811547443e+07 9.199305083101660013e+06
-1.068808022717180476e+07 -7.813242417873915285e+06 9.036800650650512427e+06
1.101011752901193872e+07 -5.080083572722331621e+06 -1.538606232428112067e+06
9.921381819090150297e+06 -1.735598149425221235e+07 4.250148143906257115e+06
-1.262719485466390848e+07 5.505643196714633144e+06 1.140018833813441219e+06
-1.353817145244494081e+07 1.377964349964672327e+07 2.239501981161201373e+06
-1.816664414940285962e+06 -1.267179297444876051e+06 3.337164858231286053e+06
-5.527946730258413590e+06 1.337873784122794308e+07 1.703794759200423956e+06
-1.007994558060689457e+07 -8.873254550647852942e+06 -3.333158045244426467e+06
4.879524652707009576e+06 -1.565744886222928576e+07 -2.032633667763292044e+07
1.824866410665383190e+07 -8.013603453124333173e+06 -1.539101862456812151e+07
1.361949428306740522e+07 1.420507438705767691e+07 -1.670167251872075954e+06
-2.005342602480274811e+07 1.464776668183251284e+07 -1.727832213703959808e+07
1.848929024468941987e+07 1.858034656332790107e+07 -1.976310441655008122e+07
8.074006017950035632e+06 -6.452613675840794109e+06 5.236590543029956520e+06
1.261114359394704551e+07 2.128279052508088201e+07 -1.592357324722214974e+07
-4.049527519760998338e+07 4.354212547609386966e+06 -1.835841368118796870e+07
-8.992246963821619749e+06 -2.612257172397416458e+07 -2.473340095142260194e+07
1.472852206848751009e+07 -1.440824762251814082e+07 9.440672428662164137e+06
-1.436851782303249836e+07 2.218258541667958722e+07 -2.300889302941894159e+07
1.514390982676454261e+07 2.347210626732428372e+07 -9.700024121167238802e+06
-1.545598619666523933e-02 8.450943973988942273e-03 1.934174686218839007e-02
-2.058402552327160892e-02 8.922774312839557552e-05 8.371382462248611045e-03
1.314112910233459879e-02 -1.990214206300917887e-02 -6.387422394031443997e-03
-9.180002154554738406e-03 4.465259358450809034e-03 7.432618478407375558e-03
1.267663633765666632e-02 -1.470296298024541780e-02 -2.328399770000946778e-03
1.326803679156219641e-03 -9.817306767652779487e-03 -1.193931351023276057e-02
3.088834632563715801e+06 2.532038171890252829e+07 1.358168100570583530e+07
-2.327233306540021300e+07 1.067270206377231050e+06 7.827013561238716356e+05
5.868940875646016560e+06 -1.234776743849622644e+07 -1.365898482450324669e+07
-2.887376697593450919e+07 -2.196909605595752131e+06 3.626368941359147429e+07
-6.659310269819856621e+05 -2.902001462916527689e+07 2.843294874262670800e+07
3.018507628313963069e+05 1.614830052243750170e+07 -2.677013207684885710e+07
1.045541864884772338e+07 9.254102903201472014e+06 2.873577815951157361e+07
1.042279895039446885e+06 -1.680907143965242431e+07 -2.747794468089935184e+07
2.449386580131455883e+07 5.416528559351705946e+06 2.760540891192763671e+07
-1.491101237008366920e+07 5.494311694765689783e+06 -8.622615771128742024e+06
6.811864936865565367e+06 -1.448235157756805792e+07 -1.339967832117167488e+07
6.962493495314242318e+06 -2.792887378924984951e+06 9.494895044260879979e+06
-3.849050564902591519e+06 1.549798390541335940e+07 -1.937233314943320677e+07
5.204482193907709792e+06 -7.057072982718459330e+06 -3.326213148622673936e+06
5.088755285298131406e+06 2.650246153336720075e+06 8.369491413379699923e+06
-5.020843974954301491e+06 3.963537772720573004e+06 1.506825182767213555e+06
4.571901215216778219e+06 8.965617349364332855e+06 -4.831840287347475998e+06
4.255894774794697296e+05 1.317734269030788727e+07 4.010148281381929293e+06
1.290927140781518444e+07 -2.133532652326637879e+06 -1.810277075777957961e+07
1.683960737677035853e+07 -1.418094689305452257e+07 1.950988453682132065e+06
1.205342972717571259e+07 1.051824774912844598e+07 2.064195661974916933e+06
-1.249541085160240997e+06 -1.829056779078566702e+06 -1.328215479846405052e+07
1.332887230409139208e+07 -5.184644831358742667e+05 -3.776375127923215274e+06
1.275173045879093371e+07 -2.061869970771445334e+07 1.056636293536644988e+07
-8.358075815575152636e+06 8.363321318237518892e+06 7.011653320401727222e+06
8.439131388908719644e+06 -3.019803924026196823e+06 -4.111720748770955019e+06
6.338464973709161393e+06 1.611243853459046967e+07 5.735188448361100629e+06
-3.518499042036331259e+06 1.058354650806970708e+07 2.150919065808671061e+06
1.224229524171625264e+07 -4.030367814010000788e+06 1.387670407027786225e+07
4.130312331397679169e+06 -1.224196663836265169e+07 6.812572379527285695e+06
-6.949523960401404649e+06 4.892200213530993089e+06 9.311579526212731143e+05
-6.244523068544670939e+06 -5.251164225502195768e+06 -1.907139510254137684e+06
4.845436096816145000e+05 1.478014949688524008e+07 4.525944788405034691e+06
9.878180790221003816e+06 -9.997579182633725926e+06 3.573179089778291062e+06
1.423591836438833037e+06 4.298694489510178566e+06 -5.753251934731401503e+06
4.096236971681264695e+06 2.008411022197179496e+06 2.910768273934879340e+06
1.604156284152633511e+07 4.717748727616861463e+06 -1.136596677072223090e+07
-7.866812983392888680e+06 7.677283043417830952e+06 -7.725312419012911618e+06
4.313961655169405974e+06 6.885832065957264043e+06 1.504144656688227318e+06
-1.947537468853263417e+06 -5.867167588033762760e+06 -1.897307695839348715e+06
9.453200708484176546e+06 4.967730978322135285e+06 -1.249255013782440452e+06
-2.896292126984509639e+06 -4.640435469209441217e+05 -1.173354621918459190e+06
7.794941039850106463e+06 3.703510933984906878e+06 5.473667494683668017e+06
-8.247851284631742164e+06 5.771200439599880949e+06 9.669632712776450440e+06
8.582060133265605196e+06 6.958593402267807163e+06 -7.550216293348190375e+06
8.781512209413699806e+06 -5.320341856503914110e+06 1.386017344984537689e+06
6.352363132820386672e+05 1.858778949347812682e+06 1.324058851466390770e+06
-6.235071345367910340e+06 -1.008891139704456367e+07 3.533420855628133751e+06
1.029074441523716785e+07 7.902949024387694895e+06 1.101911825488819741e+07
4.324184023612466641e+06 -4.367003394092011265e+06 9.203371906465405598e+06
9.075703472443450242e+06 7.902175451058679260e+06 -4.071269627393447794e+06
1.516482194575272035e+06 -2.166728345871841069e+06 4.440680245589479804e+06
-5.464784204918961041e+06 4.995768185849203728e+06 -9.189416733072621748e+06
-1.613340371381170349e+06 -4.040667658259327523e+06 7.222697046722360887e+06
3.367989232246511616e+06 -2.387373096906090796e+05 -3.326749954514945857e+06
6.641109341641143896e+06 2.442737121363902930e+06 3.824797950618662406e+06
-3.561968086281558964e+06 -6.477016152001183946e+05 7.543655630434322171e+06
-2.689523627427270170e+06 2.263655061833567917e+06 -7.192992949729430489e+06
6.291864542329778895e+06 -5.213496319289185107e+06 3.772328823947980069e+06
-5.098979468367262743e+06 7.632545234208205715e+06 6.746491268252015114e+06
-3.840761243040053174e+06 -7.997548478055446409e+06 -1.057920038837197237e+07
5.120820849150694907e+06 8.713737363337188959e+06 9.237694085782457143e+06
1.117391160942735849e+06 -3.388411049937132280e+06 -7.393103696122764610e+06
9.737898356288896874e+06 -4.606763240188114345e+06 1.074411772255102545e+07
1.031731151278671809e+07 9.894629042303493246e+06 5.609542033105670707e+05
-3.618322265591670293e+06 6.312403378259303980e+06 7.638411811519999057e+06
2.697893466548958328e+06 -9.640011563022734597e+06 4.969548901940169744e+06
-1.037378729048662074e+07 -1.112226289322673157e+07 -6.429440428207193501e+06
-9.450840331596091390e+06 -7.198114674007648602e+06 9.036451728096647188e+06
-7.450832713631298393e+06 -2.040363640163270989e+06 8.108298472328545526e+06
4.750867603637737222e+06 2.086654913217554567e+06 1.137132221467759693e+06
-7.867809639236345887e+06 6.530367048296592198e+06 -5.601390000232471153e+06
5.124032945607366273e+05 8.171400352194242179e+06 7.968429034123644233e+06
3.405110840607563034e+06 -5.791171372027421370e+06 -9.783607521292172372e+06
5.952604103533114307e+06 -3.159623859050088096e+06 -7.663276583697907627e+06
-1.010178182007407397e+07 4.031329308247152716e+06 5.099225799923588522e+06
-6.471437028191532940e+06 -5.623091804757661186e+06 7.812403400558211841e+06
3.990572206134872045e+06 -6.004980444584169425e+06 -6.329588205611226149e+06
1.015742751351729780e+07 5.214965769418708049e+06 5.397030627462097444e+06
-5.111242221821749699e+05 2.107927661633878946e+06 -1.348396858507915633e+06
-6.107371948542135768e+06 -1.491387559260994894e+06 -9.831010737353665754e+06
1.142757602806557342e+07 -8.778492870401783148e+05 -9.671588481463568285e+06
-6.988650788643727079e+06 5.646723918542160653e+06 6.352640311230953783e+06
4.604025015817977488e+06 1.186578141883012280e+07 -8.089998389408647083e+06
8.867776485637247562e+06 -9.742152340292302892e+06 1.975039837751038140e+05
-6.243738711209690198e+06 8.404269617401769385e+06 9.119005392689198256e+06
-4.927431378931077197e+06 -9.120206535050142556e+06 7.399056661354759708e+06
-1.161969447841353947e+06 -6.440150244155519642e+06 -5.782129226600294933e+06
9.190696382360155694e+05 -4.209527436780000106e+06 5.407062561054954305e+06
1.082760275272773392e+07 6.546273099521843717e+06 -6.248185031632871367e+06
8.293772016192136332e+06 1.476555545391522907e+07 -2.983537166410247795e+06
-5.778240938104972243e+06 -5.821480335883176886e+06 -6.383619531626581214e+06
5.227875472102249973e+06 -1.132382147305350751e+07 5.585176290298734792e+06
9.517189219434551895e+06 9.790528889740951359e+06 -3.672349398535904475e+06
-6.644060263465750962e+06 1.681816109060209943e+06 1.070196379179603234e+07
1.181569605653177015e+07 1.079860307455936680e+06 9.870789093490507454e+06
-3.356640423783413600e+06 -1.136078648892034218e+07 -9.952559039886793122e+06
-9.406123311280516908e+06 -4.520701400163886137e+06 2.062082389319633832e+06
6.087846066017330624e+06 4.871211646805249155e+06 1.085066413024882227e+07
-9.605524106955721974e+06 3.704238698507877532e+06 9.279815882843654603e+06
1.536604354983880185e+07 4.685762273790180683e+06 4.182774267231269740e+06
6.963052427830943838e+06 -9.465702687700886279e+06 3.868474886432613712e+06
9.981727058905607089e+06 -8.443557456909714267e+06 2.326725576301224530e+06
1.159038112453886122e+07 -3.935759819637578446e+06 -3.636547962871724740e+06
-1.110366875849959208e+06 1.154506057674999349e+07 4.104987382696410641e+06
-4.815710766471078619e+06 6.002872647921552882e+06 -7.972721970264228992e+06
1.258174062570090219e+07 -3.532952040737402625e+06 -8.010065034000813030e+06
7.305745347773643211e+06 -1.421580941698188195e+06 2.359447403673061635e+06
-4.996610504051961005e+06 3.796317389597752132e+06 1.253321099519079784e+06
2.107895853194910102e+06 4.009856658741158433e+06 -6.841897799052496441e+06
6.359662949948754394e+05 -1.163354699089920893e+07 -6.075651548570351675e+06
7.920676488172995858e+06 5.675655361164002679e+06 -5.285224751694320003e+05
-5.689812701537987217e+06 6.154620714420784265e+06 4.202862489154908806e+06
-3.012722135292383377e+06 -6.344791961887021549e+06 -9.872792754547979683e+06
-3.106079969967195764e+06 9.504415603209128603e+06 -9.685754103649104014e+06
-4.461697945396552794e+06 3.722082821832431946e+06 -2.482461922518582083e+06
-7.187705000472611748e+06 -7.467628643105026335e+06 -3.511344898209613748e+06
6.714586116783916019e+06 8.972768325308119878e+06 -1.380116121954519860e+07
1.129979544290196337e+07 5.902079003109784797e+06 8.193262925139957108e+06
-5.033737143307418562e+06 1.373989695357825607e+07 -9.161230267898261547e+06
-4.482036738686930388e+06 -1.450826535467187874e+07 8.946371745039908215e+06
-4.427833558527882211e+06 8.856889115283723921e+06 -9.441467723328389693e+05
9.140102198026821716e+05 9.022046187182344496e+06 -1.445573436131356843e+07
1.542929328174313530e+06 -6.814012316985228099e+06 -8.519208879838017747e+06
-8.730117724410090595e+06 -5.436352964537183754e+06 1.254797017549379729e+07
3.015006795840946026e+06 1.313325165400102735e+06 1.844714265099510318e+06
6.244523528172273189e+06 1.182441204336323030e+07 4.658570316324663348e+06
1.975615361539689766e+05 -3.817862050424652640e+06 -3.620822339918824378e+06
6.021367552206677385e+06 7.330846978164831176e+06 -1.535229824247598648e+07
8.465940940591633320e+06 1.771747245121781947e+06 3.962786513740397058e+06
1.222490768867015094e+07 -8.533157292570536956e+06 -1.160752476348985732e+07
3.744005664957661647e+06 3.198213671910325065e+05 9.763607679961156100e+05
-3.382762710797080770e+06 -8.235384759303128347e+06 -6.197002549996485002e+06
-1.133220491058810987e+07 -5.755344925808825530e+06 -1.660562019345695712e+07
1.807232499267429858e+07 -1.306288203540750779e+07 2.320125666159600951e+06
9.345248495447674766e+06 2.579777254142461810e+06 -8.101212296871212311e+05
-1.023296717661422119e+07 4.301099987507055514e+06 -3.770389945123739541e+06
1.047654633501227200e+07 -4.135238904317248147e+06 8.889267269101848360e+05
4.763428466395817697e+06 1.033443003650589497e+06 -1.323665090053121792e+06
-5.291848692465352826e+06 1.795274371592237055e+07 1.503666373559709638e+07
6.064195145622232929e+06 2.990000189736680128e+06 -1.270964840761327371e+07
-7.716331488805571571e+06 9.734073846575617790e+06 1.298412075518143550e+07
3.998926379476950970e+06 6.873800396036338061e+06 -1.345396864276436158e+07
-7.779265250141693279e+06 1.727354488159464905e+06 -1.494931059132504277e+07
5.305918442746441811e+06 -1.126453150553458743e+07 6.065775214295384474e+06
-6.379372454209295101e+06 -2.605174243047071621e+06 9.822470206107756821e+05
3.656538540126210079e+06 3.872303700666461140e+06 -1.253294189515439048e+07
-1.274947746623594128e+07 -1.337743402396650985e+07 -7.349944514519501245e+05
-1.230770375984800979e+07 1.086165185062561557e+07 1.723523269424937665e+07
1.293943244349331828e+06 1.110069631598576903e+07 -6.269820177273471840e+06
-7.726302026458352804e+06 5.082330316318522091e+05 -3.898868807700930629e+06
-7.926903965568372980e+06 -9.973066216417327523e+06 -3.452178112866050098e+06
1.651134506895109639e+07 2.100985406085052527e+06 7.292883985803690739e+06
6.829749710687801242e+06 1.130698236025304161e+07 -1.705429960248417687e+06
-1.359114478582009673e+07 -1.880583130441536754e+07 -3.409011783432505094e+06
7.013569571370789781e+06 3.842438296653785743e+06 -9.494093880337648443e+04
8.380818124317172915e+06 9.206128607209764421e+06 5.449491384522249922e+06
-1.254260349477691948e+07 6.933029536272454076e+06 2.420125134411317296e+06
-4.586853183950780891e+06 -6.775059795602007769e+06 -1.297689643945717253e+06
-7.034025680253984407e+06 -1.230692819185745902e+06 1.108093261099495739e+07
-1.322968114269807935e+07 1.179529138806961942e+06 5.349010540296631865e+06
-9.855009002789687365e+06 -9.188602920665740967e+06 -1.187148990455115214e+07
1.609760735987085663e+07 1.473105680373075232e+07 -3.625990907027531881e+06
1.053508077253753319e+07 -8.778817739628977142e+05 -8.500476010922793299e+06
1.491453112065178901e+07 -9.263734541736854240e+06 -4.569201842608398758e+06
1.276099338204351254e+06 1.065071458365306957e+06 -1.281064632627702318e+06
1.033220322646625154e+07 -1.720333797506271675e+07 -8.680664204915948212e+06
1.401406998157805204e+07 -1.240056423120086081e+07 -5.758265155288813636e+06
-1.273538199163976678e+05 -4.671028360968891531e+06 1.167997212747450545e+07
3.963263896483903751e+06 -5.822964382148961537e+06 -1.142362923482296802e+07
-1.174142388754185289e+07 7.211527285642664880e+06 -1.218515973119042814e+07
1.506588087127001956e+06 -1.069321324350157194e+07 -5.290540916455233470e+06
6.586715267592629418e+06 6.237212118485442363e+06 8.473111672294484451e+06
-1.019724108679931052e+07 -6.239798351443096763e+05 -1.312437715696526133e+07
-8.336635428366967477e+06 1.026446545013562776e+07 -5.368429511420544237e+06
1.293289625601506792e+07 -7.159763664321937598e+06 1.366473649791756645e+07
-1.165670289605491795e+06 1.235877880286017805e+07 -5.109373892936241813e+06
-9.251628637563280761e+06 -7.381482448060199618e+06 5.002497505036915652e+06
-9.146120126939177513e+06 1.093814210519116744e+07 1.496253422512764111e+07
-9.496938515100114048e+06 -5.679746706082404591e+06 -7.592599754146242514e+06
2.103642426092462614e+07 1.611427763111908454e+06 -9.529691715618496761e+06
2.234096579019469209e+06 7.898361952892867848e+06 -1.038806001825336250e+06
4.468446759036047384e+06 -1.015437401420827769e+07 -5.223968126548631117e+06
1.362462921381116379e+06 6.518514706132010557e+06 -8.818747772081853822e+06
-5.280759247402357869e+06 -2.139447002029719297e+06 1.454171820272613550e+06
-1.564471257952054963e+07 1.845610556339364871e+07 -4.525754136745676398e+06
8.308236653960219584e+06 -4.562717063194208778e+06 7.560247399381076917e+06
1.525689519331184402e+07 9.797739188248161227e+06 1.268566117893238319e+06
-1.528848581000475772e+07 4.031305106098467950e+06 -1.705479804795629345e+06
5.136060778524913825e+06 5.918303028329831548e+06 1.363325249388117716e+07
-5.384699199906649068e+06 5.231331719079864211e+06 1.045852282484218664e+07
6.185951979432385415e+06 -2.050289416048768535e+07 -1.615336315854055434e+07
-9.322818817844638601e+06 2.616726362923115958e+06 -1.189763359196536243e+06
-7.584948266870643012e+06 -7.622335037926487625e+06 5.460478371399272233e+06
5.605161487923785113e+06 -8.943008049194317311e+06 9.529337121914384887e+06
9.907791961455341429e+06 -5.934089080406769179e+06 1.597650918580592610e+07
8.923849246791034937e+06 8.774351632746744901e+06 4.631168984569408931e+06
-4.382890275325054303e+06 1.381620274704643758e+06 -8.539659109470723197e+05
8.250232227617700584e+06 -3.557898663604444824e+06 7.742577525955993682e+06
-5.858626047878443263e+06 -1.000674761612154171e+07 -1.512315532009009738e+06
-1.421354315410268493e+07 4.172276240284940694e+06 1.634902734307552502e+07
9.855277071654325118e+05 8.443269036986259744e+06 8.958706180873997509e+05
1.162989455784961395e+07 2.611173328626066446e+06 2.689610798851143569e+06
-3.216414348149135709e+06 2.930156866052534431e+06 -6.599587043050720356e+06
1.611724535144577920e+07 9.313441188865918666e+06 1.174696796276283264e+07
-9.649928992342459038e+06 -8.825744465897042304e+06 -2.613180851983795408e+06
-2.159334744889046066e+06 -1.597332098417466274e+06 -1.020378483411309868e+07
8.317978933652899228e+06 8.255709313005279750e+06 3.354148798670523800e+06
3.051882751746457070e+06 -1.165585488176213950e+07 -1.261651147065990046e+07
-4.764417137934016064e+06 -1.316644863889961317e+07 1.534256236912701093e+07
6.182915904768908396e+06 1.573096523578850366e+07 -7.079063047933281399e+06
1.427376335544341803e+07 -1.301648410888821818e+07 -1.311665470478939125e+06
6.807732257295592688e+06 1.700271771481573209e+07 1.268121673472185386e+06
1.803306905792787205e+06 1.564676322229726985e+07 -1.088943214449995756e+07
-1.472329927861264162e+07 -8.190491910818589851e+06 -1.581322413760810532e+07
6.415058756706779823e+06 -7.714995255911258981e+06 -8.297349701105102897e+06
-1.646678866731189564e+07 3.051036233361092745e+05 -1.427729196434365213e+07
8.686728078402640298e+06 1.589061728414996900e+07 -1.411924111665033735e+07
-4.893508854109452106e+06 -5.870777823260784149e+06 7.698765642984184437e+06
-4.378837009062658995e+06 -1.335346488343052380e+07 7.484619847794733010e+06
4.940915023064875975e+06 -3.166677895090378588e+05 8.098559343785604462e+06
-1.146961654845831916e+06 1.204125039789994434e+07 -1.007026000254395418e+07
2.095764055863811448e+07 1.110142099909871072e+07 4.367816670778933913e+06
-3.905517926074317656e+06 2.170519809194331989e+06 1.271273944607426412e+07
-4.869015656764006242e+06 1.015769127444437705e+07 -1.063537339081790065e+06
9.895556698558939621e+06 -9.296742630595520604e+05 -1.657459205582843162e+07
1.761182113198164152e+06 2.479036997926665004e+06 -1.712459993997702375e+07
2.981315225181354210e+06 2.912661123826782219e+06 -1.611165685215857998e+07
-9.297705229933362454e+06 -5.880457150673439726e+06 -8.334985763818280771e+06
-1.391708916534824483e+07 -6.949147805446766317e+06 -9.296973054653517902e+06
2.680055979457163252e+06 2.717509523148352164e+05 1.828116170201001689e+07
4.918438023311464116e+06 3.503755763125154772e+04 -8.926165358888763934e+06
6.949736084984673653e+05 8.904760183311944827e+06 -9.511968323623722419e+06
5.738306491979345446e+04 9.429262132198715582e+06 -1.258891504136367701e+06
-1.192217510309327766e+07 -5.849457851560981013e+06 2.864289896943609696e+06
1.156424909285864606e+07 -7.181185814517717808e+06 4.753665330044371076e+06
-5.927827071973905899e+06 1.886850971339119831e+06 -1.090357487055132538e+07
-4.205732813332373626e+05 4.038159026087551378e+06 1.368298608331007883e+06
-1.009930603999931738e+07 -8.250581499382524751e+06 -1.123462637523770100e+06
-9.858169162506299093e+06 1.150130808281318098e+07 1.469957924747231300e+05
-8.405810300245773047e+06 -7.968876386319420300e+06 -5.047274449057883583e+06
-1.366562398925303482e+07 -7.230176398331928998e+06 -1.126407033884024993e+07
-1.255024699272425659e+07 -3.224214911909547634e+06 1.736625692136813886e+06
-1.507255705350428075e+07 1.708567490656981245e+07 -6.840579687476924621e+06
3.597346281630091835e+06 -1.033837759099434502e+07 4.357607098057334311e+06
-3.185052715105997864e+06 -1.715516277597205481e+05 -1.784115323616733775e+07
1.869286537999692559e+07 -8.277045090074808337e+06 7.135665854532307014e+06
-5.301882383784971200e+06 -2.533420332675057463e+06 5.806227091188486665e+06
1.072378382080247626e+06 1.121344803343733586e+07 -9.108506769208444282e+06
5.174775786014311947e+06 -4.911445095140517689e+06 6.085131094279369339e+06
7.621987915374965407e+06 -1.121139366495196894e+07 9.074863271384073421e+06
-4.662024505867994390e+06 -2.018614335966994404e+05 -1.177067970095444098e+07
5.553743497580425814e+06 -1.968411424110181257e+07 -1.371737885294282623e+07
2.039310468487167358e+07 -2.721586410130197648e+06 2.985650430868979078e+06
-3.211085867251593154e+06 -9.555393038222176954e+06 7.494062063900751527e+05
-1.132096363272005320e+07 -1.122401149698445015e+07 -1.301879326258761249e+07
1.910580202709334344e+07 1.519312747387176566e+07 1.728427901178879663e+06
-3.713064687048369553e+06 -7.336254014018606395e+06 -1.223557777639023028e+07
-2.704548408030210994e+06 -1.291519123320763931e+07 2.215802202142789960e+07
1.108907691400387138e+07 2.009106004961560946e+06 -1.349693723803105950e+07
-6.164661267845031805e+06 -1.316582182280679792e+07 -1.450237840144461393e+07
-4.042859267685607541e+06 -1.384769597342871502e+07 1.572189185395827703e+07
5.780199534946100786e+06 4.095871164760397281e+06 1.564087613615824841e+07
3.912095228307414800e+06 6.973695455743532628e+06 -1.101940962291396968e+07
1.883886189058765769e+07 -3.922392665836784989e+06 -1.697945676171588525e+07
-1.173784180897578225e+07 8.039176118717279285e+06 8.465083538785196841e+06
8.792501113864166662e+06 1.757265629767502472e+07 -2.311465603121069074e+07
1.918991863860445097e+07 3.121793951331101824e+06 -2.182329306246799231e+07
-1.144508339743615128e+07 -6.781249092559985816e+06 -1.969148981114597619e+07
-3.168972467262128484e+05 -9.849302701640937477e+06 -1.463846929477650858e+07
-2.702388058290265035e+06 -2.238547518685224280e+07 -1.450097135345968790e+07
2.840107423904033378e+06 -1.300201187442347035e+07 1.639221424326035008e+07
8.043550961064352654e+06 -1.735873230679043382e+07 1.871712398176224530e+07
8.240073320512797683e+06 2.534989366364030913e+07 -5.214780962850537151e+06
-8.379852602420478128e+06 2.856417781290824525e+06 2.329163281414836645e+07
1.879366765722965449e+07 2.961223966135297902e+06 1.839281037480702996e+07
2.535084239445255953e+05 1.424946588498454075e+06 -8.106418819176902762e+05
-8.496967950223254040e+06 -1.710701512243214995e+07 -2.302993775615933537e+07
-2.365314261091866717e+07 1.021838546384246089e+07 2.061530309914477170e+07
-6.731622965898602270e+06 1.543176483144957945e+07 -3.824450171798117459e+07
-7.031093760898299515e+06 -1.339677687012258917e+07 -1.390840152651309036e+06
-5.180185838138524443e+07 -8.354652311497434042e+06 9.920340733059307560e+06
-3.059752653386707976e+07 -8.719772724342631176e+06 4.984419261235203594e+06
1.736878551216883212e+07 -5.001411627032490075e+07 -2.624016762815478444e+07
4.568530532474794745e+04 -3.002581293418123969e+05 -3.635867144069178030e+05
-1.331438307136947191e-02 1.439595135516283202e-02 -5.402754467038530309e-03
5.466216160051221712e-03 -1.254935253548484890e-02 -1.417786857802890398e-02
5.422182594118917474e-03 1.159882097706058102e-02 -1.179531275629533416e-02
6.636072578411015936e-03 -6.322655376914418021e-03 2.145502002266498620e-02
-1.883367755596505530e-02 -1.372995878166499359e-02 1.361908904247767678e-02
1.121361271781218596e-02 -1.645279039335391033e-02 1.034520641242315381e-02
7.609971356751971160e-04 -1.581434126310174784e-02 2.327822167947904072e-02
1.855232938639909262e+06 2.673128305433501024e+06 1.757655058172831079e+06
-5.662028472361550666e+05 8.643919808848178014e+06 9.916430300200307742e+06
-4.791023645954293315e+05 1.350810156439281302e+06 6.012591389284113422e+06
-5.428743616347861476e+06 3.198577107239259873e+06 -1.637272221449347772e+07
-1.142557465855658986e+07 -7.227316897295597941e+06 2.298017981614946853e+06
4.121928355347689940e+05 1.277645039267838188e+07 1.618514825524959527e+07
-8.443224454026335850e+06 8.018808179388559423e+06 -1.680878362288539857e+07
7.434986874944831245e+06 -6.790098665621158667e+06 6.840476100939436583e+05
-1.115064245914389938e+07 -1.079267838403701596e+07 1.023306817572509870e+07
-2.334486995635876898e+06 5.392194672045223415e+05 1.260273085813293606e+07
-1.252353613261257857e+07 2.875484146965629421e+06 -1.541124433447226882e+07
1.666369303355447762e+07 -3.671800445774778491e+05 8.662838059123571962e+06
-4.968340961486391723e+06 -6.708948500103328377e+06 -2.403224722426355351e+06
1.066878778964060545e+07 -5.788082018581440672e+06 2.698646451069206931e+06
-5.284741147912387736e+06 -1.255999363988014311e+07 6.177713407469069352e+05
7.132174539409272373e+06 -1.774055851457855478e+07 7.234790895871019922e+06
-9.740554045126570389e+06 -6.870509536883809604e+06 2.988140303075798787e+06
1.029369698991211317e+07 5.698018748651928268e+06 1.056301531498956494e+07
5.557911823478517123e+06 8.690529036172328517e+06 9.796671237057477236e+06
1.206797696207873756e+06 9.554614504927598173e+05 1.069303586932811741e+05
-3.033529666652187239e+06 2.172792776406744961e+06 8.536434875273264945e+06
-1.557409474925624952e+07 -3.644637756643350236e+06 -1.679024468148887623e+06
-6.463071763047956629e+05 3.836932519237261731e+06 -4.453397494020035811e+04
-2.273229653763435781e+06 -1.400120649021326099e+06 -1.683467542064148188e+07
-1.498490266100751003e+06 -3.348461181049344130e+06 2.000456036207220517e+06
-5.672749871021401137e+06 3.341868421307141893e+06 1.089446206532584690e+07
1.211182428069592267e+07 -1.114734645128452219e+07 6.163290101303722477e+05
1.076298330195424892e+07 -4.540785118986352347e+06 4.575508182932008058e+06
-9.521908018692800775e+06 9.300436387385591865e+06 7.654933940528663807e+06
-8.908427619526781142e+06 -6.052957697816180065e+06 -9.954116137740861624e+06
-3.670947421791404951e+06 -2.465450077773540746e+06 5.476084026485993527e+06
-9.318123233377166325e+05 -2.282442623535368184e+05 -6.155747993156152777e+06
-1.030487082307756878e+07 -1.322435769103379548e+07 1.418785032029022463e+07
1.131170451844725385e+07 9.126788553955558687e+06 -1.042032295704563265e+06
6.731124156667845324e+06 1.300138439363378566e+06 9.728765937173282728e+06
-1.169594327698177472e+07 -1.293191725539794378e+07 2.073725907706639962e+06
-4.387387061732079834e+06 -5.835223551974079572e+06 -7.106670750360927545e+06
-1.223869113777005859e+07 -8.266513726779507473e+06 -1.449166615926950611e+07
2.503275889176750556e+06 6.972566990597900003e+06 2.047486540055795922e+05
-8.180480860262765549e+06 9.215216928332664073e+06 9.013869283129250631e+06
-5.112317724051904865e+06 -1.249312237812329549e+06 5.641191421113500372e+06
5.185730157727764919e+06 -1.394460754164210055e+06 8.051483764886809513e+06
5.355258525163826533e+06 5.726991631634042598e+06 -1.030829208961649798e+07
-2.625614899068498518e+06 -1.065655709981626086e+07 3.245947987540353090e+06
6.256978169930642471e+06 4.967580584527411498e+06 -2.137992286757594440e+06
-5.197331485160173848e+06 -2.176358755233228672e+06 -3.396301944366659969e+06
-9.235313679259205237e+05 -1.005261094697430357e+07 -1.143261733752601594e+07
-1.659057787015595473e+07 -3.252589852346914820e+06 3.198310582040600944e+06
6.241153610721477307e+06 -3.653644111259932164e+06 4.523722725657462142e+06
1.629652668931834865e+06 -7.291602288247851655e+06 -4.244899306224196218e+06
7.727005013071364956e+05 1.683691117878710153e+06 4.779126583711281419e+05
1.448611549358893745e+07 5.735907723852335475e+06 -7.204858410964641953e+05
1.098174620306942612e+06 -8.713828171669378877e+06 6.749879906974246260e+05
1.764619941201436799e+06 4.672619461041421629e+06 9.670707060945110396e+06
9.136061331942846999e+06 -4.315242871456501074e+06 -1.162500409820457688e+06
2.469923284259818494e+06 -1.247952790737249330e+07 6.277939527294554748e+06
9.088732420212609693e+06 -4.601563340811492875e+06 1.969740209554055938e+06
1.765798367372591747e+06 6.716658688333087601e+06 6.874886681302096695e+06
-7.014206292096912861e+06 4.601301159236112610e+06 -4.456319183349969797e+06
8.115611172086239792e+06 -7.165192015881733969e+06 5.419892786733604968e+06
-1.300760137726617791e+07 -3.906625174236202147e+06 7.728116666398767382e+06
1.166371261847088300e+07 1.995946874775631586e+05 2.860852866384259891e+06
1.195841566878325678e+07 4.784188063365809503e+05 1.490381852276546136e+07
1.413903401422998682e+07 -6.698472887616821565e+06 6.240997486773208948e+05
7.403939281314603053e+06 -7.534725386327377521e+06 3.126136679091868922e+06
8.719742242398655042e+06 7.502243279300135560e+06 -7.776982140750987455e+06
2.522367750851128716e+06 -1.110956983389205998e+06 7.771688552150498144e+06
1.050577813254273124e+07 8.009863217814744450e+06 1.426828464532015286e+07
-8.319896540432428941e+06 -9.367865597972983494e+06 6.139497574138090014e+06
8.409616947081658989e+06 -2.199344964626943227e+06 -8.075427414126581512e+06
8.919911633998211473e+06 6.879366189862782136e+06 -7.842762345615832135e+06
-8.080235100011528470e+06 -4.594956496296086349e+06 -6.202428300406944007e+06
1.544916023427583091e+07 7.262866810888915323e+06 -2.162020135737326927e+06
8.392210109169578180e+06 6.645750179864363745e+06 6.771651752645714208e+06
2.357051576167151332e+06 6.036731514958088286e+06 -6.934372627997523174e+06
-1.181523683297275566e+07 9.806291373141590506e+06 -5.996217101829889230e+06
1.135705222788692638e+07 -2.339951604746852070e+06 -6.843296308108307421e+06
1.467684883662842587e+07 7.765688764508590975e+04 7.985976231906224042e+06
-1.192735754430271126e+07 -1.030755658760849759e+07 -1.272626159386381973e+06
-7.906069884550972842e+06 -6.052659796770205721e+06 -1.149791609396789921e+06
-2.605314870788140688e+06 9.916325961026119068e+06 -2.889942240125625394e+06
-5.312685795874485746e+06 2.716164424978540279e+06 -1.094067841104345024e+07
-1.330700061913614161e+07 -2.308345787950108061e+05 1.539814803086895496e+07
-1.776933272648452595e+07 1.417232579263489507e+07 9.405455355736131605e+04
1.452658669022728689e+06 -2.627024986157035921e+06 3.769924425825113896e+06
-3.011549944176070765e+07 -1.244415983286550734e+06 -2.838419389887058735e+07
1.406487305742816441e+07 2.593572542327151168e+06 -1.113711030712666735e+07
-1.689602950987020880e+07 6.075205976741710678e+06 6.913074080646670423e+06
-2.040434519631507993e+07 5.067214298763500992e+05 3.294660832203829661e+06
-1.426579640454924665e+07 8.198375217027820647e+06 7.037389990201459266e+06
-5.297104912207835354e+06 -5.194438693140148185e+06 4.226397054423526861e+06
2.581770677357885987e+07 -9.504458967752665281e+06 3.089420713197904080e+07
1.759101959371782467e+07 1.431111423757183552e+07 -1.814693879941519350e+06
1.545313388907872699e+07 -8.933234325195377693e+06 -9.773208322845248505e+06
2.752377975866911188e+07 9.733541484646229073e+06 -6.659713084339653142e+06
-1.447245736455883598e+06 1.854671637680453062e+07 1.263520606945532188e+07
-2.762956031346197426e+07 2.143536551257661730e+07 9.930148612593861297e+06
1.790243742927701771e+07 2.966983976067620330e+06 1.116036586966553703e+07
-2.123905762624508142e+07 1.254932703742602840e+07 -1.615422478250843659e+07
-2.274326928336075973e+06 3.592257875165339559e+07 -1.077667569755814970e+07
-3.896616663613729179e+06 4.551958896381369792e+06 -6.118138986836616881e+06
-4.453079106254941784e+06 -1.237856927507624263e+06 1.389940979489295371e+07
-2.617138824426226318e+07 2.114855314523614570e+07 -1.033134690771080554e+07
-8.436482218316467691e-03 -1.911776124063999452e-02 1.488346315098529674e-02
-1.701065289485053506e-02 -1.748569860869241726e-03 -1.040533516669291461e-02
-1.224421866791901466e-02 -1.112822945292363253e-02 -5.027424769288665711e-03
1.507629915024270677e-02 3.115579710448250841e-03 1.848783495850379877e-02
-1.407897162848007616e-02 1.569909704531324834e-02 -4.393368400893510805e-04
-1.344965905358976380e-02 5.855247115766646976e-04 1.919750982392017663e-02
-1.054426730263300499e-02 -7.648180187308766670e-03 2.594609884600987751e-02
1.618824706358493182e-02 -1.182062906823034068e-02 1.721588644283095215e-02
-4.553469655707831495e+06 1.312893719047187082e+07 1.107079185396119487e+06
2.435087905275182426e+07 1.047080453805055469e+07 -8.826052594528401271e+06
-1.519443152298904955e+07 -1.503315750040972978e+07 -8.700345070931015071e+05
3.075403182868717983e+07 2.898190757528483495e+07 -8.658087708291769028e+06
8.256207302833481692e+06 3.319726995967938006e+07 4.276787891079894453e+07
-2.137724982499228418e+07 1.130360386388449930e+07 -8.784105183543959633e+06
1.711656971227582172e+07 -4.250485586347943172e+06 6.079892014504730701e+06
-2.784813742887277156e+07 1.488167743879740499e+07 3.119008345953835640e+06
-3.549077593420948088e+07 2.388704512560229376e+07 2.135454033350437507e+07
-1.012011903929995932e+07 6.971918641802621074e+06 6.705396395804347470e+06
-1.207161449124651775e+07 -8.051095463385742914e+04 1.420487211239413917e+07
-7.609369233239970170e+06 -9.413700568572044373e+06 -1.264978057986970060e+06
-1.233339983051193319e+07 -1.983036971795220301e+07 -6.595305223742097616e+06
1.107227196296937205e+07 -1.439716804533398524e+07 1.379004128129505180e+07
-2.132522806959781423e+07 2.125163951588458847e+06 -4.291756847110818140e+06
-1.587506336993373185e+07 4.399456047741166316e+06 8.439004997822429985e+06
1.019636793851171061e+07 4.159900005019920412e+06 -3.232378241088763345e+06
1.821945393163519329e+05 -2.569025839016511291e+07 -1.107493791291355155e+06
-1.984295655885956809e+07 -2.307627310029061045e+06 -6.057019307763010263e+06
-8.849328313252951950e+06 1.496082253397264518e+07 9.910252574452543631e+06
2.107876345475507155e+07 6.788745722163163126e+06 -1.635029162059171125e+06
-1.541611566739908233e+07 1.567209422033863701e+07 -1.297286983574350737e+07
1.220768311690041795e+07 -9.561548724319865927e+06 -1.133266160393360630e+07
-6.960667155655656941e+06 -2.343681364075654000e+07 1.172147106708700769e+06
1.385174421174896695e+07 6.454560898032178171e+06 1.927401339086478576e+07
1.063679011984404735e+07 -5.175429437770306133e+06 -8.982937564549135044e+06
3.028179343245399650e+06 8.380170631928755902e+05 -2.380546508757637057e+05
-1.105862074295054004e+07 1.684178821890352294e+07 -1.083811275797306746e+07
-7.607687491957122460e+06 5.820264822358115576e+06 -1.027830675829848647e+07
7.746872904487075284e+06 3.376982880965563469e+06 4.898212342155144550e+06
-1.495829830595697090e+07 -3.617604745279104449e+06 8.915188941413519904e+06
-1.614409442892190302e+06 7.985007497692921199e+06 -1.492628619882419333e+07
-9.601971795140119269e+06 -3.478916130282640923e+06 -5.058696737902386114e+06
-9.654081111503038555e+06 1.217498955447575264e+07 3.384260683598495554e+06
-1.675206755417835154e+07 2.346879009951554704e+06 -3.733609078131340910e+06
3.434671129933459684e+06 1.068828630856128875e+06 -1.295307560134957172e+07
-9.527382115954125300e+06 2.930366665277056396e+06 9.336200777969971299e+06
-6.816921733782958472e+05 3.216407493564860197e+05 2.143993018121564528e+05
-1.779699712383045116e+06 1.600428244511191174e+07 -7.491020043403382879e+05
-4.835984411310794763e+06 -8.717652527024671435e+06 2.239420226906952914e+06
4.754811515937109478e+06 -6.470515821993169375e+05 3.411652468053941615e+06
-2.852433931993104517e+06 7.065824802595188841e+06 1.054474659210396744e+07
-8.286830778506177478e+06 -4.611012609099428169e+06 1.165343222905053757e+07
1.407078314600531943e+07 5.308431264358769171e+06 -5.626060410438579507e+06
5.696106379369285889e+06 5.253985042865120806e+06 4.065713739411372691e+06
8.963613109994277358e+06 -7.090482317781130783e+06 1.412121989742273465e+06
-1.384411052306639962e+07 -8.455212524276249111e+06 5.973677982141565531e+06
6.292443907245013863e+06 7.665786939458868466e+06 3.347284735728432890e+06
-6.805995211712768301e+06 -1.469782709752094932e+06 -1.252075344402736239e+07
8.874794435943651944e+06 -1.314465044264450669e+06 2.083932523452321533e+06
8.631232445507181110e+05 2.281116610620302381e+05 8.306208859342675656e+06
1.133078422147113457e+07 8.825431847062205896e+06 -5.289385877499499358e+06
-4.149280210401975084e+06 8.316022110350979492e+06 -1.517850866609870573e+05
3.894845683166761883e+06 3.954999711478187237e+06 2.380634780847555026e+06
-6.782017030440380797e+06 3.661272617196250707e+06 1.076179765027960762e+07
3.351609762812901754e+06 1.211354914981653215e+06 1.485569452734522708e+07
-3.715734790146824707e+03 -2.821956585218310356e+06 1.340387558028366230e+07
-4.396932758806986734e+06 9.441269021047422662e+06 1.508064062294263160e+06
-1.992097303827129072e+06 -8.834661379005357623e+06 -1.126878213177521393e+05
3.325638726402825676e+06 9.461156636492280290e+06 -3.774112130002291873e+06
-1.169182158560300618e+07 4.838950145432002842e+06 1.020998820319000632e+07
5.966582596027123509e+05 2.666145761276878882e+06 -1.415919046072020894e+06
-8.967570531270116568e+06 -6.121127367537907558e+05 4.278678613608038053e+06
1.188654745444719447e+06 -1.289613100689905230e+06 4.308047600982129574e+06
4.490017898670996539e+06 2.232618618903883267e+06 1.333033357080078870e+07
2.940759725614419207e+06 -1.723787026005367516e+06 2.376579556463563815e+06
3.840198587902142666e+06 -7.652939280777945183e+06 9.032894692879430950e+06
-2.464420493945968337e+06 -5.792247427500214428e+06 1.269216002663744614e+07
-6.139851918114366941e+06 -1.038636478596942313e+07 8.397148236591724679e+06
-3.786438533236941323e+06 2.479080236363476142e+06 5.254463731624200940e+06
5.096208893554119393e+06 -1.093921620315272920e+07 -7.569266097805029713e+06
-1.109284494621561840e+07 5.706455518965203315e+06 4.281910426028818823e+06
-1.429013262967182556e+06 -7.094451383872207254e+06 -2.568748580626137555e+06
8.298576321976248175e+06 8.635059547734880820e+06 -1.739133589565568254e+05
-1.366696612712422386e+07 -3.211836287560074124e+06 -1.400465957929746248e+07
6.996010976180469152e+05 4.359905822158565745e+06 9.663543682096293196e+06
2.070812930731281405e+06 1.102397126079141349e+07 -7.838773832183777355e+06
-1.395398142758360691e+07 5.649489097239162773e+06 5.335319593070050701e+06
3.239181804183886852e+05 9.598072801587550202e+05 -1.883054863644307014e+06
-2.687598571092948318e+06 -4.488645375563378446e+06 7.339181463668989018e+06
2.445578435343662277e+06 -3.299454960148940329e+06 -1.969910625246034935e+07
1.073327775544226461e+05 -2.799020794997817371e+06 -2.298951449225285556e+06
-5.342175399639255367e+06 4.618023123187300749e+06 1.016141179655163549e+07
5.053389599284721538e+06 6.389143969807082787e+06 -1.329419212380156666e+07
6.032776981299505569e+06 -8.322555405947916443e+05 -1.146305336639481969e+07
-7.710077339895367622e+06 9.461855142064047977e+06 8.716823484392997343e+05
7.155634378371369094e+06 7.248170617176089436e+06 -3.403895968274299521e+06
-7.767924322467913851e+06 8.041912323888836429e+06 -2.078061500916418154e+06
7.952204038825061172e+06 -1.033593223800884187e+07 -1.457756658716154518e+06
-8.111085197568723932e+06 1.112221867224913836e+07 1.059125400694968365e+07
-7.396681361935552210e+06 -2.880835118454799987e+06 -8.405565859529478475e+06
-6.130600501574990340e+06 -9.918544842825167580e+05 9.056372051945695654e+06
-9.505966198867758736e+06 2.271016364043805748e+06 2.661425667626487557e+06
3.131232750300495420e+06 1.063427753892665356e+07 2.371203198784495704e+06
-9.615007178482974996e+04 -7.369501386581600644e+06 1.277541260492941365e+07
-7.536395643733965699e+05 6.135892069653814659e+06 1.639613044771739841e+07
-2.057727999215690885e+06 -9.534176647864013910e+06 -1.325567281487737596e+07
-1.151755999189737812e+07 1.159089654642265104e+07 -6.988062506900901906e+06
3.350681145555913914e+06 9.461324651782181114e+06 -9.201938392376674339e+06
-5.409441060894621536e+06 9.229774535053316504e+06 -1.303825803117169254e+07
-1.290721165705018491e+07 1.550106337256288622e+06 -8.034344551559485495e+06
-7.934655682496012188e+06 6.679071314584039152e+06 -4.184346177502820268e+06
1.955979100496838242e+07 5.780980520085292868e+06 6.340316303734252229e+06
1.439078853468417376e+07 -6.316562478847023100e+06 -2.505448416460120119e+06
1.285961066117618047e+07 1.274292941988409124e+07 6.377874251653911546e+06
-3.421701655685568228e+06 6.669420891543326899e+06 -9.191093653601139784e+06
-4.168161272528706468e+05 -8.086651903891980648e+06 -8.162503659142865799e+06
1.094110395638787001e+07 8.829333548361200839e+06 4.469526190903145820e+06
2.160761662738343701e+07 -9.159460655967005296e+05 2.423410365228764713e+06
-5.847094835884041153e+06 1.242924335292748874e+06 -6.004960884279715829e+06
-7.547296259801158682e+06 -7.252027935163849033e+06 1.358579588190862164e+07
-3.934009758441151120e+06 9.788897009403802454e+06 -4.370125770737763494e+06
-2.555703272543380503e+06 1.352528521532074374e+05 6.300457972783833742e+06
6.065869281574502587e+06 -6.012554496511793695e+06 -4.964759165540841408e+06
2.470209946875233669e+06 1.883329183571514115e+07 7.070612680830623955e+06
5.274483549997136928e+06 -5.661276612742031924e+06 9.663866255735658109e+06
9.713423470144547522e+06 1.208169125921612605e+07 1.112381092664032243e+07
-1.044651403656703606e+07 1.192568112204061821e+07 -7.182948628891562112e+06
8.356083493623988703e+06 3.368710109627318103e+06 -4.679842657419607975e+06
8.969771214304169640e+06 -2.490013083741954179e+05 -1.085999714437057637e+07
-1.875736992128921673e+07 2.969325927522400860e+06 -2.013774365460610390e+07
1.165955761459823325e+07 8.572147060413479805e+06 1.869707819057590142e+07
1.252726441574956663e+07 -1.280729617371431924e+07 -9.653418018609622493e+06
-4.568734258001408540e+06 -1.218808207848751172e+07 -1.670370382076489739e+07
-1.399790328630449250e+07 9.244096228334555402e+06 -7.240570844963592477e+06
7.232506917759750038e+06 -5.823283833429282531e+06 1.569402698596905218e+06
1.332409020126995444e+07 -3.108497179502347019e+06 1.943056934484741185e+06
7.189361635683251545e+06 -5.838239430530488491e+06 -3.294162365517028142e+06
2.560307432340892032e+06 3.476463883311838843e+06 -3.942233678322433960e+06
1.077483249762614670e-02 -8.563655833207457768e-03 -9.277701782004340800e-03
-5.834890532363197491e-03 -8.921762195845841029e-03 1.353690931601322922e-02
-3.185031208438844803e-03 -1.608620754144152870e-02 -1.026890789341084083e-02
