-6.845212500000000000e+06 -1.870922240000000000e+08 -1.289484480000000000e+08
-6.845212500000000000e+06 -1.870922240000000000e+08 -1.289484480000000000e+08
-6.845212500000000000e+06 -1.870922240000000000e+08 -1.289484480000000000e+08
-6.845212500000000000e+06 -1.870922240000000000e+08 -1.289484480000000000e+08
-6.845212500000000000e+06 -1.870922240000000000e+08 -1.289484480000000000e+08
-2.901580160000000000e+08 2.941785920000000000e+08 1.458024800000000000e+08
-3.085052160000000000e+08 2.412758400000000000e+08 1.436406240000000000e+08
-2.498932640000000000e+08 2.391537920000000000e+08 1.292018240000000000e+08
-3.327462720000000000e+08 3.452283840000000000e+08 2.660400160000000000e+08
-2.705424960000000000e+08 3.042636800000000000e+08 1.451052480000000000e+08
-3.325045120000000000e+08 1.739108960000000000e+08 9.675033600000000000e+07
-2.255225280000000000e+08 1.534617440000000000e+08 4.480834800000000000e+07
-2.283918880000000000e+08 7.734812800000000000e+07 6.288601200000000000e+07
-3.366830720000000000e+08 1.680392640000000000e+08 1.072450320000000000e+08
-2.289883040000000000e+08 5.625218400000000000e+07 6.169540800000000000e+07
-2.247613280000000000e+08 3.687519200000000000e+07 5.166024800000000000e+07
-1.960236320000000000e+08 2.754726600000000000e+07 1.799764200000000000e+07
-1.874874240000000000e+08 1.127493300000000000e+07 -4.168472500000000000e+06
-2.846770240000000000e+08 4.018951600000000000e+07 5.204146400000000000e+07
-3.389904000000000000e+08 1.511104640000000000e+08 1.175587120000000000e+08
-2.116551680000000000e+08 4.520578400000000000e+07 4.603518000000000000e+07
-2.215571040000000000e+08 1.670206600000000000e+07 3.959507200000000000e+07
-2.459730560000000000e+08 4.585329600000000000e+07 5.467507200000000000e+07
-3.330558720000000000e+08 8.393947200000000000e+07 1.186770880000000000e+08
-2.648697600000000000e+08 5.172318400000000000e+07 8.471352800000000000e+07
-1.735089600000000000e+08 8.419274000000000000e+06 8.725048000000000000e+06
-2.551981120000000000e+08 1.308376560000000000e+08 -9.538439375000000000e+05
-2.223066880000000000e+08 2.041788000000000000e+07 2.475180200000000000e+07
-2.466821440000000000e+08 8.196906400000000000e+07 5.190510000000000000e+07
-2.512532320000000000e+08 3.729477200000000000e+07 1.134213360000000000e+08
-2.284805760000000000e+08 3.418916000000000000e+06 6.263462000000000000e+07
-2.431753920000000000e+08 3.127098200000000000e+07 9.009493600000000000e+07
-2.087180640000000000e+08 2.028672600000000000e+07 2.067594800000000000e+07
-2.718951680000000000e+08 4.281497600000000000e+07 8.341462400000000000e+07
-3.075024640000000000e+08 8.349072800000000000e+07 1.129848000000000000e+08
-2.134240000000000000e+08 3.249741800000000000e+07 2.501649800000000000e+07
-2.125110240000000000e+08 2.504382200000000000e+07 1.610686800000000000e+07
-2.501817120000000000e+08 2.735555800000000000e+07 6.933393600000000000e+07
-2.913024000000000000e+08 5.252882400000000000e+07 1.226456000000000000e+08
-1.642958720000000000e+08 -1.207950400000000000e+07 2.744343600000000000e+07
-2.012835680000000000e+08 1.632927300000000000e+07 3.049305200000000000e+07
-1.859335840000000000e+08 -2.376845400000000000e+07 4.631852800000000000e+07
-1.194331760000000000e+08 -5.341074800000000000e+07 -2.204790800000000000e+07
-2.214914880000000000e+08 8.266781500000000000e+06 4.999060800000000000e+07
-2.748028800000000000e+08 6.814362400000000000e+07 8.249686400000000000e+07
-2.939257920000000000e+08 8.998623200000000000e+07 1.060711280000000000e+08
-1.687652800000000000e+08 -1.788254800000000000e+07 2.210234200000000000e+07
-1.970881440000000000e+08 -2.973113200000000000e+07 5.151816000000000000e+07
-2.062187680000000000e+08 2.442718281250000000e+05 6.986794400000000000e+07
-1.574032000000000000e+08 -1.460353400000000000e+07 2.894127400000000000e+07
-2.387407360000000000e+08 3.959076000000000000e+07 8.601221600000000000e+07
-2.487223360000000000e+08 2.893164800000000000e+07 8.812465600000000000e+07
-3.586869120000000000e+08 1.180306640000000000e+08 1.180682560000000000e+08
-2.241368640000000000e+08 1.591067900000000000e+07 7.932576800000000000e+07
-3.113416640000000000e+08 6.803833600000000000e+07 1.489003200000000000e+08
-2.627940960000000000e+08 5.485555600000000000e+07 1.191775600000000000e+08
-1.826753440000000000e+08 -3.402422400000000000e+07 6.783202400000000000e+07
-2.315319360000000000e+08 1.990616000000000000e+07 7.380914400000000000e+07
-2.247603840000000000e+08 1.912145200000000000e+07 1.073491120000000000e+08
-2.487319840000000000e+08 3.227531400000000000e+07 8.784726400000000000e+07
-2.302532480000000000e+08 -1.093081400000000000e+07 8.568244000000000000e+07
-1.694122880000000000e+08 -1.015023200000000000e+07 4.978708000000000000e+07
-1.874700800000000000e+08 -2.308076600000000000e+07 5.367252800000000000e+07
-1.409857440000000000e+08 -2.902306400000000000e+07 2.167854000000000000e+07
-1.982284960000000000e+08 -1.364700200000000000e+07 4.990362800000000000e+07
-9.685871200000000000e+07 -5.588164000000000000e+07 9.794669600000000000e+07
-2.050957120000000000e+08 2.568236800000000000e+07 5.324762800000000000e+07
-1.529591360000000000e+08 -3.289392000000000000e+07 5.391160000000000000e+07
-1.878230720000000000e+08 -1.915348000000000000e+07 5.083725200000000000e+07
-1.490560000000000000e+08 -2.058716400000000000e+07 4.342733200000000000e+07
-2.485253600000000000e+08 3.028739000000000000e+07 9.825552800000000000e+07
-1.838654880000000000e+08 -4.520524000000000000e+06 5.570612800000000000e+07
-1.938164800000000000e+08 -1.384780200000000000e+07 7.191593600000000000e+07
-1.992072480000000000e+08 -3.598797500000000000e+06 6.367708000000000000e+07
-2.220162560000000000e+08 -1.218531200000000000e+07 8.389184000000000000e+07
-2.279950400000000000e+08 2.392027200000000000e+07 1.266718320000000000e+08
-2.624541120000000000e+08 -3.203277250000000000e+06 1.071049360000000000e+08
-1.844193280000000000e+08 -2.004564600000000000e+07 6.220408800000000000e+07
-1.404651680000000000e+08 -3.857483600000000000e+07 1.593936200000000000e+07
-1.977412320000000000e+08 -3.479417600000000000e+07 8.513105600000000000e+07
-1.685449120000000000e+08 -6.871255625000000000e+05 4.430748400000000000e+07
-1.115045440000000000e+08 -5.787584800000000000e+07 1.294635200000000000e+07
-1.413235680000000000e+08 -5.280141600000000000e+07 2.814514200000000000e+07
-1.811461440000000000e+08 -1.396971700000000000e+07 6.951604000000000000e+07
-2.012136800000000000e+08 -6.636815500000000000e+06 1.024571840000000000e+08
-1.420552480000000000e+08 -5.892481200000000000e+07 3.765445200000000000e+07
-1.070194400000000000e+08 -7.082837600000000000e+07 1.142033100000000000e+07
-9.557925600000000000e+07 -7.807782400000000000e+07 -1.356032800000000000e+07
-1.207120320000000000e+08 4.521501000000000000e+06 3.381354000000000000e+07
-1.512612320000000000e+08 -4.475058400000000000e+07 1.366247400000000000e+07
-1.581797600000000000e+08 -3.938415600000000000e+07 6.704064000000000000e+07
-1.455567200000000000e+08 -4.435679200000000000e+07 2.540038600000000000e+07
-1.858756960000000000e+08 -1.602044500000000000e+07 7.831174400000000000e+07
-1.730155200000000000e+08 -1.474515000000000000e+07 4.936536800000000000e+07
-1.770585600000000000e+08 -4.875063000000000000e+06 5.721032000000000000e+07
-1.722051840000000000e+08 -2.847851600000000000e+07 8.280904800000000000e+07
-2.150505600000000000e+08 4.432609500000000000e+06 8.180704800000000000e+07
-1.383292800000000000e+08 -3.069680400000000000e+07 4.455887600000000000e+07
-1.633760480000000000e+08 -3.173328400000000000e+07 4.168490000000000000e+07
-1.846212800000000000e+08 6.813850000000000000e+06 1.220067200000000000e+08
-2.169988800000000000e+08 -8.276957000000000000e+06 9.728957600000000000e+07
-2.372579680000000000e+08 3.293555400000000000e+07 1.263782160000000000e+08
-1.727903040000000000e+08 -2.500483600000000000e+07 7.583284000000000000e+07
-1.286643920000000000e+08 -5.446359600000000000e+07 1.748209000000000000e+07
-2.056507360000000000e+08 -3.946728400000000000e+07 8.159808800000000000e+07
-1.353695200000000000e+08 -5.631377200000000000e+07 8.375489600000000000e+07
-2.273037440000000000e+08 -1.437958500000000000e+07 1.084101600000000000e+08
-1.976427680000000000e+08 -2.582230200000000000e+07 1.069898960000000000e+08
-1.493908160000000000e+08 -1.658253600000000000e+07 6.844898400000000000e+07
-2.274883200000000000e+08 -1.223331500000000000e+07 1.181140320000000000e+08
-1.954642880000000000e+08 -4.177752000000000000e+06 6.632255600000000000e+07
-1.862506240000000000e+08 -1.559873800000000000e+07 8.430912000000000000e+07
-2.050898560000000000e+08 7.521543000000000000e+06 1.167721920000000000e+08
-1.696242080000000000e+08 -2.450131600000000000e+07 6.737311200000000000e+07
-2.932093440000000000e+08 3.417378800000000000e+07 1.363542560000000000e+08
-1.575379200000000000e+08 -1.932541875000000000e+06 6.527402800000000000e+07
-1.534416000000000000e+08 -5.257266000000000000e+07 6.295353200000000000e+07
-1.050589760000000000e+08 -4.124521600000000000e+07 1.227092300000000000e+07
-2.274236800000000000e+08 -9.536448000000000000e+06 1.284529440000000000e+08
-1.712857280000000000e+08 -4.342953500000000000e+06 8.773996000000000000e+07
-1.769149600000000000e+08 -4.234353200000000000e+07 1.198908080000000000e+08
-1.721174720000000000e+08 -1.206976800000000000e+07 9.426855200000000000e+07
-1.243130240000000000e+08 -4.327214400000000000e+07 2.102648200000000000e+07
-1.760473440000000000e+08 -1.736613800000000000e+07 1.002569440000000000e+08
-1.476597440000000000e+08 -7.199632000000000000e+07 1.045622880000000000e+08
-1.545100960000000000e+08 -2.848577400000000000e+07 1.283843760000000000e+08
-1.294093120000000000e+08 -5.098616000000000000e+07 5.482206000000000000e+07
-1.546455840000000000e+08 -4.247014000000000000e+07 4.711860400000000000e+07
-1.106615040000000000e+08 -6.916105600000000000e+07 6.834249600000000000e+07
-1.380316960000000000e+08 -4.062010800000000000e+07 7.115693600000000000e+07
-1.165145040000000000e+08 -6.004937200000000000e+07 7.015533600000000000e+07
-1.744737760000000000e+08 -4.409413600000000000e+07 1.055607920000000000e+08
-2.100385440000000000e+08 1.272625000000000000e+07 1.328695680000000000e+08
-1.742440160000000000e+08 -3.614040000000000000e+07 8.520984000000000000e+07
-1.489623520000000000e+08 -1.715164800000000000e+07 8.928458400000000000e+07
-1.220027120000000000e+08 -4.841364400000000000e+07 4.492711600000000000e+07
-1.191650320000000000e+08 -5.054741200000000000e+07 6.571636400000000000e+07
-1.641085920000000000e+08 -3.108604600000000000e+07 8.618645600000000000e+07
-1.520000640000000000e+08 -2.112674600000000000e+07 1.393409760000000000e+08
-1.330543680000000000e+08 -3.225262200000000000e+07 8.722348000000000000e+07
-1.412936480000000000e+08 -6.259813200000000000e+07 7.383880000000000000e+07
-1.686431200000000000e+08 -4.750949600000000000e+07 8.149128000000000000e+07
-1.139792080000000000e+08 -8.425959200000000000e+07 2.156712400000000000e+07
-9.620724800000000000e+07 -5.653217200000000000e+07 6.725904800000000000e+07
-1.744133920000000000e+08 -5.145747200000000000e+07 8.614616000000000000e+07
-1.681972800000000000e+08 -4.169228400000000000e+07 9.596728800000000000e+07
-1.315000320000000000e+08 -1.607780700000000000e+07 1.244365440000000000e+08
-1.505820160000000000e+08 -6.491252000000000000e+07 8.917750400000000000e+07
-1.414916640000000000e+08 -5.567378400000000000e+07 8.046606400000000000e+07
-1.808067520000000000e+08 -2.584025200000000000e+07 8.773662400000000000e+07
-1.070587200000000000e+08 -6.513283600000000000e+07 4.896865600000000000e+07
-1.774928800000000000e+08 -4.493339600000000000e+07 1.185452240000000000e+08
-1.994667040000000000e+08 -3.292224400000000000e+07 1.598363520000000000e+08
-1.704278400000000000e+08 7.579983000000000000e+06 1.678456000000000000e+08
-1.609100640000000000e+08 -3.218274800000000000e+07 1.168149440000000000e+08
-1.233242560000000000e+08 -6.037488000000000000e+07 4.546944400000000000e+07
-1.116616000000000000e+08 -1.004400000000000000e+07 8.733496000000000000e+07
-1.447486080000000000e+08 -4.371339600000000000e+07 8.652255200000000000e+07
-1.309132400000000000e+08 -5.599674000000000000e+07 1.186578400000000000e+08
-1.526770240000000000e+08 -2.319913200000000000e+07 1.176790160000000000e+08
-1.569232000000000000e+08 -3.708744800000000000e+07 6.621495600000000000e+07
-8.987072800000000000e+07 -7.811128800000000000e+07 3.308488200000000000e+07
-7.221813600000000000e+07 -7.678360000000000000e+07 6.081715600000000000e+07
-1.192931120000000000e+08 -4.642713200000000000e+07 7.775544800000000000e+07
-1.337664960000000000e+08 -4.943101200000000000e+07 5.694104400000000000e+07
-1.477766880000000000e+08 -4.459322000000000000e+07 1.282370800000000000e+08
-1.373538560000000000e+08 -3.977396000000000000e+07 8.873620800000000000e+07
-1.043653520000000000e+08 -6.963244800000000000e+07 5.051082800000000000e+07
-8.137558400000000000e+07 -7.607624000000000000e+07 2.665270200000000000e+07
-9.696443200000000000e+07 -4.089405200000000000e+07 8.960678400000000000e+07
-1.404496320000000000e+08 -6.378215200000000000e+07 1.465330560000000000e+08
-1.425067200000000000e+08 -6.735092800000000000e+07 9.234585600000000000e+07
-1.022801120000000000e+08 -4.836026800000000000e+07 4.665287200000000000e+07
-1.092858640000000000e+08 -4.379775600000000000e+07 8.784954400000000000e+07
-1.020974320000000000e+08 -6.407390400000000000e+07 5.668800800000000000e+07
-1.582391040000000000e+08 -1.524744000000000000e+07 9.226980800000000000e+07
-8.482587200000000000e+07 -6.238954000000000000e+07 4.546674000000000000e+07
-1.655180800000000000e+08 -1.794540600000000000e+07 9.189613600000000000e+07
-8.377392000000000000e+07 -6.828604000000000000e+07 9.709155200000000000e+07
-1.093787680000000000e+08 -4.921288400000000000e+07 6.904436000000000000e+07
-1.207598240000000000e+08 -3.418524800000000000e+07 1.008254800000000000e+08
-1.431039200000000000e+08 -5.635885200000000000e+07 1.090615680000000000e+08
-1.743256640000000000e+08 -7.631952500000000000e+06 1.621513920000000000e+08
-7.596824800000000000e+07 -9.188671200000000000e+07 1.112408600000000000e+07
-9.870900000000000000e+07 -1.651803600000000000e+07 5.811398400000000000e+07
-1.315003920000000000e+08 -4.639874000000000000e+07 9.530221600000000000e+07
-1.053520240000000000e+08 -4.088711200000000000e+07 5.804076400000000000e+07
-1.275186160000000000e+08 -3.640852800000000000e+07 7.379075200000000000e+07
-9.443883200000000000e+07 -5.187829600000000000e+07 7.340669600000000000e+07
-1.415502080000000000e+08 -5.320552800000000000e+07 6.274425200000000000e+07
-1.088265440000000000e+08 -4.717307600000000000e+07 8.664361600000000000e+07
-7.655778400000000000e+07 -1.009901840000000000e+08 2.565666800000000000e+07
-1.384929760000000000e+08 -4.008086800000000000e+07 7.854247200000000000e+07
-8.546230400000000000e+07 -7.183917600000000000e+07 5.774975600000000000e+07
-1.831864160000000000e+08 1.361117900000000000e+07 1.379556320000000000e+08
-1.420156640000000000e+08 1.155002875000000000e+06 1.328596400000000000e+08
-1.051215440000000000e+08 -8.198537600000000000e+07 4.313570800000000000e+07
-1.078520720000000000e+08 -4.725702800000000000e+07 7.396976800000000000e+07
-9.017108000000000000e+07 -4.286469600000000000e+07 7.957784000000000000e+07
-9.569340000000000000e+07 -5.922065600000000000e+07 5.044664000000000000e+07
-1.221867680000000000e+08 -7.298524800000000000e+07 3.656656000000000000e+07
-1.093227280000000000e+08 -4.302256400000000000e+07 7.943326400000000000e+07
-1.121849920000000000e+08 -6.421721600000000000e+07 3.286438600000000000e+07
-7.306034400000000000e+07 -8.452001600000000000e+07 4.194716400000000000e+07
-7.316968800000000000e+07 -7.886472000000000000e+07 1.281417500000000000e+07
-7.614244800000000000e+07 -7.879848000000000000e+07 3.790109200000000000e+07
-7.438660000000000000e+07 -4.147792800000000000e+07 1.051979440000000000e+08
-8.195854400000000000e+07 -4.090939600000000000e+07 1.123496240000000000e+08
-1.301327440000000000e+08 -3.711434400000000000e+07 5.550472000000000000e+07
-1.023277760000000000e+08 -5.830507200000000000e+07 3.971891200000000000e+07
-1.100864480000000000e+08 -5.399568400000000000e+07 5.241082000000000000e+07
-1.015463520000000000e+08 -6.432172000000000000e+07 3.519941200000000000e+07
-9.156518400000000000e+07 -6.697618000000000000e+07 5.207282000000000000e+07
-1.240479760000000000e+08 -6.154106400000000000e+07 4.070224800000000000e+07
-1.494991360000000000e+08 -1.679788400000000000e+07 1.083120320000000000e+08
-1.351086880000000000e+08 5.253737600000000000e+07 -1.197535300000000000e+07
-1.191991280000000000e+08 -6.530520000000000000e+07 8.867900000000000000e+07
-1.310576320000000000e+08 -4.634566000000000000e+07 1.175129440000000000e+08
-1.116577680000000000e+08 -5.468774800000000000e+07 9.767815200000000000e+07
-1.181997520000000000e+08 -6.107009600000000000e+07 6.999434400000000000e+07
-1.414954720000000000e+08 -2.836128800000000000e+07 8.428172800000000000e+07
-8.775504000000000000e+07 -2.517570200000000000e+07 1.013488080000000000e+08
-7.797305600000000000e+07 -9.556537600000000000e+07 -2.626447750000000000e+06
-8.806561600000000000e+07 -5.248827600000000000e+07 9.825648000000000000e+07
-5.816617600000000000e+07 -9.539875200000000000e+07 2.237781200000000000e+07
-7.152220800000000000e+07 -9.201172800000000000e+07 6.693236250000000000e+05
-9.822614400000000000e+07 -4.954520400000000000e+07 7.597807200000000000e+07
-4.206451600000000000e+07 -1.109560080000000000e+08 -2.399995600000000000e+07
-8.268000000000000000e+07 -2.059188200000000000e+07 9.175329600000000000e+07
-8.929060000000000000e+07 -7.317786400000000000e+07 6.003710000000000000e+07
-9.346207200000000000e+07 -4.431630400000000000e+07 1.278800720000000000e+08
-6.087619200000000000e+07 -9.014741600000000000e+07 2.242040000000000000e+07
-8.783076800000000000e+07 -4.247027600000000000e+07 1.477360640000000000e+08
-5.498601200000000000e+07 -6.512911200000000000e+07 6.800034400000000000e+07
-7.417395200000000000e+07 -8.136192000000000000e+07 1.348515000000000000e+07
-6.123590800000000000e+07 -8.703388000000000000e+07 2.120924200000000000e+07
-7.748900000000000000e+07 -4.500151200000000000e+07 1.079076640000000000e+08
-1.219573520000000000e+08 -4.241190800000000000e+07 9.517161600000000000e+07
-1.202846240000000000e+08 -5.788902000000000000e+07 1.201003600000000000e+08
-5.999131600000000000e+07 -6.629593200000000000e+07 8.174744000000000000e+07
-7.897030400000000000e+07 -8.855209600000000000e+07 5.943641200000000000e+07
-8.369500800000000000e+07 -5.005338800000000000e+07 1.093442240000000000e+08
-1.014218720000000000e+08 -7.840700000000000000e+07 6.862927200000000000e+07
-1.287258600000000000e+07 -8.053129600000000000e+07 1.033894080000000000e+08
-1.216847520000000000e+08 -4.632830000000000000e+07 1.072020640000000000e+08
-9.971771200000000000e+07 -5.201024800000000000e+07 9.618786400000000000e+07
-3.660866400000000000e+07 -1.160592000000000000e+08 3.518360400000000000e+07
-1.276178800000000000e+08 -5.160873200000000000e+07 1.194947200000000000e+08
-5.518148400000000000e+07 -8.119716800000000000e+07 8.397406400000000000e+07
-7.149577600000000000e+07 -7.225940800000000000e+07 5.437498800000000000e+07
-2.579950000000000000e+07 -9.560973600000000000e+07 9.084814400000000000e+07
-5.150914000000000000e+07 -8.525316800000000000e+07 9.083161600000000000e+07
-4.620722800000000000e+07 -6.479828000000000000e+07 1.016250960000000000e+08
-4.879196000000000000e+07 -7.341026400000000000e+07 1.657881440000000000e+08
5.430156250000000000e+05 -9.404471200000000000e+07 3.328888600000000000e+07
-3.972935200000000000e+07 -8.887099200000000000e+07 2.195536200000000000e+07
-5.918373200000000000e+07 -8.618094400000000000e+07 6.715886400000000000e+07
-4.827234800000000000e+07 -9.890222400000000000e+07 4.975416800000000000e+07
-5.402008800000000000e+07 -8.154789600000000000e+07 5.513340000000000000e+07
-1.731373000000000000e+07 -1.096503040000000000e+08 2.050844600000000000e+07
-5.676680400000000000e+07 -1.055009840000000000e+08 1.069902100000000000e+07
-7.648089000000000000e+06 -9.732313600000000000e+07 7.077343200000000000e+07
-4.159699200000000000e+07 -1.064397840000000000e+08 6.508762500000000000e+05
-5.832287200000000000e+07 -5.733309200000000000e+07 9.496159200000000000e+07
-4.965318437500000000e+05 -9.933985600000000000e+07 3.972430400000000000e+07
-5.882365200000000000e+07 -9.497292800000000000e+07 6.481297200000000000e+07
-2.545068800000000000e+07 -9.173795200000000000e+07 2.872727200000000000e+07
-2.480675000000000000e+07 -1.043103280000000000e+08 2.490300800000000000e+07
-7.698523000000000000e+06 -8.307968000000000000e+07 6.169004400000000000e+07
-1.353112300000000000e+07 -7.261240000000000000e+07 8.344234400000000000e+07
-3.182122200000000000e+07 -9.290824000000000000e+07 5.333148400000000000e+07
1.602855000000000000e+06 -5.602963200000000000e+07 1.074304880000000000e+08
2.777549750000000000e+06 -5.283996000000000000e+07 6.826829600000000000e+07
-2.282262400000000000e+07 -8.048036800000000000e+07 7.544088000000000000e+07
-3.125383600000000000e+07 -8.844364800000000000e+07 9.784103200000000000e+07
-1.143042250000000000e+06 -1.159635840000000000e+08 8.350093500000000000e+06
6.590778500000000000e+06 -1.053155760000000000e+08 5.209149600000000000e+07
-2.027778000000000000e+07 -1.003563040000000000e+08 1.939162000000000000e+07
-2.111115400000000000e+07 -5.601566400000000000e+07 1.075701520000000000e+08
1.902622600000000000e+07 -1.115238880000000000e+08 7.843382400000000000e+07
-5.096161500000000000e+06 -1.140470800000000000e+08 5.687344400000000000e+07
6.055638500000000000e+06 -9.157143200000000000e+07 6.945702400000000000e+07
-9.878821000000000000e+06 -8.680975200000000000e+07 9.320655200000000000e+07
4.518133500000000000e+06 -1.007554160000000000e+08 4.526801600000000000e+07
2.893511400000000000e+07 -1.029645280000000000e+08 1.248550800000000000e+08
-1.086694400000000000e+07 -5.682320400000000000e+07 7.631255200000000000e+07
4.092161200000000000e+07 -1.255452000000000000e+08 9.439020800000000000e+07
1.885432375000000000e+06 -7.757845600000000000e+07 1.357938400000000000e+08
2.077834200000000000e+07 -1.190646400000000000e+08 4.503465600000000000e+07
3.545308800000000000e+07 -8.679827200000000000e+07 7.974194400000000000e+07
1.586278100000000000e+07 -9.983828000000000000e+07 7.188016800000000000e+07
-1.737756125000000000e+06 -1.252552640000000000e+08 5.026134400000000000e+07
2.854308200000000000e+07 -1.048779360000000000e+08 8.139315200000000000e+07
3.168581200000000000e+07 -1.256715040000000000e+08 8.209632500000000000e+06
1.515093200000000000e+07 -1.003813440000000000e+08 4.048901600000000000e+07
3.014671200000000000e+07 -9.095760800000000000e+07 5.023772400000000000e+07
2.289921200000000000e+07 -1.122142880000000000e+08 1.667568800000000000e+07
3.837209200000000000e+07 -8.985327200000000000e+07 1.050770480000000000e+08
-5.648293125000000000e+05 -6.801080800000000000e+07 7.855143200000000000e+07
2.634084400000000000e+07 -1.275416720000000000e+08 4.942274400000000000e+07
4.228247200000000000e+07 -1.163226320000000000e+08 3.944634400000000000e+07
1.229398500000000000e+06 -1.098262320000000000e+08 5.125344400000000000e+07
1.727831200000000000e+07 -1.185808640000000000e+08 2.127556400000000000e+07
5.394284400000000000e+07 -1.110276720000000000e+08 3.533054400000000000e+07
8.848055200000000000e+07 -1.129407200000000000e+08 1.263231600000000000e+08
1.717481600000000000e+07 -1.047481520000000000e+08 -7.488127500000000000e+06
4.052935600000000000e+07 -1.180199120000000000e+08 3.416738000000000000e+07
7.490736800000000000e+07 -1.178171280000000000e+08 6.626088800000000000e+07
4.957162000000000000e+07 -9.641605600000000000e+07 7.532499200000000000e+07
7.032844000000000000e+07 -1.044158720000000000e+08 4.132608400000000000e+07
6.783540000000000000e+07 -9.607041600000000000e+07 3.559304000000000000e+07
5.033689200000000000e+07 -1.123860720000000000e+08 3.342945000000000000e+07
2.110249600000000000e+07 -1.075210240000000000e+08 2.997761200000000000e+07
3.631773200000000000e+07 -1.167087280000000000e+08 1.181174900000000000e+07
9.340897600000000000e+07 -9.119006400000000000e+07 1.015129280000000000e+08
5.205041600000000000e+07 -1.025866800000000000e+08 4.871167200000000000e+07
6.353548800000000000e+07 -6.925945600000000000e+07 1.251594960000000000e+08
4.821734800000000000e+07 -1.217698320000000000e+08 -5.662320000000000000e+06
6.350803200000000000e+07 -9.973427200000000000e+07 2.254229000000000000e+07
3.233475000000000000e+07 -1.203064560000000000e+08 -1.629125000000000000e+07
5.816292800000000000e+07 -1.230364080000000000e+08 3.559140800000000000e+07
5.875992400000000000e+07 -9.682617600000000000e+07 7.901247200000000000e+07
9.411829600000000000e+07 -1.165417280000000000e+08 3.656986000000000000e+07
5.865362800000000000e+07 -1.087619120000000000e+08 -1.110896700000000000e+07
9.909014400000000000e+07 -7.228515200000000000e+07 8.064090400000000000e+07
7.879845600000000000e+07 -1.186149600000000000e+08 1.554955600000000000e+07
9.163797600000000000e+07 -1.038860480000000000e+08 5.207661600000000000e+07
1.347288160000000000e+08 -1.011574160000000000e+08 1.283313840000000000e+08
9.902468800000000000e+07 -9.556689600000000000e+07 9.841667200000000000e+07
1.060258800000000000e+08 -1.080685840000000000e+08 5.400188400000000000e+07
8.827754400000000000e+07 -9.934364800000000000e+07 1.465247700000000000e+07
1.101536480000000000e+08 -8.177598400000000000e+07 6.303346800000000000e+07
1.104049840000000000e+08 -6.891064800000000000e+07 7.672383200000000000e+07
1.372695040000000000e+08 -8.184928800000000000e+07 5.344016000000000000e+07
1.452328480000000000e+08 -8.625216000000000000e+07 9.221029600000000000e+07
1.169861280000000000e+08 -8.873686400000000000e+07 5.894994400000000000e+07
1.277784160000000000e+08 -5.866284800000000000e+07 6.994897600000000000e+07
1.935387040000000000e+08 -1.253076480000000000e+08 2.931663040000000000e+08
1.347175040000000000e+08 -1.079927600000000000e+08 1.349308640000000000e+08
1.861448160000000000e+08 -2.184080800000000000e+07 1.090228000000000000e+08
3.722248800000000000e+07 -8.922739200000000000e+07 -5.023691600000000000e+07
1.272364800000000000e+08 -8.336559200000000000e+07 6.161340800000000000e+07
1.627449600000000000e+08 -6.907409600000000000e+07 6.463475600000000000e+07
1.204588080000000000e+08 -8.159816000000000000e+07 3.144020600000000000e+07
1.500711840000000000e+08 -7.996382400000000000e+07 8.914723200000000000e+07
1.801881600000000000e+08 -3.035178000000000000e+07 7.034653600000000000e+07
1.750580800000000000e+08 -6.826353600000000000e+07 8.050896800000000000e+07
1.735025760000000000e+08 -6.646136400000000000e+07 5.254804000000000000e+07
1.804283520000000000e+08 -2.112452000000000000e+07 5.468668000000000000e+07
1.989854720000000000e+08 -3.077227200000000000e+07 1.175548240000000000e+08
2.177801440000000000e+08 -3.726002500000000000e+05 1.200362240000000000e+08
2.061071680000000000e+08 -3.404108800000000000e+07 1.066938640000000000e+08
1.541525280000000000e+08 -9.069861600000000000e+07 1.183230000000000000e+08
1.807331840000000000e+08 -3.506127600000000000e+07 8.832847200000000000e+07
2.023160160000000000e+08 8.599414000000000000e+06 1.217872960000000000e+08
2.048534560000000000e+08 -3.653914400000000000e+07 1.016136720000000000e+08
1.783966240000000000e+08 -4.535073200000000000e+07 7.072497600000000000e+07
1.960292320000000000e+08 -4.957101200000000000e+07 1.039562560000000000e+08
3.276112000000000000e+08 3.194457200000000000e+07 2.063667360000000000e+08
1.937423840000000000e+08 -4.680704400000000000e+07 9.387654400000000000e+07
2.189859520000000000e+08 -1.690568375000000000e+06 8.918483200000000000e+07
2.103271520000000000e+08 -2.116245000000000000e+06 6.294805200000000000e+07
2.262895040000000000e+08 1.574037300000000000e+07 8.119196000000000000e+07
1.921504480000000000e+08 -3.387082000000000000e+07 7.902451200000000000e+07
2.707509120000000000e+08 2.457518200000000000e+07 7.949313600000000000e+07
2.326853120000000000e+08 4.717774800000000000e+07 1.202274560000000000e+08
3.124238720000000000e+08 9.873976000000000000e+07 1.416835680000000000e+08
3.409155520000000000e+08 8.510948800000000000e+07 1.926937280000000000e+08
2.295285440000000000e+08 3.395540800000000000e+07 9.534412800000000000e+07
3.312653120000000000e+08 1.219891360000000000e+08 2.370136800000000000e+08
5.260035520000000000e+08 2.842867200000000000e+08 3.004624640000000000e+08
3.720428480000000000e+08 1.346463360000000000e+08 1.917616480000000000e+08
1.901560160000000000e+08 4.988619200000000000e+07 3.506468000000000000e+07
2.579489120000000000e+08 1.211171200000000000e+08 1.061047360000000000e+08
-6.845212500000000000e+06 -1.870922240000000000e+08 -1.289484480000000000e+08
-6.845212500000000000e+06 -1.870922240000000000e+08 -1.289484480000000000e+08
-6.845212500000000000e+06 -1.870922240000000000e+08 -1.289484480000000000e+08
-6.845212500000000000e+06 -1.870922240000000000e+08 -1.289484480000000000e+08
-6.845212500000000000e+06 -1.870922240000000000e+08 -1.289484480000000000e+08
2.440336960000000000e+08 1.333327440000000000e+08 1.013197360000000000e+08
2.923122880000000000e+08 1.806430080000000000e+08 1.313903280000000000e+08
3.211685760000000000e+08 1.977468160000000000e+08 1.121870160000000000e+08
1.559736960000000000e+08 6.010914800000000000e+07 3.408135200000000000e+07
1.096570000000000000e+08 5.280612000000000000e+06 -1.564399000000000000e+07
4.078269440000000000e+08 1.517578560000000000e+08 2.682833440000000000e+08
2.555879680000000000e+08 8.763331200000000000e+07 8.772284000000000000e+07
2.574617120000000000e+08 1.150184800000000000e+08 1.077406800000000000e+08
5.595582000000000000e+07 -6.855304800000000000e+07 -6.019566000000000000e+07
5.828933760000000000e+08 9.602702400000000000e+07 1.215880320000000000e+09
2.734748480000000000e+08 2.826858400000000000e+07 2.876568000000000000e+08
2.120418240000000000e+08 -1.054553600000000000e+07 1.155520080000000000e+08
1.235728720000000000e+08 -5.310882800000000000e+07 -4.781456500000000000e+06
2.415812800000000000e+08 1.304506375000000000e+06 1.252050000000000000e+08
1.883210880000000000e+08 -1.036634900000000000e+07 4.124799200000000000e+07
2.567312000000000000e+08 -2.643633600000000000e+07 1.749309600000000000e+08
2.038390560000000000e+08 -9.769456000000000000e+06 9.866989600000000000e+07
2.094837440000000000e+08 -3.478053600000000000e+07 1.036630720000000000e+08
2.159263040000000000e+08 -5.073281600000000000e+07 1.064820720000000000e+08
1.858002400000000000e+08 -4.529999600000000000e+07 7.966352800000000000e+07
4.432852800000000000e+07 -8.969346400000000000e+07 -5.208668000000000000e+07
1.075782480000000000e+08 -3.758347200000000000e+07 1.570257900000000000e+07
1.684188000000000000e+08 -7.771279200000000000e+07 9.306266400000000000e+07
1.063412320000000000e+08 -4.492635600000000000e+07 2.345435000000000000e+07
2.021184320000000000e+08 -4.615172800000000000e+07 1.028675360000000000e+08
1.308259840000000000e+08 -8.247497600000000000e+07 4.562692400000000000e+07
1.122217760000000000e+08 -9.629616000000000000e+07 5.404493200000000000e+07
1.727478880000000000e+08 -8.632183200000000000e+07 1.732891200000000000e+08
1.139077120000000000e+08 -9.368160800000000000e+07 1.094476560000000000e+08
1.406030560000000000e+08 -7.527252800000000000e+07 9.247484800000000000e+07
1.342912960000000000e+08 -1.155313920000000000e+08 1.255564800000000000e+08
1.768272800000000000e+08 -3.230365600000000000e+07 8.180399200000000000e+07
1.211499280000000000e+08 -8.536588000000000000e+07 3.654026400000000000e+07
1.505311840000000000e+08 -5.639368000000000000e+07 8.625533600000000000e+07
1.512911200000000000e+08 -9.861169600000000000e+07 1.582173440000000000e+08
8.619106400000000000e+07 -8.986964000000000000e+07 1.619098000000000000e+07
1.223329280000000000e+08 -9.347264000000000000e+07 4.476051200000000000e+07
9.481984000000000000e+07 -5.500011200000000000e+07 6.374580400000000000e+07
1.155043520000000000e+08 -8.864604000000000000e+07 6.621172000000000000e+07
1.304840160000000000e+08 -9.252417600000000000e+07 1.100872080000000000e+08
1.057849280000000000e+08 -4.906468800000000000e+07 6.410982800000000000e+07
8.449168000000000000e+07 -1.126794560000000000e+08 3.985220800000000000e+07
1.082198320000000000e+08 -7.021797600000000000e+07 5.612015600000000000e+07
7.518600000000000000e+07 -8.581961600000000000e+07 5.873623200000000000e+07
8.053608000000000000e+07 -8.372836000000000000e+07 7.711492800000000000e+07
7.775347200000000000e+07 -6.985362400000000000e+07 4.924323600000000000e+07
4.911838800000000000e+07 -8.588531200000000000e+07 9.726655000000000000e+06
6.845454400000000000e+07 -9.660514400000000000e+07 1.484676000000000000e+07
7.714864800000000000e+07 -9.784392800000000000e+07 5.076788400000000000e+07
6.579601200000000000e+07 -8.451518400000000000e+07 4.133962000000000000e+07
5.197454000000000000e+07 -9.097907200000000000e+07 6.969416800000000000e+07
2.997054200000000000e+07 -1.062132800000000000e+08 -1.539425400000000000e+07
5.383962000000000000e+07 -1.121353040000000000e+08 4.082784800000000000e+07
2.300282600000000000e+07 -1.035851760000000000e+08 4.914098500000000000e+06
4.002992800000000000e+07 -1.171998800000000000e+08 3.426773200000000000e+07
2.137792800000000000e+07 -1.019096480000000000e+08 1.557323200000000000e+07
2.791212400000000000e+07 -5.733050000000000000e+07 3.256470200000000000e+07
4.452463200000000000e+07 -9.251707200000000000e+07 4.246406800000000000e+07
6.540852000000000000e+07 -1.022291120000000000e+08 1.047887280000000000e+08
4.947060400000000000e+07 -8.423250400000000000e+07 7.244423200000000000e+07
2.151654200000000000e+07 -9.296111200000000000e+07 4.769820000000000000e+07
-2.182558800000000000e+07 -9.884746400000000000e+07 2.855654400000000000e+07
2.773260600000000000e+07 -1.073193520000000000e+08 3.536945200000000000e+07
1.313115875000000000e+06 -1.008906320000000000e+08 4.293115200000000000e+07
8.987960000000000000e+06 -5.336614000000000000e+07 5.755287600000000000e+07
4.434249200000000000e+07 -6.964280800000000000e+07 8.885708000000000000e+07
8.394829000000000000e+06 -7.318238400000000000e+07 6.088909600000000000e+07
3.486483984375000000e+04 -5.331147200000000000e+07 4.560765200000000000e+07
1.347251200000000000e+07 -9.036947200000000000e+07 5.613613600000000000e+07
-1.170908125000000000e+06 -9.403768000000000000e+07 1.759535200000000000e+07
-1.416707200000000000e+07 -8.862233600000000000e+07 3.721011200000000000e+07
-8.227528000000000000e+06 -8.040400000000000000e+07 2.158153600000000000e+07
-2.776227000000000000e+07 -8.459780000000000000e+07 9.511623000000000000e+06
1.339557400000000000e+07 -5.762843600000000000e+07 8.229410400000000000e+07
-2.022196400000000000e+07 -8.332095200000000000e+07 9.235645600000000000e+07
-3.811764250000000000e+06 -1.030117200000000000e+08 5.625001600000000000e+07
5.690629000000000000e+06 -1.030485920000000000e+08 3.018498200000000000e+07
-1.485699300000000000e+07 -7.832610400000000000e+07 4.508108000000000000e+07
-9.517719000000000000e+06 -7.287152800000000000e+07 5.641897200000000000e+07
-2.931115200000000000e+07 -7.802347200000000000e+07 -1.626362500000000000e+06
-5.839802000000000000e+07 -6.020048400000000000e+07 8.835251200000000000e+07
-1.945807200000000000e+07 -9.490460000000000000e+07 7.291281250000000000e+05
-2.158964600000000000e+07 -8.495488800000000000e+07 4.017791600000000000e+07
-2.118134400000000000e+07 -8.923071200000000000e+07 1.892449800000000000e+07
-1.516633600000000000e+07 -1.118890240000000000e+08 4.276444000000000000e+07
-1.707111400000000000e+07 -5.607941200000000000e+07 6.562820000000000000e+07
-3.858326000000000000e+07 -9.360076800000000000e+07 6.663352500000000000e+06
-1.732645000000000000e+07 -7.602688000000000000e+07 4.646927600000000000e+07
-5.195015600000000000e+07 -8.925023200000000000e+07 4.469735200000000000e+07
-4.563924800000000000e+07 -2.943337600000000000e+07 7.846675200000000000e+07
-8.196501600000000000e+07 -6.808883200000000000e+07 8.536650400000000000e+07
-1.419017900000000000e+07 -8.683252800000000000e+07 2.528897000000000000e+07
-3.103285400000000000e+07 -9.684604000000000000e+07 2.095803400000000000e+07
-3.037781800000000000e+07 -5.314852400000000000e+07 1.039089280000000000e+08
-1.673136000000000000e+07 -8.580166400000000000e+07 4.524330000000000000e+07
-2.165579200000000000e+07 -9.462972000000000000e+07 5.543184000000000000e+07
-4.274529200000000000e+07 -7.744977600000000000e+07 3.249011400000000000e+07
-2.902868200000000000e+07 -9.559817600000000000e+07 2.545742000000000000e+07
-3.333826600000000000e+07 -4.677922800000000000e+07 4.535686800000000000e+07
-9.292176000000000000e+07 -3.767504800000000000e+07 1.268925760000000000e+08
-2.309896400000000000e+07 -8.337581600000000000e+07 6.677636800000000000e+07
-3.773041600000000000e+07 -9.366624000000000000e+07 7.090011500000000000e+06
-3.190603600000000000e+07 -7.250186400000000000e+07 3.236649800000000000e+07
-3.913104400000000000e+07 -8.734694400000000000e+07 5.790802000000000000e+07
-1.821135800000000000e+07 -8.758988800000000000e+07 3.437628000000000000e+07
-5.231460400000000000e+07 -8.469416000000000000e+07 2.498230200000000000e+07
-6.499096800000000000e+07 -8.624325600000000000e+07 3.575169600000000000e+07
-4.517345600000000000e+07 -7.784436000000000000e+07 2.734693000000000000e+07
-3.767190400000000000e+07 -9.339640800000000000e+07 5.183881000000000000e+06
-5.956521600000000000e+07 -6.262060400000000000e+07 8.270356000000000000e+07
-4.917948800000000000e+07 -4.717520800000000000e+07 6.066551600000000000e+07
-3.255086400000000000e+07 -6.166094800000000000e+07 4.379174400000000000e+07
-2.715966400000000000e+07 -9.126336000000000000e+07 1.301337840000000000e+08
-7.333260800000000000e+07 -8.848875200000000000e+07 2.660179750000000000e+06
-6.991343200000000000e+07 -9.144981600000000000e+07 1.568453900000000000e+07
-1.842071800000000000e+07 -5.872021600000000000e+07 8.165456800000000000e+07
-5.523677200000000000e+07 -2.702276400000000000e+07 6.392346800000000000e+07
-7.197898400000000000e+07 -6.373044800000000000e+07 4.075646800000000000e+07
-8.676829600000000000e+07 -5.845076800000000000e+07 4.332150400000000000e+07
-2.894658200000000000e+07 -6.533148400000000000e+07 4.387702800000000000e+07
-4.878584800000000000e+07 -8.680073600000000000e+07 -2.567662500000000000e+06
-4.387674800000000000e+07 -7.372865600000000000e+07 3.021876200000000000e+07
-1.013297120000000000e+08 -4.538658400000000000e+07 8.253300000000000000e+07
-5.644420000000000000e+07 -6.239524800000000000e+07 3.946794000000000000e+07
-5.418394000000000000e+07 -5.636530000000000000e+07 8.235721600000000000e+07
-6.323264000000000000e+07 -9.736056000000000000e+07 -1.187536800000000000e+07
-6.229750000000000000e+07 -8.194044000000000000e+07 7.904234500000000000e+06
-8.341314400000000000e+07 -3.775970400000000000e+07 8.417054400000000000e+07
-9.754266400000000000e+07 -8.231052800000000000e+07 1.667608900000000000e+07
-9.607169600000000000e+07 -6.421223600000000000e+07 6.264808400000000000e+07
-6.211136800000000000e+07 -7.584922400000000000e+07 4.078226000000000000e+07
-5.692688800000000000e+07 -7.963534400000000000e+07 2.933496200000000000e+07
-9.079508000000000000e+07 -7.818586400000000000e+07 4.652673200000000000e+07
-7.642325600000000000e+07 -5.140423200000000000e+07 2.552965600000000000e+07
-7.057312800000000000e+07 -6.273961600000000000e+07 3.369776400000000000e+07
-9.215926400000000000e+07 -6.332784400000000000e+07 6.123788400000000000e+07
-9.326207200000000000e+07 -6.192750800000000000e+07 4.185302000000000000e+07
-9.125698400000000000e+07 -6.317671600000000000e+07 3.423327600000000000e+07
-7.755876000000000000e+07 -6.699757200000000000e+07 3.925248750000000000e+06
-1.031608480000000000e+08 -2.523955200000000000e+07 6.263953200000000000e+07
-2.142511600000000000e+07 -6.820458400000000000e+07 -2.616085200000000000e+07
-1.145875760000000000e+08 -3.170693800000000000e+07 5.068706800000000000e+07
-1.170113040000000000e+08 -5.332624800000000000e+07 3.836916400000000000e+07
-8.853501600000000000e+07 -4.691130000000000000e+07 2.681188400000000000e+07
-9.182474400000000000e+07 -9.777645000000000000e+06 5.749706800000000000e+07
-5.237359200000000000e+07 -7.202646400000000000e+07 -4.143016500000000000e+06
-9.958548800000000000e+07 -6.363333600000000000e+07 2.586906600000000000e+07
-9.790148000000000000e+07 -6.885838400000000000e+07 9.599362000000000000e+06
-6.019068000000000000e+07 -1.859636400000000000e+07 1.878210000000000000e+07
-9.343386400000000000e+07 -4.608428400000000000e+07 3.441189600000000000e+07
-8.890560800000000000e+07 -5.364403200000000000e+07 1.385420750000000000e+06
-1.484284800000000000e+08 1.847305000000000000e+06 7.234243200000000000e+07
-1.219594400000000000e+08 -2.997083600000000000e+07 2.978647000000000000e+07
-1.498209760000000000e+08 1.345900900000000000e+07 6.915970400000000000e+07
-1.239096320000000000e+08 -1.879239800000000000e+07 3.761725200000000000e+07
-6.848152800000000000e+07 -6.274627200000000000e+07 -2.543061000000000000e+07
-1.338250480000000000e+08 -3.087431000000000000e+07 1.866923200000000000e+07
-9.640835200000000000e+07 -4.624282400000000000e+07 -1.094397400000000000e+07
-9.631645600000000000e+07 -5.105917200000000000e+07 3.086529000000000000e+06
-9.195291200000000000e+07 -9.911491000000000000e+06 1.476155000000000000e+07
-9.430756800000000000e+07 -1.491196700000000000e+07 1.243999400000000000e+07
-1.074281440000000000e+08 -3.405723600000000000e+07 4.035906500000000000e+06
-9.290450400000000000e+07 -5.276533500000000000e+06 1.569824200000000000e+07
-1.304441120000000000e+08 5.512461600000000000e+07 8.419344000000000000e+07
-2.268756000000000000e+07 -6.673956000000000000e+07 -4.798023200000000000e+07
-7.939960800000000000e+07 -1.805863400000000000e+07 7.789954500000000000e+06
-8.341595200000000000e+07 2.971949400000000000e+07 5.265672400000000000e+07
-1.070044560000000000e+08 -4.921899500000000000e+06 1.889760200000000000e+07
-1.355333760000000000e+08 5.885991200000000000e+07 6.623647200000000000e+07
-6.111894800000000000e+07 5.973932400000000000e+07 4.245879600000000000e+07
-1.053308720000000000e+08 1.400271200000000000e+08 1.413801120000000000e+08
-1.402366880000000000e+08 1.897773760000000000e+08 1.632424000000000000e+08
-7.056132800000000000e+07 1.883311360000000000e+08 1.069357120000000000e+08
-9.163266400000000000e+07 2.315060000000000000e+08 1.776059840000000000e+08
-7.524801600000000000e+07 1.796996800000000000e+08 5.465692800000000000e+07
-6.491322000000000000e+07 1.102954080000000000e+08 1.748730000000000000e+07
-5.461062800000000000e+07 1.213433040000000000e+08 6.500508400000000000e+07
-6.845212500000000000e+06 -1.870922240000000000e+08 -1.289484480000000000e+08
-6.845212500000000000e+06 -1.870922240000000000e+08 -1.289484480000000000e+08
-6.845212500000000000e+06 -1.870922240000000000e+08 -1.289484480000000000e+08
-6.845212500000000000e+06 -1.870922240000000000e+08 -1.289484480000000000e+08
-6.845212500000000000e+06 -1.870922240000000000e+08 -1.289484480000000000e+08
-9.035813000000000000e+06 -6.221396400000000000e+07 -7.893726400000000000e+07
-9.743133000000000000e+06 4.599793600000000000e+08 -4.575124400000000000e+07
-1.540884800000000000e+07 1.487153120000000000e+08 -5.888053200000000000e+07
-1.040069800000000000e+07 2.777657920000000000e+08 -3.752385200000000000e+07
-1.402598400000000000e+07 2.590192960000000000e+08 -7.212347200000000000e+07
-2.199913200000000000e+07 2.136404480000000000e+08 -6.763140800000000000e+07
-2.045547000000000000e+07 6.797544800000000000e+07 -4.559984000000000000e+07
-1.558505500000000000e+07 4.612450000000000000e+07 -8.631726400000000000e+07
-4.948720800000000000e+07 2.547151200000000000e+08 -9.303857600000000000e+07
-5.375609200000000000e+07 1.025690400000000000e+08 -9.766883200000000000e+07
-4.426177600000000000e+07 1.310836400000000000e+08 -7.294292800000000000e+07
-6.526868800000000000e+07 1.012230160000000000e+08 -8.536951200000000000e+07
-2.904098400000000000e+07 8.411474400000000000e+07 -8.503239200000000000e+07
-1.167118000000000000e+08 1.759119360000000000e+08 -1.153610880000000000e+08
-3.572480000000000000e+07 6.644798400000000000e+07 -9.245776800000000000e+07
-6.217426000000000000e+07 1.336279200000000000e+08 -1.082249360000000000e+08
-5.062476000000000000e+07 3.611201200000000000e+07 -8.730356000000000000e+07
-3.702330000000000000e+07 8.342197600000000000e+07 -1.016214320000000000e+08
-5.374259600000000000e+07 1.521002300000000000e+07 -9.537320000000000000e+07
-8.696452000000000000e+07 7.693795200000000000e+07 -8.472416800000000000e+07
-5.877154000000000000e+07 1.774594000000000000e+07 -9.405024000000000000e+07
-3.902642000000000000e+07 -1.690630312500000000e+05 -9.018760800000000000e+07
-7.048284000000000000e+07 1.273181200000000000e+08 -1.072686400000000000e+08
-6.263328800000000000e+07 2.035031400000000000e+07 -1.051223760000000000e+08
-6.295728800000000000e+07 9.989674400000000000e+07 -6.663664800000000000e+07
-2.384955000000000000e+07 2.480344200000000000e+07 -1.157468880000000000e+08
-5.963564800000000000e+07 9.339934400000000000e+07 -1.175864320000000000e+08
-6.838133600000000000e+07 5.150492800000000000e+07 -9.444983200000000000e+07
-7.943180800000000000e+07 1.364183680000000000e+08 -9.942823200000000000e+07
-4.503182000000000000e+07 9.966748800000000000e+07 -1.264215760000000000e+08
-6.692340800000000000e+07 2.792037400000000000e+07 -9.527142400000000000e+07
-8.361033600000000000e+07 8.001999200000000000e+07 -1.230063600000000000e+08
-9.666285600000000000e+07 1.518332480000000000e+08 -1.237837920000000000e+08
-6.229399600000000000e+07 1.035495360000000000e+08 -1.058736400000000000e+08
-6.941252000000000000e+07 6.958118400000000000e+07 -1.191687840000000000e+08
-5.718940000000000000e+07 8.142791200000000000e+07 -1.063448320000000000e+08
-3.863648800000000000e+07 1.423728400000000000e+07 -1.053209040000000000e+08
-4.663276400000000000e+07 7.848298000000000000e+06 -1.067108480000000000e+08
-2.661566600000000000e+07 5.123334800000000000e+07 -1.158440160000000000e+08
-4.673346000000000000e+07 3.555252000000000000e+07 -9.557078400000000000e+07
-4.930846800000000000e+07 -2.105076200000000000e+07 -9.122227200000000000e+07
-4.836177600000000000e+07 1.136332100000000000e+07 -9.550581600000000000e+07
-2.386249600000000000e+07 8.853266000000000000e+06 -1.068239600000000000e+08
-5.091174800000000000e+07 1.267701300000000000e+07 -7.859359200000000000e+07
-2.773228000000000000e+07 -3.659849200000000000e+07 -1.024080960000000000e+08
-5.021307600000000000e+07 -2.245123250000000000e+06 -8.657574400000000000e+07
-2.382879200000000000e+07 -1.957416200000000000e+07 -1.053708240000000000e+08
-1.448152500000000000e+07 -2.994085800000000000e+07 -1.057564480000000000e+08
-1.425273300000000000e+07 7.354865600000000000e+07 -1.075654640000000000e+08
-1.121721100000000000e+07 2.742780800000000000e+07 -9.284688800000000000e+07
-3.910719200000000000e+07 3.315946750000000000e+06 -8.684480800000000000e+07
-9.391104000000000000e+06 1.653611900000000000e+07 -9.559937600000000000e+07
-6.626837000000000000e+06 -2.827422200000000000e+07 -9.490769600000000000e+07
-3.191736500000000000e+06 2.118501400000000000e+07 -9.775924000000000000e+07
-3.504247750000000000e+06 3.552644000000000000e+07 -7.848700000000000000e+07
-2.905514000000000000e+07 2.918740400000000000e+07 -9.502074400000000000e+07
2.599626600000000000e+07 2.935160200000000000e+07 -9.241374400000000000e+07
-6.631020000000000000e+06 3.133848600000000000e+07 -1.045535440000000000e+08
1.336411300000000000e+07 9.915015000000000000e+06 -9.454232800000000000e+07
2.324749200000000000e+07 5.103856800000000000e+07 -9.694565600000000000e+07
-1.896563400000000000e+07 1.699629375000000000e+05 -8.594329600000000000e+07
7.901344000000000000e+06 3.585623600000000000e+07 -7.757552000000000000e+07
9.440222000000000000e+06 -1.022363800000000000e+07 -1.088532960000000000e+08
1.920773000000000000e+07 -1.172288000000000000e+06 -1.045261600000000000e+08
-2.168959600000000000e+07 1.084007200000000000e+07 -8.258158400000000000e+07
2.753849400000000000e+07 4.974274000000000000e+07 -7.067801600000000000e+07
2.871936000000000000e+07 1.480061700000000000e+07 -8.404679200000000000e+07
3.117475000000000000e+05 4.215984800000000000e+07 -1.235639440000000000e+08
4.581302000000000000e+07 4.773086800000000000e+07 -1.283166480000000000e+08
2.086342125000000000e+06 9.628950000000000000e+06 -1.015588160000000000e+08
2.087415000000000000e+07 -1.650518200000000000e+07 -1.024089920000000000e+08
3.571998400000000000e+07 8.081012500000000000e+05 -1.045754960000000000e+08
-1.023873000000000000e+07 -1.273504900000000000e+07 -1.082210240000000000e+08
1.429786000000000000e+07 -3.357042800000000000e+07 -8.793691200000000000e+07
7.834071000000000000e+06 -1.401028300000000000e+07 -1.021965200000000000e+08
2.981150400000000000e+07 1.005028700000000000e+07 -8.365961600000000000e+07
2.760868400000000000e+07 2.072583000000000000e+07 -1.136228560000000000e+08
3.248114200000000000e+07 -1.418345700000000000e+07 -1.082939920000000000e+08
4.456744800000000000e+07 -1.995999200000000000e+07 -1.077141280000000000e+08
2.416684200000000000e+07 5.931906400000000000e+07 -6.156492400000000000e+07
4.617186400000000000e+07 -3.294754000000000000e+07 -8.438323200000000000e+07
3.745280000000000000e+07 -7.500943500000000000e+06 -1.091551120000000000e+08
1.371180600000000000e+07 -1.340050200000000000e+07 -9.748836000000000000e+07
3.598936800000000000e+07 -4.375018400000000000e+07 -1.010451120000000000e+08
2.003119400000000000e+07 5.440106500000000000e+06 -8.684580000000000000e+07
4.013136800000000000e+07 -1.103125900000000000e+07 -1.071112320000000000e+08
5.672353200000000000e+07 1.245616700000000000e+07 -1.199526000000000000e+08
3.048438600000000000e+07 1.470817125000000000e+06 -8.713848800000000000e+07
1.818864000000000000e+07 -2.343244750000000000e+06 -1.043779840000000000e+08
3.679668800000000000e+07 -3.090471400000000000e+07 -1.060412160000000000e+08
3.717886000000000000e+07 -1.141681600000000000e+07 -8.407464000000000000e+07
5.776345600000000000e+07 1.061189400000000000e+07 -9.257856800000000000e+07
5.587692400000000000e+07 2.067912200000000000e+07 -8.217389600000000000e+07
5.541915600000000000e+07 1.011862100000000000e+07 -7.161604800000000000e+07
2.049621000000000000e+07 -9.565987000000000000e+06 -1.006861600000000000e+08
4.729434400000000000e+07 -1.755709200000000000e+07 -8.850719200000000000e+07
5.548520000000000000e+07 1.469266300000000000e+07 -9.060800000000000000e+07
5.280922800000000000e+07 -1.372070300000000000e+07 -9.457702400000000000e+07
5.015512000000000000e+07 -3.013417200000000000e+07 -9.502412800000000000e+07
3.976447200000000000e+07 -2.206212800000000000e+07 -1.024460960000000000e+08
6.314173200000000000e+07 1.282255875000000000e+06 -1.065395760000000000e+08
7.946545600000000000e+07 3.613082800000000000e+07 -7.213503200000000000e+07
4.383886800000000000e+07 1.803811750000000000e+06 -1.031118000000000000e+08
5.052945600000000000e+07 -4.082111250000000000e+06 -1.037166720000000000e+08
4.377555200000000000e+07 6.940625000000000000e+06 -9.217374400000000000e+07
7.953873600000000000e+07 -2.117516000000000000e+06 -1.073121840000000000e+08
8.596819200000000000e+07 -9.106671000000000000e+06 -9.441954400000000000e+07
5.188841200000000000e+07 -2.325762000000000000e+07 -8.877923200000000000e+07
7.882846400000000000e+07 -2.792858600000000000e+07 -9.358193600000000000e+07
9.660688800000000000e+07 -8.277991500000000000e+06 -8.256864000000000000e+07
6.956152000000000000e+07 -3.013400400000000000e+07 -8.349133600000000000e+07
6.955946400000000000e+07 -6.114484000000000000e+06 -1.068309840000000000e+08
5.254010800000000000e+07 -3.669742400000000000e+07 -1.042561280000000000e+08
6.145751600000000000e+07 -3.504413600000000000e+07 -1.027115520000000000e+08
9.183833600000000000e+07 -6.743035000000000000e+06 -9.975683200000000000e+07
1.198262160000000000e+08 3.847045200000000000e+07 -7.818988000000000000e+07
1.150862000000000000e+08 1.345953500000000000e+07 -1.046760640000000000e+08
1.472437600000000000e+08 4.569213600000000000e+07 -7.558988000000000000e+07
1.231569680000000000e+08 2.080661375000000000e+06 -8.106249600000000000e+07
8.187848800000000000e+07 -1.556428300000000000e+07 -1.071640560000000000e+08
9.989976800000000000e+07 1.550804100000000000e+07 -1.250055520000000000e+08
1.394621760000000000e+08 3.169445200000000000e+07 -1.094910400000000000e+08
1.370451840000000000e+08 2.746663800000000000e+07 -7.588199200000000000e+07
1.646130240000000000e+08 3.761037600000000000e+07 -9.336085600000000000e+07
1.168671680000000000e+08 -1.757363200000000000e+07 -1.089196640000000000e+08
1.064637440000000000e+08 -1.990611000000000000e+07 -9.294655200000000000e+07
1.316183120000000000e+08 1.669439700000000000e+07 -7.072108800000000000e+07
1.681377600000000000e+08 8.985188800000000000e+07 -8.260007200000000000e+07
1.638819840000000000e+08 2.378334400000000000e+07 -9.445758400000000000e+07
9.031442400000000000e+07 -9.923212000000000000e+06 -9.361588800000000000e+07
1.290215920000000000e+08 3.834374400000000000e+07 -1.000052400000000000e+08
9.266748800000000000e+07 -4.522039200000000000e+07 -9.694118400000000000e+07
1.558632480000000000e+08 4.005763200000000000e+07 -8.610900800000000000e+07
1.534431360000000000e+08 6.558675625000000000e+05 -8.474984000000000000e+07
1.708757280000000000e+08 2.842965600000000000e+07 -6.176836800000000000e+07
1.463946560000000000e+08 3.242787800000000000e+07 -9.476533600000000000e+07
1.880701280000000000e+08 1.544467300000000000e+07 -5.095375600000000000e+07
2.459732800000000000e+08 7.376632000000000000e+07 -1.438289200000000000e+07
1.839797920000000000e+08 4.700321600000000000e+07 -5.979324800000000000e+07
2.037436320000000000e+08 8.828926400000000000e+07 -1.127077440000000000e+08
1.718300000000000000e+08 1.428435400000000000e+07 -6.419152000000000000e+07
2.073365440000000000e+08 9.558247200000000000e+07 -3.786756400000000000e+07
2.866246720000000000e+08 1.461713440000000000e+08 -6.115947200000000000e+07
2.079353200000000000e+07 -1.015615280000000000e+08 -1.002512400000000000e+08
2.647846720000000000e+08 1.567264320000000000e+08 -8.760063200000000000e+07
2.103273600000000000e+08 8.459591200000000000e+07 -5.494098800000000000e+07
1.333565920000000000e+08 -8.179882500000000000e+06 -7.112817600000000000e+07
1.670530880000000000e+08 2.324297800000000000e+07 -5.438670800000000000e+07
2.153789280000000000e+08 9.385988000000000000e+07 -3.749556400000000000e+07
2.564728800000000000e+08 1.349340800000000000e+08 -2.652415800000000000e+07
2.506059040000000000e+08 1.322595280000000000e+08 -7.221830400000000000e+07
3.349672960000000000e+08 1.892575360000000000e+08 -3.760982400000000000e+07
2.861742080000000000e+08 1.737745280000000000e+08 -6.470353200000000000e+07
2.780949120000000000e+08 1.417833600000000000e+08 -3.111415600000000000e+07
3.278965120000000000e+08 1.893110080000000000e+08 3.386921600000000000e+07
2.224384800000000000e+08 1.349018880000000000e+08 -4.826156000000000000e+07
-6.845212500000000000e+06 -1.870922240000000000e+08 -1.289484480000000000e+08
-6.845212500000000000e+06 -1.870922240000000000e+08 -1.289484480000000000e+08
-6.845212500000000000e+06 -1.870922240000000000e+08 -1.289484480000000000e+08
-6.845212500000000000e+06 -1.870922240000000000e+08 -1.289484480000000000e+08
-6.845212500000000000e+06 -1.870922240000000000e+08 -1.289484480000000000e+08
-6.845212500000000000e+06 -1.870922240000000000e+08 -1.289484480000000000e+08
2.116055840000000000e+08 1.266722640000000000e+08 -3.762378800000000000e+07
2.366136320000000000e+08 7.948390400000000000e+07 1.718998200000000000e+07
2.546751360000000000e+08 1.438653920000000000e+08 1.054701100000000000e+07
4.360101760000000000e+08 2.709116480000000000e+08 3.400516800000000000e+07
2.219334560000000000e+08 2.644813400000000000e+07 2.818684600000000000e+07
2.847833600000000000e+08 1.062272720000000000e+08 -1.446266000000000000e+07
2.064290880000000000e+08 4.064649200000000000e+07 -3.452763600000000000e+07
3.009724160000000000e+08 1.566881760000000000e+08 -4.565632800000000000e+07
1.455421120000000000e+08 -6.110648500000000000e+06 -6.771983200000000000e+07
3.650770560000000000e+08 1.662770400000000000e+08 1.518674200000000000e+07
2.799374720000000000e+08 1.056894560000000000e+08 -2.623945000000000000e+07
2.616118720000000000e+08 9.298130400000000000e+07 -4.465219200000000000e+07
1.455832800000000000e+08 3.613674000000000000e+07 -3.817221600000000000e+07
1.428802400000000000e+08 1.408481300000000000e+07 -3.089124200000000000e+07
1.949929760000000000e+08 3.428151200000000000e+07 -4.039192400000000000e+07
2.020581120000000000e+08 7.072502400000000000e+07 -3.639408400000000000e+07
2.729191680000000000e+08 1.214557840000000000e+08 -2.190712750000000000e+06
2.168291360000000000e+08 1.010112480000000000e+08 -1.847360000000000000e+07
2.324504320000000000e+08 3.058717800000000000e+07 -9.607261000000000000e+06
2.197317280000000000e+08 4.764557200000000000e+07 -3.057202800000000000e+07
2.449251680000000000e+08 8.835340800000000000e+07 -5.571717000000000000e+06
1.757037120000000000e+08 5.726613600000000000e+07 -6.799736800000000000e+07
1.400797760000000000e+08 2.494819062500000000e+05 -6.730718400000000000e+07
1.659607520000000000e+08 1.651634600000000000e+07 -5.277948400000000000e+07
1.021079280000000000e+08 -4.640314800000000000e+07 -7.265044000000000000e+07
8.465229600000000000e+07 -5.486594800000000000e+07 -9.396510400000000000e+07
1.276708400000000000e+08 -2.874870200000000000e+07 -5.032673600000000000e+07
1.581051040000000000e+08 6.455361000000000000e+06 -6.228241600000000000e+07
1.298022880000000000e+08 -1.828293600000000000e+07 -7.105364800000000000e+07
1.766836960000000000e+08 2.312438200000000000e+07 -3.842498400000000000e+07
1.710011520000000000e+08 -2.151988750000000000e+06 -5.556544000000000000e+07
1.608946560000000000e+08 1.054903300000000000e+07 -1.857604000000000000e+07
1.592621920000000000e+08 -3.410624000000000000e+07 -6.515988800000000000e+07
1.108852880000000000e+08 -1.166324900000000000e+07 -7.829242400000000000e+07
1.148504960000000000e+08 2.509593600000000000e+07 -7.225499200000000000e+07
9.580686400000000000e+07 -9.873002000000000000e+06 -9.552812000000000000e+07
1.537473280000000000e+08 -1.524278200000000000e+07 -4.246284000000000000e+07
1.145197600000000000e+08 -3.009798600000000000e+07 -7.437948000000000000e+07
9.741196000000000000e+07 8.212979375000000000e+05 -7.631180000000000000e+07
8.046522400000000000e+07 -5.091737200000000000e+07 -9.287685600000000000e+07
8.102954400000000000e+07 -3.219117400000000000e+07 -8.665306400000000000e+07
6.479350400000000000e+07 -4.683017200000000000e+07 -8.781129600000000000e+07
6.633512800000000000e+07 -4.219773600000000000e+07 -7.529156800000000000e+07
1.186364480000000000e+08 3.935030400000000000e+07 -8.098186400000000000e+07
6.940739200000000000e+07 -7.169711200000000000e+07 -5.043598000000000000e+07
1.036234720000000000e+08 -2.152098600000000000e+07 -8.471566400000000000e+07
3.611334400000000000e+07 -8.611068000000000000e+07 -1.000222560000000000e+08
4.310812800000000000e+07 -5.039705600000000000e+07 -9.542920000000000000e+07
6.306765600000000000e+07 7.137496000000000000e+06 -8.733182400000000000e+07
6.002209200000000000e+07 -3.215543400000000000e+07 -9.637567200000000000e+07
3.232789400000000000e+07 -5.039042400000000000e+07 -8.156778400000000000e+07
5.958244400000000000e+07 -4.631634400000000000e+07 -9.345899200000000000e+07
4.350308400000000000e+07 -2.530580600000000000e+07 -9.334517600000000000e+07
1.581278000000000000e+07 -4.128020800000000000e+07 -8.316036000000000000e+07
3.950042000000000000e+07 -4.108057200000000000e+07 -9.569996000000000000e+07
7.279451200000000000e+07 -2.546644200000000000e+07 -1.038232480000000000e+08
4.339930800000000000e+07 -1.411659500000000000e+07 -1.066207760000000000e+08
4.039903200000000000e+07 -5.582876800000000000e+07 -7.769049600000000000e+07
5.687555200000000000e+07 -1.037295400000000000e+07 -9.063323200000000000e+07
3.704589600000000000e+07 -4.135495200000000000e+07 -7.968038400000000000e+07
3.387850000000000000e+07 -4.656324000000000000e+07 -7.042211200000000000e+07
2.057281400000000000e+07 -5.198393600000000000e+07 -8.424711200000000000e+07
1.080500700000000000e+07 -4.075076562500000000e+05 -7.112273600000000000e+07
3.949002800000000000e+07 5.244356000000000000e+06 -8.129140000000000000e+07
3.858398400000000000e+07 -3.159877400000000000e+07 -6.657584400000000000e+07
3.814698000000000000e+07 -4.612086400000000000e+07 -8.197628000000000000e+07
2.087526000000000000e+07 -4.134431600000000000e+07 -9.414279200000000000e+07
1.430350500000000000e+07 -1.243441300000000000e+07 -7.725484000000000000e+07
1.712502000000000000e+07 -1.891847000000000000e+07 -7.629993600000000000e+07
-8.379987500000000000e+05 1.919819400000000000e+07 -5.378136400000000000e+07
1.357651400000000000e+07 3.004092000000000000e+07 -7.432964000000000000e+07
1.326375500000000000e+07 -4.690671200000000000e+07 -9.235935200000000000e+07
2.826144000000000000e+07 -6.180620000000000000e+06 -6.647551200000000000e+07
2.710014000000000000e+06 -1.483343750000000000e+06 -6.403842000000000000e+07
-3.496714250000000000e+06 -3.499165600000000000e+07 -9.152450400000000000e+07
-1.451616800000000000e+07 -5.448406000000000000e+07 -8.396505600000000000e+07
1.356691000000000000e+07 -3.165819200000000000e+07 -5.099660800000000000e+07
-1.625412700000000000e+07 -5.378594400000000000e+07 -7.561985600000000000e+07
-7.371861500000000000e+06 -3.679674400000000000e+07 -7.433079200000000000e+07
2.321216000000000000e+07 1.048765400000000000e+07 -1.008886800000000000e+08
-3.450205600000000000e+07 -7.484023000000000000e+06 -6.607848400000000000e+07
-2.295241000000000000e+07 -1.311632900000000000e+07 -8.216394400000000000e+07
1.158157000000000000e+07 1.554956700000000000e+07 -9.654539200000000000e+07
-1.949724600000000000e+07 -4.714674000000000000e+07 -8.192390400000000000e+07
-9.404710000000000000e+06 -2.526379600000000000e+07 -8.496824800000000000e+07
5.076709500000000000e+06 -3.735824800000000000e+07 -1.941151400000000000e+07
-2.022926200000000000e+07 -7.499415200000000000e+07 -9.898366400000000000e+07
-1.034977400000000000e+07 -5.089362000000000000e+06 -9.611298400000000000e+07
2.183099800000000000e+07 1.954185600000000000e+07 -5.938790400000000000e+07
-5.345796000000000000e+07 -3.192801400000000000e+07 -5.806240800000000000e+07
-2.317415600000000000e+07 3.991150400000000000e+07 -6.935792800000000000e+07
-3.656562400000000000e+07 -1.805975600000000000e+07 -7.185730400000000000e+07
-1.737828400000000000e+07 -5.671187200000000000e+07 -8.380809600000000000e+07
-1.656115700000000000e+07 2.702532800000000000e+07 -7.513884800000000000e+07
-3.517997600000000000e+07 -5.369791200000000000e+07 -8.163865600000000000e+07
-2.434254800000000000e+07 1.829614200000000000e+07 -8.429696000000000000e+07
-4.885602400000000000e+07 -4.184940800000000000e+07 -7.549484800000000000e+07
-3.196118400000000000e+07 -2.357195400000000000e+07 -8.295376800000000000e+07
-8.132762500000000000e+06 -1.210698800000000000e+07 -7.978263200000000000e+07
-8.411633600000000000e+07 4.820265200000000000e+07 -5.109936000000000000e+07
-2.157146400000000000e+07 -8.315154500000000000e+06 -7.315970400000000000e+07
-2.427473400000000000e+07 -4.853696000000000000e+07 -9.312854400000000000e+07
-3.975954400000000000e+07 -2.835272000000000000e+06 -8.459580000000000000e+07
-3.709134000000000000e+07 -4.245246400000000000e+07 -7.985741600000000000e+07
-7.679628000000000000e+07 3.390256750000000000e+06 -7.022584800000000000e+07
-3.827484800000000000e+07 -8.741107000000000000e+06 -6.983057600000000000e+07
-5.875932800000000000e+07 -2.160224400000000000e+07 -7.206942400000000000e+07
-4.523647200000000000e+07 -4.916677200000000000e+07 -8.415186400000000000e+07
-3.420149600000000000e+07 3.349455000000000000e+07 -8.027584000000000000e+07
-6.004685200000000000e+07 5.496197600000000000e+07 -8.163316800000000000e+07
-3.740835200000000000e+07 2.819940200000000000e+07 -4.412357600000000000e+07
-6.985976800000000000e+07 -3.259361400000000000e+07 -7.079255200000000000e+07
-1.188466300000000000e+07 -3.285451200000000000e+07 -5.661722800000000000e+07
-3.636350800000000000e+07 -2.997475250000000000e+06 -6.790963200000000000e+07
-5.301020800000000000e+07 1.040264800000000000e+07 -8.909476800000000000e+07
-4.902603600000000000e+07 4.853995200000000000e+07 -6.472880400000000000e+07
-6.153752800000000000e+07 -4.559338800000000000e+07 -5.209554800000000000e+07
-6.703196000000000000e+07 1.190567250000000000e+06 -7.822717600000000000e+07
-7.346784800000000000e+07 3.387826800000000000e+07 -4.887720800000000000e+07
-6.629452000000000000e+07 1.572150300000000000e+07 -6.278034800000000000e+07
-3.769884800000000000e+07 -2.095753000000000000e+07 -8.435494400000000000e+07
-6.703296800000000000e+07 -2.420945000000000000e+07 -5.990512400000000000e+07
-7.060385600000000000e+07 -2.786484400000000000e+07 -7.790242400000000000e+07
-5.058607200000000000e+07 -5.567090800000000000e+07 -7.271531200000000000e+07
-5.715131200000000000e+07 -5.006510000000000000e+07 -5.730142400000000000e+07
-3.085354600000000000e+07 -2.133873400000000000e+07 -8.118344800000000000e+07
-7.510848000000000000e+07 -9.375262000000000000e+06 -2.550666200000000000e+07
-4.792473600000000000e+07 -6.762384000000000000e+07 -6.799894400000000000e+07
-6.543396400000000000e+07 -4.033533600000000000e+07 -7.563115200000000000e+07
-6.429211600000000000e+07 -3.830824000000000000e+07 -7.209568800000000000e+07
-9.637032000000000000e+06 -6.628820000000000000e+07 -9.882060000000000000e+07
-4.541885200000000000e+07 2.244026200000000000e+07 -7.503696000000000000e+07
-7.383300000000000000e+07 3.478404400000000000e+07 -4.585834400000000000e+07
-5.946080800000000000e+07 -3.847283200000000000e+07 -7.984040800000000000e+07
-8.003556800000000000e+07 -2.279608600000000000e+07 -7.338535200000000000e+07
-1.067743200000000000e+08 7.606204000000000000e+07 -9.844328000000000000e+07
-1.112435760000000000e+08 3.725490000000000000e+07 -2.094973000000000000e+07
-1.470999200000000000e+08 1.764488320000000000e+08 -1.012645600000000000e+08
-6.272704000000000000e+07 1.537129500000000000e+07 -5.419198800000000000e+07
-8.596118400000000000e+07 -9.156346000000000000e+06 -6.498084800000000000e+07
-9.276591200000000000e+07 -6.477380000000000000e+06 -5.428467200000000000e+07
-8.907198400000000000e+07 4.068018000000000000e+07 -5.674794800000000000e+07
-1.108402320000000000e+08 2.832829000000000000e+07 -8.000816800000000000e+07
-4.821197200000000000e+07 -6.800271200000000000e+07 -7.722872800000000000e+07
-1.063717040000000000e+08 -1.488547800000000000e+07 -7.289437600000000000e+07
-9.341191200000000000e+07 1.269148200000000000e+07 -7.112289600000000000e+07
-7.633864000000000000e+07 4.012352400000000000e+07 -6.598911200000000000e+07
-1.126578800000000000e+08 2.747641600000000000e+07 -6.639207600000000000e+07
-1.370544960000000000e+08 4.403206800000000000e+07 -5.272448400000000000e+07
-8.241233600000000000e+07 2.590634400000000000e+07 -7.776387200000000000e+07
-1.473734720000000000e+08 4.521895200000000000e+07 -3.738707200000000000e+07
-7.744270400000000000e+07 1.557665200000000000e+07 -5.851072400000000000e+07
-9.000487200000000000e+07 1.721508000000000000e+07 -8.086523200000000000e+07
-1.198580080000000000e+08 1.200258600000000000e+07 -7.615554400000000000e+07
-8.484938400000000000e+07 -3.645048250000000000e+06 -7.426599200000000000e+07
-1.248024720000000000e+08 9.567482400000000000e+07 -5.398538800000000000e+07
-1.169046080000000000e+08 1.382057900000000000e+07 -4.376631200000000000e+07
-1.251166800000000000e+08 4.006392800000000000e+07 -3.541681600000000000e+07
-1.027600720000000000e+08 4.732811200000000000e+07 -4.482991200000000000e+07
-1.722479520000000000e+08 1.124301520000000000e+08 -4.364188400000000000e+07
-9.429862400000000000e+07 5.802284000000000000e+06 -8.644452000000000000e+07
-1.169546160000000000e+08 1.165425840000000000e+08 -5.147048800000000000e+07
-1.465685440000000000e+08 6.653556400000000000e+07 -5.702358800000000000e+07
-1.123260960000000000e+08 9.302648000000000000e+06 -5.063168000000000000e+07
-1.155348800000000000e+08 1.107639700000000000e+07 -3.555412800000000000e+07
-8.920466400000000000e+07 5.027966800000000000e+07 -5.912613200000000000e+07
-1.503454080000000000e+08 3.578869600000000000e+07 -2.168212000000000000e+07
-1.263296720000000000e+08 1.418637900000000000e+07 -4.029798000000000000e+07
-1.152979840000000000e+08 1.296878900000000000e+07 -5.551130400000000000e+07
-8.584297600000000000e+07 2.396423400000000000e+07 -7.722678400000000000e+07
-1.068970560000000000e+08 1.425053200000000000e+07 -5.662950800000000000e+07
-1.016497760000000000e+08 3.171076800000000000e+07 -8.544134400000000000e+07
-1.211862800000000000e+08 3.749968800000000000e+07 -4.648258000000000000e+07
-1.736516800000000000e+08 5.805780800000000000e+07 -2.552187400000000000e+07
-1.417745280000000000e+08 -3.267408125000000000e+05 -4.227413200000000000e+07
-1.510099040000000000e+08 6.538849200000000000e+07 -5.600031600000000000e+07
-1.327377760000000000e+08 1.955863600000000000e+07 -6.403087600000000000e+07
-1.296229200000000000e+08 7.023641600000000000e+07 -6.780392000000000000e+07
-1.726605440000000000e+08 9.000404000000000000e+07 -3.871337600000000000e+07
-1.563912640000000000e+08 6.734094400000000000e+07 -3.632005600000000000e+07
-8.661528000000000000e+07 -9.202543000000000000e+06 -8.033665600000000000e+07
-2.079858240000000000e+08 8.541318400000000000e+07 -2.903894000000000000e+07
-1.258744080000000000e+08 4.198820800000000000e+07 -5.150732000000000000e+07
-1.667730560000000000e+08 1.387583840000000000e+08 -6.093766800000000000e+07
-1.231068320000000000e+08 -1.586208500000000000e+06 -6.847384000000000000e+07
-8.707212800000000000e+07 -5.975451000000000000e+06 -7.982048800000000000e+07
-2.506183840000000000e+08 1.042679360000000000e+08 1.402170100000000000e+07
-1.478562240000000000e+08 1.575066200000000000e+07 -7.195938400000000000e+07
-1.935784960000000000e+08 8.638348800000000000e+07 -3.989988000000000000e+07
-1.372584320000000000e+08 7.900129600000000000e+07 -5.492106800000000000e+07
-2.080445600000000000e+08 1.119436080000000000e+08 -5.374151200000000000e+07
-1.035106240000000000e+08 3.160012800000000000e+07 -7.169916000000000000e+07
-1.610849760000000000e+08 7.290384000000000000e+07 -6.476591200000000000e+07
-2.089917760000000000e+08 9.191770400000000000e+07 -1.900464400000000000e+07
-1.820332000000000000e+08 5.810659200000000000e+07 -4.482786400000000000e+07
-2.057325600000000000e+08 1.397199200000000000e+08 -3.520062000000000000e+07
-1.296973120000000000e+08 2.169204000000000000e+07 -6.237077600000000000e+07
-1.671757920000000000e+08 2.791465200000000000e+07 -7.009960800000000000e+07
-2.086619840000000000e+08 9.554444000000000000e+07 -2.182779600000000000e+07
-1.188476560000000000e+08 2.684044600000000000e+07 -7.222626400000000000e+07
-1.816274400000000000e+08 6.374102800000000000e+07 -3.026009200000000000e+07
-1.717927840000000000e+08 1.120878080000000000e+08 -5.871098400000000000e+07
-1.441297760000000000e+08 5.494555600000000000e+07 -5.772255600000000000e+07
-1.550800480000000000e+08 6.507978000000000000e+07 -4.676574000000000000e+07
-1.578637440000000000e+08 5.019398000000000000e+07 -2.311728800000000000e+07
-2.030042080000000000e+08 9.978240000000000000e+07 -3.046525400000000000e+07
-1.826245600000000000e+08 1.120179360000000000e+08 -3.407298000000000000e+07
-2.048034880000000000e+08 7.153795200000000000e+07 -5.818247500000000000e+06
-1.235542960000000000e+08 2.427416500000000000e+06 -5.838666400000000000e+07
-1.642987680000000000e+08 6.022215200000000000e+07 -3.543978800000000000e+07
-1.424996800000000000e+08 5.967313600000000000e+07 -6.773888800000000000e+07
-1.529167040000000000e+08 6.013334800000000000e+07 -4.884433600000000000e+07
-2.193346560000000000e+08 8.770735200000000000e+07 -1.252639900000000000e+07
-1.634789120000000000e+08 6.381751200000000000e+07 -4.743687200000000000e+07
-1.686095040000000000e+08 7.423471200000000000e+07 -5.403138800000000000e+07
-2.166362080000000000e+08 1.005569760000000000e+08 -2.263435800000000000e+07
-1.944141920000000000e+08 1.717453600000000000e+07 -2.671146600000000000e+07
-1.863134880000000000e+08 5.278446400000000000e+07 -3.558942000000000000e+07
-1.890846080000000000e+08 1.226581360000000000e+08 -3.808534400000000000e+07
-2.376758080000000000e+08 1.644542560000000000e+08 -2.282326000000000000e+07
-1.778353920000000000e+08 3.745404400000000000e+07 -2.805651800000000000e+07
-1.900590400000000000e+08 1.060112480000000000e+08 -2.961906800000000000e+07
-2.864524160000000000e+08 1.563376480000000000e+08 -4.028478400000000000e+07
-2.651938240000000000e+08 1.068558960000000000e+08 -3.390501750000000000e+06
-1.336504480000000000e+08 5.385935200000000000e+07 -6.097923200000000000e+07
-2.197273440000000000e+08 1.060273680000000000e+08 -1.046447200000000000e+07
-2.458007680000000000e+08 7.653536000000000000e+07 -2.891384500000000000e+06
-1.959102560000000000e+08 4.161420000000000000e+07 -3.577924400000000000e+07
-2.330751680000000000e+08 1.724583200000000000e+08 -6.469272400000000000e+07
-2.030560800000000000e+08 5.217978000000000000e+07 -2.532531200000000000e+07
-1.319111840000000000e+08 3.263876600000000000e+07 -8.486844800000000000e+07
-1.706644480000000000e+08 1.986775400000000000e+07 -1.851947000000000000e+07
-1.726699840000000000e+08 4.456696400000000000e+07 -5.159036800000000000e+07
-3.939813440000000000e+08 4.899144640000000000e+08 -1.657583680000000000e+08
-1.219711760000000000e+08 -1.583726500000000000e+07 -6.992628000000000000e+07
-1.848327200000000000e+08 4.822020800000000000e+07 -1.274807300000000000e+07
-1.527641760000000000e+08 2.214002250000000000e+06 -3.651890000000000000e+07
-1.499209600000000000e+08 5.533258000000000000e+07 -8.289164000000000000e+07
-1.744484640000000000e+08 3.178374000000000000e+07 -4.236219200000000000e+07
-1.798940320000000000e+08 1.223104800000000000e+07 -3.295221200000000000e+07
-2.020648160000000000e+08 7.005140000000000000e+07 -1.253924700000000000e+07
-1.726534240000000000e+08 3.281175200000000000e+07 -4.134830000000000000e+07
-1.346471840000000000e+08 2.579748800000000000e+07 -6.800154400000000000e+07
-2.142671360000000000e+08 1.177405120000000000e+08 -1.281925700000000000e+07
-2.510508480000000000e+08 1.561714560000000000e+08 -3.270301000000000000e+07
-1.637271040000000000e+08 7.042346400000000000e+07 -4.980864000000000000e+07
-2.430688160000000000e+08 1.137292400000000000e+08 -4.211870000000000000e+07
-2.005821920000000000e+08 1.078709920000000000e+08 -5.001107600000000000e+07
-2.455725760000000000e+08 1.116410480000000000e+08 6.749435625000000000e+05
-1.534006560000000000e+08 1.176973520000000000e+08 -5.331323600000000000e+07
-2.119108960000000000e+08 5.232644400000000000e+07 -3.805521200000000000e+07
-1.986311200000000000e+08 5.915724000000000000e+07 -4.820829200000000000e+07
-1.934448320000000000e+08 7.118082400000000000e+07 -5.558835600000000000e+07
-2.033037920000000000e+08 9.202287200000000000e+07 -2.521628800000000000e+07
-2.914896640000000000e+08 2.406293920000000000e+08 -2.981789000000000000e+07
-1.834330240000000000e+08 9.004710400000000000e+07 -4.697952400000000000e+07
-2.351266560000000000e+08 1.327836240000000000e+08 -2.632583600000000000e+07
-2.043845600000000000e+08 9.900997600000000000e+07 -2.865782200000000000e+07
-3.169754880000000000e+08 2.304113920000000000e+08 3.375031600000000000e+07
-2.264746880000000000e+08 1.127535600000000000e+08 -4.500730000000000000e+07
-2.153992160000000000e+08 2.017341760000000000e+08 -2.957548400000000000e+07
-1.639058720000000000e+08 1.476914720000000000e+08 -5.351295200000000000e+07
-1.844712160000000000e+08 1.009295840000000000e+08 -3.202930800000000000e+07
-2.847811840000000000e+08 2.628201120000000000e+08 -3.095868400000000000e+07
-2.326050240000000000e+08 2.006929760000000000e+08 -6.056027200000000000e+07
-1.781208160000000000e+08 1.118647280000000000e+08 -5.888470000000000000e+07
-2.511845920000000000e+08 1.814281600000000000e+08 -3.479245600000000000e+07
-2.625028320000000000e+08 3.163984640000000000e+08 -6.921856000000000000e+07
-2.575492000000000000e+08 2.350278240000000000e+08 -6.827855200000000000e+07
-2.309724160000000000e+08 1.634988800000000000e+08 -4.254004400000000000e+07
-1.381868320000000000e+08 7.516795200000000000e+07 -7.254052000000000000e+07
-1.889408800000000000e+08 8.392279200000000000e+07 -2.780661600000000000e+07
-2.859363200000000000e+08 2.596708000000000000e+08 -6.288859200000000000e+07
-4.524467840000000000e+08 7.905630720000000000e+08 -2.059481280000000000e+08
-2.019796480000000000e+08 1.362662560000000000e+08 -2.404133400000000000e+07
-3.009754560000000000e+08 3.343997760000000000e+08 -1.558230000000000000e+05
-5.358475200000000000e+07 2.236267400000000000e+07 -7.878782400000000000e+07
-2.462034240000000000e+08 2.623291360000000000e+08 9.350383000000000000e+06
-2.524888480000000000e+08 3.561806080000000000e+08 -2.191369400000000000e+07
-4.938936320000000000e+08 7.070597120000000000e+08 1.193070320000000000e+08
-1.443229280000000000e+08 2.950623360000000000e+08 5.112871500000000000e+06
-1.990213760000000000e+08 4.245881920000000000e+08 2.694927800000000000e+07
-1.955497600000000000e+08 3.530573120000000000e+08 1.570844750000000000e+06
-2.779706560000000000e+08 4.917605440000000000e+08 4.078006400000000000e+07
-1.014002900000000000e+07 -6.580413600000000000e+07 -9.111192800000000000e+07
-6.845212500000000000e+06 -1.870922240000000000e+08 -1.289484480000000000e+08
-6.845212500000000000e+06 -1.870922240000000000e+08 -1.289484480000000000e+08
-6.845212500000000000e+06 -1.870922240000000000e+08 -1.289484480000000000e+08
-6.845212500000000000e+06 -1.870922240000000000e+08 -1.289484480000000000e+08
-6.845212500000000000e+06 -1.870922240000000000e+08 -1.289484480000000000e+08
-6.845212500000000000e+06 -1.870922240000000000e+08 -1.289484480000000000e+08
-6.845212500000000000e+06 -1.870922240000000000e+08 -1.289484480000000000e+08
7.307053600000000000e+07 5.752850000000000000e+07 -3.964373600000000000e+07
1.051652400000000000e+08 7.060996800000000000e+07 -4.153278000000000000e+07
9.078756000000000000e+07 2.903289600000000000e+07 -6.207926800000000000e+07
7.923041600000000000e+07 -1.747324625000000000e+06 -3.276949000000000000e+07
5.151764000000000000e+07 2.452011520000000000e+08 -1.156669360000000000e+08
8.150366400000000000e+07 -2.157036400000000000e+07 -3.071319200000000000e+07
8.939466400000000000e+07 1.221300900000000000e+07 -4.272188400000000000e+07
8.597113600000000000e+07 -3.998022000000000000e+06 -7.323936800000000000e+07
1.854532320000000000e+08 1.050724240000000000e+08 3.276100200000000000e+07
8.227676800000000000e+07 5.197353200000000000e+07 -2.917128400000000000e+07
1.148407840000000000e+08 1.288616400000000000e+07 -2.166918800000000000e+07
7.757954400000000000e+07 -2.172223600000000000e+07 -4.525588000000000000e+07
8.509402400000000000e+07 -3.465094400000000000e+07 -5.079166000000000000e+07
1.076020640000000000e+08 1.428674200000000000e+07 -4.853228000000000000e+07
1.259794720000000000e+08 1.460528800000000000e+07 -2.144112200000000000e+07
1.245757760000000000e+08 1.212087100000000000e+07 -4.817808400000000000e+07
1.094350240000000000e+08 2.955339000000000000e+07 -5.138387200000000000e+07
1.061609280000000000e+08 -2.681738000000000000e+07 -3.748049600000000000e+07
4.764614000000000000e+07 -4.432322000000000000e+07 -6.002113600000000000e+07
-6.845212500000000000e+06 -1.870922240000000000e+08 -1.289484480000000000e+08
-6.845212500000000000e+06 -1.870922240000000000e+08 -1.289484480000000000e+08
-6.845212500000000000e+06 -1.870922240000000000e+08 -1.289484480000000000e+08
-6.845212500000000000e+06 -1.870922240000000000e+08 -1.289484480000000000e+08
1.116709520000000000e+08 2.597927750000000000e+06 -3.144199000000000000e+07
1.378391680000000000e+08 3.131637800000000000e+07 -1.188740500000000000e+07
1.220660160000000000e+08 -2.970759500000000000e+06 -7.464008800000000000e+07
1.604335200000000000e+08 1.216311400000000000e+07 -5.135485500000000000e+06
1.160990560000000000e+08 -3.872735200000000000e+07 -3.625752000000000000e+07
1.229246240000000000e+08 1.447012400000000000e+07 -3.029116800000000000e+07
1.165509440000000000e+08 -6.234943000000000000e+06 -3.829971200000000000e+07
8.991157600000000000e+07 -3.475696800000000000e+07 -5.319172800000000000e+07
1.334731920000000000e+08 1.891384600000000000e+07 -1.356156900000000000e+07
1.891271360000000000e+08 4.467537600000000000e+07 -6.138554000000000000e+06
1.241231120000000000e+08 3.225634750000000000e+06 -5.001086000000000000e+07
1.320229440000000000e+08 1.248703400000000000e+07 -3.919307600000000000e+07
2.125208640000000000e+08 7.439175200000000000e+07 -2.604218000000000000e+07
1.294388320000000000e+08 -2.729545500000000000e+06 -2.151205600000000000e+07
9.978036000000000000e+07 -2.559088800000000000e+07 -3.715663200000000000e+07
2.276304960000000000e+08 8.871552800000000000e+07 2.637161400000000000e+07
1.654192480000000000e+08 7.443538000000000000e+06 -3.243266800000000000e+07
1.587344000000000000e+08 2.291346200000000000e+07 -2.671605400000000000e+07
1.317557920000000000e+08 -1.378495000000000000e+07 -1.945874000000000000e+07
1.410297600000000000e+08 -2.091413400000000000e+07 -4.411004000000000000e+06
1.695231520000000000e+08 -3.534432000000000000e+06 -3.385204400000000000e+07
1.681491200000000000e+08 -4.748127000000000000e+06 3.543503200000000000e+07
1.405301920000000000e+08 -1.276745500000000000e+07 -3.664964400000000000e+07
2.049013920000000000e+08 4.032883600000000000e+07 -1.833971600000000000e+07
2.002638560000000000e+08 -9.809008000000000000e+06 2.800642400000000000e+07
1.778791680000000000e+08 1.023995400000000000e+07 -2.348635600000000000e+07
1.401147360000000000e+08 3.237980000000000000e+07 -4.104872400000000000e+07
1.036263920000000000e+08 -8.481252000000000000e+06 -3.919448000000000000e+07
1.372421600000000000e+08 -3.488113600000000000e+07 -4.770555200000000000e+07
1.064535360000000000e+08 -4.274060000000000000e+07 -4.637922000000000000e+07
2.366358880000000000e+08 1.342037700000000000e+07 4.612524000000000000e+07
1.532973440000000000e+08 -3.334046800000000000e+07 -3.894446000000000000e+07
1.977499520000000000e+08 2.172393000000000000e+07 1.007554800000000000e+07
1.449627200000000000e+08 -1.220925700000000000e+07 -2.112407400000000000e+07
1.112605360000000000e+08 -7.214134400000000000e+07 -7.623331000000000000e+06
2.137468000000000000e+08 3.876140000000000000e+07 3.732461200000000000e+07
2.481660320000000000e+08 6.404764000000000000e+07 2.646236400000000000e+07
2.365300960000000000e+08 -3.425948400000000000e+07 1.147987440000000000e+08
1.596475360000000000e+08 -6.836154500000000000e+06 -1.141696200000000000e+07
1.288363120000000000e+08 -4.306333200000000000e+07 -3.798411600000000000e+07
1.746487680000000000e+08 2.801570500000000000e+06 -3.654799250000000000e+06
2.237260800000000000e+08 -1.404159900000000000e+07 6.081801600000000000e+07
1.976889920000000000e+08 -1.260705700000000000e+07 2.928015000000000000e+07
1.698888480000000000e+08 -2.472786400000000000e+07 -1.947906000000000000e+07
1.863780960000000000e+08 6.817652500000000000e+06 -1.464316875000000000e+06
3.828882560000000000e+08 9.669733600000000000e+07 1.105559520000000000e+08
1.976770400000000000e+08 1.261692600000000000e+07 -1.260138700000000000e+07
1.973539680000000000e+08 -1.647446800000000000e+07 -1.826259000000000000e+07
1.600154560000000000e+08 -4.746234400000000000e+07 -2.034747125000000000e+06
2.478096160000000000e+08 2.249449600000000000e+07 4.806468400000000000e+07
3.292896640000000000e+08 1.196914320000000000e+08 4.779080400000000000e+07
2.534838400000000000e+08 4.631984800000000000e+07 2.310019800000000000e+07
2.775175680000000000e+08 6.467796400000000000e+07 2.555530200000000000e+07
2.125761280000000000e+08 5.033950000000000000e+07 -3.101027600000000000e+07
2.330634400000000000e+08 1.364356000000000000e+07 2.297601400000000000e+07
2.862752960000000000e+08 8.088065600000000000e+07 2.626720600000000000e+07
2.384768160000000000e+08 5.696675600000000000e+07 2.956197250000000000e+06
2.829835840000000000e+08 7.620944000000000000e+07 6.569727600000000000e+07
3.345586240000000000e+08 7.203644000000000000e+07 3.474326800000000000e+07
2.839490560000000000e+08 6.108564400000000000e+07 2.899346200000000000e+07
3.208597760000000000e+08 1.169574320000000000e+08 -8.140897500000000000e+06
1.214147600000000000e+08 1.771121093750000000e+05 -4.398481600000000000e+07
3.482145280000000000e+08 1.074728000000000000e+08 9.613425000000000000e+06
2.568633760000000000e+08 5.921439600000000000e+07 3.210021400000000000e+07
2.164844480000000000e+08 7.582087200000000000e+07 -4.963847812500000000e+05
2.468266400000000000e+08 5.505022800000000000e+07 -8.704115000000000000e+06
1.470963040000000000e+08 8.476687000000000000e+06 -4.685685200000000000e+07
2.097201920000000000e+08 6.284087200000000000e+07 1.773803500000000000e+06
4.771161280000000000e+08 2.750989120000000000e+08 3.879739200000000000e+07
2.809868800000000000e+08 1.199609520000000000e+08 4.064367600000000000e+07
3.778818880000000000e+08 1.857165920000000000e+08 7.214813600000000000e+07
4.280538560000000000e+08 2.337982880000000000e+08 1.046796400000000000e+08
1.382906880000000000e+08 5.994757000000000000e+06 -3.105875200000000000e+07
4.376816320000000000e+08 2.523860320000000000e+08 9.287904800000000000e+07
3.710743360000000000e+08 1.791173120000000000e+08 8.664798400000000000e+07
2.314123680000000000e+08 7.989958400000000000e+07 1.816939600000000000e+07
2.722191040000000000e+08 1.507893280000000000e+08 1.852493200000000000e+07
4.030669120000000000e+08 2.361774240000000000e+08 4.053000000000000000e+07
1.084806960000000000e+08 1.030973900000000000e+07 -4.856219600000000000e+07
3.243708200000000000e+07 -9.423968800000000000e+07 -7.986752800000000000e+07
-6.845212500000000000e+06 -1.870922240000000000e+08 -1.289484480000000000e+08
-6.845212500000000000e+06 -1.870922240000000000e+08 -1.289484480000000000e+08
-6.845212500000000000e+06 -1.870922240000000000e+08 -1.289484480000000000e+08
-6.845212500000000000e+06 -1.870922240000000000e+08 -1.289484480000000000e+08
-6.845212500000000000e+06 -1.870922240000000000e+08 -1.289484480000000000e+08
-6.845212500000000000e+06 -1.870922240000000000e+08 -1.289484480000000000e+08
-6.845212500000000000e+06 -1.870922240000000000e+08 -1.289484480000000000e+08
-6.845212500000000000e+06 -1.870922240000000000e+08 -1.289484480000000000e+08
1.637836960000000000e+08 9.801903200000000000e+07 1.224507600000000000e+07
2.064336160000000000e+08 1.112059440000000000e+08 9.977120000000000000e+06
2.607299520000000000e+08 1.434647040000000000e+08 7.105234400000000000e+07
4.053099520000000000e+08 2.731251840000000000e+08 6.999668800000000000e+07
4.577869440000000000e+08 2.681732480000000000e+08 1.253249920000000000e+08
2.474406720000000000e+08 1.329406560000000000e+08 2.824042200000000000e+07
3.012136960000000000e+08 1.002515920000000000e+08 4.864308000000000000e+07
3.996130880000000000e+08 2.347876000000000000e+08 6.810656800000000000e+07
3.230339520000000000e+08 1.496322080000000000e+08 1.807745750000000000e+06
3.055594880000000000e+08 1.705453920000000000e+08 2.323918600000000000e+07
4.649420800000000000e+08 3.068796480000000000e+08 8.052988800000000000e+07
3.647960000000000000e+08 1.253369840000000000e+08 1.133744560000000000e+08
3.343991040000000000e+08 1.783795040000000000e+08 2.622403500000000000e+06
2.562842720000000000e+08 3.856188400000000000e+07 5.919791600000000000e+07
4.147841600000000000e+08 2.415726720000000000e+08 1.255005840000000000e+08
2.236179200000000000e+08 8.043716800000000000e+07 -1.455184300000000000e+07
2.790284480000000000e+08 1.200161600000000000e+08 -1.800656500000000000e+06
3.101786880000000000e+08 1.069904000000000000e+08 5.344762400000000000e+07
2.413376640000000000e+08 7.118609600000000000e+07 2.150096000000000000e+06
3.498672000000000000e+08 1.201640720000000000e+08 1.347742400000000000e+08
2.685147840000000000e+08 1.122292160000000000e+08 3.199697000000000000e+07
2.986314240000000000e+08 1.506446880000000000e+08 5.377597200000000000e+07
2.746114880000000000e+08 7.710974400000000000e+07 -5.728361000000000000e+06
2.808640000000000000e+08 8.414190400000000000e+07 1.377597700000000000e+07
2.665332000000000000e+08 9.135248800000000000e+07 2.066753200000000000e+07
3.349116800000000000e+08 1.621650720000000000e+08 3.567961200000000000e+07
2.503717280000000000e+08 2.122579200000000000e+07 4.610051600000000000e+07
2.516002880000000000e+08 1.126157920000000000e+08 -3.002360600000000000e+07
1.793870400000000000e+08 2.788732000000000000e+07 -2.892060200000000000e+07
1.584839840000000000e+08 4.653480000000000000e+07 -3.650598400000000000e+07
1.634147840000000000e+08 2.389846000000000000e+07 -5.967986400000000000e+07
1.931458720000000000e+08 7.154121600000000000e+07 -4.169973600000000000e+07
2.348493440000000000e+08 1.051410880000000000e+08 -9.142675000000000000e+06
1.608076640000000000e+08 2.129400600000000000e+07 -3.203683200000000000e+07
9.681712800000000000e+07 -3.241902200000000000e+07 -7.414636000000000000e+07
2.627616640000000000e+08 7.988945600000000000e+07 1.932398400000000000e+07
1.925432480000000000e+08 6.184804800000000000e+07 -6.174634000000000000e+07
1.438541280000000000e+08 4.278684400000000000e+07 -4.669199600000000000e+07
1.543058400000000000e+08 3.829891200000000000e+07 -5.094872400000000000e+07
2.257755840000000000e+08 8.565601600000000000e+07 -9.010868000000000000e+06
2.568246400000000000e+08 1.046084160000000000e+08 -1.700724200000000000e+07
2.180272640000000000e+08 6.160825200000000000e+07 -4.495856875000000000e+05
1.426865120000000000e+08 5.288247500000000000e+06 -5.806244800000000000e+07
2.240704000000000000e+08 4.401672800000000000e+07 1.619846500000000000e+07
2.178972160000000000e+08 8.293976800000000000e+07 -3.863710800000000000e+07
2.492535840000000000e+08 1.183736960000000000e+08 -1.326524500000000000e+07
1.358003840000000000e+08 -8.015267000000000000e+06 -6.051460000000000000e+07
1.667810720000000000e+08 2.695576000000000000e+07 -2.737543400000000000e+07
1.472432320000000000e+08 -3.571836750000000000e+06 -4.682334800000000000e+07
2.448936000000000000e+08 6.768590400000000000e+07 -1.949977800000000000e+07
1.502380960000000000e+08 1.708770000000000000e+07 -2.703851200000000000e+07
1.435456000000000000e+08 -4.335890400000000000e+07 3.003862000000000000e+06
1.354832960000000000e+08 -1.241603900000000000e+07 -5.894931200000000000e+07
1.580556800000000000e+08 1.216712300000000000e+07 -4.206294400000000000e+07
1.800299840000000000e+08 -4.057365000000000000e+06 -2.405030000000000000e+06
1.708686720000000000e+08 1.638786100000000000e+07 -5.405164400000000000e+07
1.595914080000000000e+08 1.072465000000000000e+07 -1.973728200000000000e+07
1.803526720000000000e+08 1.420157900000000000e+07 -2.909234000000000000e+07
1.800362720000000000e+08 5.283026400000000000e+07 -4.453000800000000000e+07
1.468000160000000000e+08 -4.109985250000000000e+06 -3.058314800000000000e+07
1.695098400000000000e+08 6.711771500000000000e+06 -7.500570000000000000e+06
1.269438880000000000e+08 -2.950404600000000000e+07 -3.645089600000000000e+07
1.542557120000000000e+08 -9.073303000000000000e+06 -2.028877200000000000e+07
1.075645280000000000e+08 4.216591200000000000e+07 -5.319879200000000000e+07
1.328609200000000000e+08 -4.388520400000000000e+07 -3.280921400000000000e+07
5.582030800000000000e+07 4.959218000000000000e+07 -5.784752800000000000e+07
1.314264560000000000e+08 -3.252127800000000000e+07 -5.972554500000000000e+06
1.382375360000000000e+08 -4.569762800000000000e+07 2.467784750000000000e+06
1.548453440000000000e+08 -2.771019200000000000e+07 1.940490000000000000e+05
1.569501600000000000e+08 1.366374300000000000e+07 -1.661806000000000000e+07
1.834421920000000000e+08 -9.153572000000000000e+06 2.699005750000000000e+06
1.125980800000000000e+08 -2.157951400000000000e+07 -5.701486000000000000e+07
1.263660240000000000e+08 -1.144139200000000000e+07 -5.036961200000000000e+07
1.179321040000000000e+08 1.604173000000000000e+07 9.299299000000000000e+06
8.147776000000000000e+07 -5.683586400000000000e+07 -4.295152800000000000e+07
1.442233920000000000e+08 3.315724200000000000e+07 -1.944346000000000000e+07
1.145479280000000000e+08 -3.915735600000000000e+07 -2.680104200000000000e+07
1.472888800000000000e+08 1.806195600000000000e+07 -6.551046000000000000e+06
1.595610080000000000e+08 9.620961718750000000e+04 -3.228834000000000000e+07
1.303517920000000000e+08 -2.039648200000000000e+07 -1.972605125000000000e+06
1.165297600000000000e+08 -1.391449600000000000e+07 -2.703109800000000000e+07
1.250007440000000000e+08 -1.124789800000000000e+07 -3.977983600000000000e+07
1.028021760000000000e+08 -3.193436000000000000e+07 -8.303387000000000000e+06
1.145355040000000000e+08 -2.866121400000000000e+07 -2.947249000000000000e+07
1.039652800000000000e+08 -3.998727200000000000e+07 -2.699323200000000000e+07
1.526644160000000000e+08 2.086499200000000000e+07 -1.518328500000000000e+07
9.136605600000000000e+07 -4.483948400000000000e+07 -5.398147200000000000e+07
1.196042160000000000e+08 -1.862866600000000000e+07 -2.129966200000000000e+07
1.420114560000000000e+08 4.424600800000000000e+07 -7.031655500000000000e+06
1.292641760000000000e+08 -1.364717800000000000e+07 -1.304316600000000000e+07
1.227841760000000000e+08 -9.644331000000000000e+06 -2.337634600000000000e+07
1.493001600000000000e+08 2.700982000000000000e+06 -1.733723400000000000e+07
1.853475680000000000e+08 6.605722800000000000e+07 3.950422800000000000e+07
1.077309040000000000e+08 1.142927500000000000e+07 -1.426320800000000000e+07
1.122303840000000000e+08 1.848405800000000000e+07 -2.544979000000000000e+07
1.029126320000000000e+08 -5.252227600000000000e+07 -4.780560400000000000e+07
1.186354800000000000e+08 3.384858400000000000e+07 -5.526876400000000000e+07
9.301268800000000000e+07 9.423945000000000000e+05 -2.500882200000000000e+07
1.112609520000000000e+08 3.331940400000000000e+07 -2.065577000000000000e+07
4.102672800000000000e+07 -3.065611600000000000e+07 -5.756929200000000000e+07
1.779294560000000000e+08 8.245127200000000000e+07 4.588848000000000000e+06
8.271668800000000000e+07 -3.534072400000000000e+07 -3.887193200000000000e+07
9.026889600000000000e+07 5.771314000000000000e+06 -1.880147800000000000e+07
7.860260000000000000e+07 -3.838244000000000000e+06 -7.446423200000000000e+07
1.145521200000000000e+08 2.033359600000000000e+07 -3.717008800000000000e+07
4.935419200000000000e+07 -5.553196400000000000e+07 -4.976581200000000000e+07
8.557612000000000000e+07 8.077314000000000000e+06 -3.702085500000000000e+06
6.664644800000000000e+07 -4.264604800000000000e+07 -3.277655600000000000e+07
7.174706400000000000e+07 -8.714137000000000000e+06 -4.298969500000000000e+06
4.894408400000000000e+07 -1.732752200000000000e+07 -7.484272000000000000e+07
7.223744800000000000e+07 -1.410493100000000000e+07 -1.908277000000000000e+07
1.236726560000000000e+08 3.124196200000000000e+07 -1.658764400000000000e+07
4.933955600000000000e+07 -1.935609000000000000e+07 -3.698366800000000000e+07
6.031860800000000000e+07 4.525604375000000000e+05 -3.894573600000000000e+07
4.065214800000000000e+07 -2.045908600000000000e+07 -7.722045600000000000e+07
3.722461200000000000e+07 -5.480456000000000000e+07 -5.429291600000000000e+07
5.636263200000000000e+07 3.856393600000000000e+07 -3.330153000000000000e+07
6.877660800000000000e+07 6.393890000000000000e+07 -2.914809000000000000e+07
4.513612800000000000e+07 2.998144200000000000e+07 -5.219627200000000000e+07
4.058759600000000000e+07 2.990609400000000000e+07 -1.740466600000000000e+07
4.435954800000000000e+07 -3.548124400000000000e+07 -6.423978800000000000e+07
6.093363200000000000e+07 8.479073600000000000e+07 -2.894167200000000000e+07
2.401737000000000000e+07 1.496021600000000000e+07 -5.372603600000000000e+07
6.895061600000000000e+07 5.336192000000000000e+07 4.112580000000000000e+06
5.894008800000000000e+07 -8.376090000000000000e+06 -4.187554400000000000e+07
4.010819600000000000e+07 2.975115200000000000e+07 -4.489158000000000000e+07
3.653694400000000000e+07 3.140917187500000000e+05 -3.460913600000000000e+07
4.838567000000000000e+06 -9.747736000000000000e+06 -5.362920800000000000e+07
3.325614400000000000e+07 2.304738800000000000e+07 -3.697018000000000000e+07
1.093834700000000000e+07 -7.451617600000000000e+07 -7.883957600000000000e+07
-6.845212500000000000e+06 -1.870922240000000000e+08 -1.289484480000000000e+08
-6.845212500000000000e+06 -1.870922240000000000e+08 -1.289484480000000000e+08
