-1.365035430478266434e-03 2.045788987789006266e-02 2.043676369610897270e-02
6.034929542495635728e-03 -1.582490433045891098e-02 -7.383857113270895882e-03
1.171117056823867998e-02 -1.660575604734037397e-02 -1.840034062148009552e-03
1.790982692816005251e-02 -4.851063002235366482e-03 -1.091595395801695477e-02
-3.399761320709411994e-03 1.044342110056870575e-02 6.381761597309717864e-04
-3.567755494611049071e+05 -4.200697558614009176e+05 2.740054121113114990e+06
-2.460180140995203983e+05 -1.946051272391831968e+06 1.505755309078879654e+06
-2.216014812891868409e+06 -1.713578854870033218e+06 6.029141607624405297e+05
3.943889557575263898e+05 -1.906091650494569913e+06 2.970219318281049374e+06
2.280061296631244943e+06 1.264788268042490352e+06 -2.719239160576255061e+06
1.351820532935112482e+06 2.436188588370918878e+05 -1.525792037177501770e+05
4.613146628473951714e+05 3.965868883040457149e+05 2.170459214960640296e+06
-6.202939143933211453e+05 1.135599081696571549e+06 -1.173198191534058657e+06
2.328303099409542046e+06 2.894266265052367467e+06 5.007429847665096750e+05
-1.906953559349121992e+06 -1.023292777229740634e+06 -3.168038089048031252e+05
2.873109472466319567e+05 1.583047153400313808e+06 1.400363975158372894e+06
-4.105325365114766755e+05 1.379314049088213360e+06 -7.942713604289832292e+05
3.662128341632051161e+05 -1.534119438320900314e+06 1.687409913238257403e+06
1.939013186637231847e+05 -5.449479607576504350e+05 -9.322646430354175391e+05
5.248981339148603147e+05 -4.868958085214862949e+05 2.094419071842749836e+06
1.405630845533214044e+06 1.882834840486505767e+06 -2.161500348512539058e+05
-8.235698549688461935e+05 -4.839369939831028460e+05 -2.524507619723823853e+06
4.569468400068084593e+05 1.689083737394060940e+06 -1.722568091436451767e+06
1.933792469282889972e+06 -2.726572769816592918e+05 2.376808776495336089e+06
-2.427643717000847217e+06 -1.470004072387651831e+05 1.054528407722109230e+06
1.189923911185554229e+06 2.416430659998905612e+05 -7.481723245937305037e+05
-1.722093554354736116e+05 1.510655195990713546e+06 -4.567523324727917789e+05
1.724129917827601777e+06 -3.796525135632721358e+05 1.592611157610385912e+06
-1.006760594913185225e+06 2.836019526556999888e+06 -2.535914251271974295e+06
-2.335612619110089261e+06 -2.776834142804155126e+05 2.636969520034520887e+06
-1.263279728426064132e+06 -9.222345613330302294e+05 9.163130480362401577e+05
2.428888412816270255e+06 -2.741755101079688757e+05 2.234894901164041366e+06
1.011685672670834116e+06 1.857381694994490594e+06 -1.907120171590175247e+06
-2.993544795198751148e+06 -1.704380734250172274e+06 2.026529048943087226e+06
-2.681500359346273355e+06 3.470901192945346702e+05 -2.769272063690314069e+06
8.511800105551972520e+05 7.046152031410230557e+05 1.051568593885663897e+06
-9.130953935322383186e+05 2.338049588917220011e+06 5.928307179601385724e+05
-3.254236654147990630e+05 -1.346621112593703670e+06 1.770078525896527804e+06
-8.552733378949593753e+05 2.747577852026064880e+06 2.150116927565851714e+06
3.827002273357189260e+05 2.297176723101706710e+06 2.067205195159999887e+06
1.970415942739795661e+06 -1.759059599001008552e+06 -1.602663042419924634e+06
-1.044442496491877013e+06 1.490738540565571282e+06 -1.757385303159957519e+06
1.384118141168514499e+06 5.763514303262847243e+05 1.505380771521068644e+06
2.641639479408637155e+06 -8.683157471458986402e+05 -1.332869089287982555e+06
-2.680289379017607775e+06 1.170734844636255002e+04 3.126692597332068719e+06
-2.952369811100115534e+06 -2.237841616629474796e+06 -2.384328612690075301e+06
9.837042178562744812e+04 1.734393676082699094e+06 2.295142337617673329e+05
-1.291010115369252162e+06 1.329081528829325689e+06 -1.399775486365776742e+06
1.814490492553375196e+06 2.009935319328333950e+06 4.635214195434907451e+05
9.473893925657930959e+04 2.189656398380395025e+06 2.589727205345410766e+04
-2.315329635054467712e+06 5.530479783129298594e+05 1.269702804798311554e+06
-7.052258909980749013e+05 1.010005203367938229e+05 -1.013236719276132993e+06
-1.686118234815918840e+06 3.623890823163874447e+06 1.039266681532069575e+06
2.503454037609629333e+06 1.641233866742946266e+05 1.105760170322818914e+06
-1.727620303016326856e+06 -1.413214887868602818e+05 -2.619477070865830872e+06
-1.169772808856737567e+06 1.759434792754144873e+06 3.098938101527366787e+06
-1.265491412602199474e+06 4.592797064454517094e+05 2.034687206500571221e+06
-6.997899014295737725e+05 -6.035895690387908835e+05 4.396288663909537718e+05
-1.017763009502871544e+06 -2.321057321681034751e+06 1.679176851059687615e+05
-7.863700160090230638e+05 -2.794999487271140330e+06 1.692025483790028607e+06
5.764714555186586222e+05 1.514509207503874553e+06 1.268971352341111982e+06
1.614959177214626689e+06 -1.632377445202368544e+05 -1.767806288629766554e+06
-1.035954234186834306e+06 1.297472256823969772e+06 1.344725347177422838e+06
-1.494966186565461103e+06 4.116994536150250933e+05 1.070800159921365092e+06
1.216058605409740005e+06 6.536239996492908103e+05 -1.484580403669673949e+06
1.449855409544974333e+06 -1.465033173472850816e+06 -1.473929691821164452e+06
2.261014798764369916e+06 -3.988936774469090160e+05 1.306312156472362345e+06
-1.988504175243038218e+06 1.488743078185575781e+06 -1.550837604026144254e+05
3.256460755101352115e+05 3.607085669406882371e+05 -1.516429533540336648e+06
-1.829085704462534050e+06 3.293426764027089230e+05 1.013274187093330547e+06
-2.415945165040051565e+06 -9.332911337947772117e+05 1.663988486200701445e+06
5.527650651863019448e+05 -1.173177430181090487e+06 -4.459026444590436877e+05
1.796216928058677819e+06 1.011865953474582522e+06 4.768089486367139034e+05
-8.062892201930313604e+05 1.184116264142439933e+06 -2.100993628440953325e+05
-2.444831116971470416e+06 8.096632233192470449e+04 -3.984542516020037001e+05
-9.712374232717254199e+05 8.167212274137471104e+05 -1.988392473324285354e+06
6.049798800459269114e+04 1.812485487239379436e+06 1.671933105290912790e+06
5.003558944959002110e+04 1.853024928921196377e+06 3.643748689854292315e+05
-1.447175235974850832e+06 6.087155343975509750e+05 1.520714776807446033e+06
2.300303825384986121e+06 -3.164190629037683248e+05 9.011437064853924094e+05
1.424128148366065929e+06 3.138954327004143852e+05 1.457061149029948516e+06
1.810558725094962865e+05 -9.911971087589855306e+05 -1.836160689046947053e+06
5.683909865023468155e+05 -1.656194599283988355e+06 1.351300674596568337e+06
-2.686256582008434343e+05 7.889431514199172379e+05 -2.244676969957363792e+06
-8.046746502326818882e+05 2.763319575397130102e+06 2.653303539895322174e+05
1.802479457010311075e+06 5.210322842029615458e+03 -3.682339665990477661e+05
-1.454113328906963347e+06 1.420068343882568879e+06 -8.786330164682770846e+05
-6.534616785813508322e+05 4.673398013623750303e+05 1.370207568035784410e+06
-8.251225910514761927e+05 -3.517031012805245351e+06 9.675609944866852602e+05
1.730323357158597326e+06 1.316745003883899655e+06 -1.404211784652124159e+06
-4.383889442415977828e+05 8.927406742120853160e+05 1.921075382859516423e+06
-1.467786372838021489e+06 9.867258040445107035e+05 -1.376115919953383505e+06
2.154248743574143853e+06 -1.873895699835754000e+06 6.088206277416268131e+05
6.537214885251184460e+05 -2.859032675991049502e+06 -1.158767332393817138e+06
-1.397593031226770836e+05 -1.631406754333773395e+06 1.721200922187030083e+06
-2.289215541279897559e+06 -8.723493280511886114e+05 -2.402680154126038775e+06
1.030258379153394257e+06 2.360827520116800442e+05 -3.462911831690519466e+05
-2.013215224510501721e+05 -1.230512400342047680e+06 -2.644541809118324425e+06
4.643044780203077826e+05 -2.481793330847902689e+06 2.893854288139277487e+05
-7.924641563194396440e+04 -1.211434518799416954e+06 -5.669965476913860999e+06
4.925565946524041938e+05 7.453772122116581304e+05 -1.663584688381086336e+06
7.587538402717256686e+05 -1.010849840336326393e+06 -1.739583495520057390e+06
-7.436666609838056611e+05 -1.993633613718608627e+06 -1.557219707650636323e+06
9.803787450215299614e+05 -1.314979513275249396e+06 -4.421955288533625426e+05
7.024800891858412651e+05 1.178803414845843799e+05 -1.644073189402218675e+06
-2.633481316968252882e+06 1.307332105680515524e+06 -3.698466146099372418e+05
-1.128365162015051814e+06 2.746644388022048399e+06 -1.555006838015479036e+06
-3.922339732177193277e+06 -3.071709849955029320e+06 -3.634220208444994874e+06
-2.020934260625232419e+05 3.311398653821025044e+06 -1.425206494521940826e+06
4.839946203315283637e+05 1.483966179987752112e+06 4.335645542375028017e+05
1.280573383691728115e+06 1.352244065756506054e+06 8.275910133530050516e+05
2.830139356969307177e+06 5.845605239665084518e+05 -3.186643017414190690e+05
2.140776517703316174e+06 -2.451071168605071492e+06 -2.135019752498852555e+06
-2.156034677494863980e+06 -1.176851728912960738e+06 8.076530862670909846e+05
-1.139888583779413020e+06 -2.249401761168802157e+06 -2.275448288121229503e+06
1.946750768834601156e+06 -2.228259506483376026e+06 -1.477366891876520589e+06
2.212424164008790161e+06 -1.549110406317059183e+06 1.347358949221763993e+06
-3.365056364830405917e+06 6.554664236103036674e+05 -2.563957761513195001e+05
8.188555053036786849e+05 2.239108501271577552e+06 -6.657554541553880554e+05
1.673686757917467505e+06 3.706724886878959835e+06 -9.609360242040110752e+05
-1.803782938132425305e+06 2.444516936177902389e+06 5.533660235081076389e+05
2.753076387244395446e+06 -2.034493378696782514e+06 -2.623690090148309711e+06
7.652980866947647883e+05 -6.486502926822544541e+05 1.607107310891581001e+06
1.367605888511649799e+06 -3.385615368355584797e+06 -3.971470182569949429e+03
1.278550087877812795e+06 6.755406567312473198e+05 1.529276250721926335e+06
-2.257450792434578296e+06 -1.134346761657153256e+06 -2.430599745282861870e+06
1.275517037978386972e+06 -1.166801746608639369e+06 -1.557307977699941257e+06
6.700912095733014867e+05 -9.227046808222763939e+05 1.313009417625936680e+06
1.456294629733229987e+06 1.775053516680283938e+06 -2.586181899188984185e+06
1.203299294206469320e+06 4.608526752954327385e+05 -6.264116202369815437e+05
-2.361033780744330492e+06 2.735946917493956629e+06 -2.181294442974559031e+06
-2.389371575370666105e+06 8.834126849340758054e+05 3.273446528950063512e+05
-2.762771519869581331e+06 -1.169623088386390824e+06 -7.106136881380324485e+05
9.389211813694152515e+05 5.921748947123278631e+05 1.793722925628079334e+06
2.465222482867767569e+06 -9.153913860417944379e+05 9.249865107223385712e+05
-1.387473426233981969e+06 -9.395014157529190416e+05 1.994302038105326355e+05
-3.008253690485249273e+06 3.027675915289029363e+05 8.510838045790801989e+05
1.829225852274943842e+06 1.880671024107912323e+06 1.786808913855481893e+06
-3.906763694063844159e+05 3.806840017510877457e+06 -3.125743221765114926e+06
-2.106450606720217969e+06 -1.650961271417283686e+06 2.306814998938828241e+06
6.785645478016637499e+05 -1.667594127089043614e+06 7.438438109476222053e+03
1.940043404339728295e+04 -1.731139040944500128e+06 -7.181385073749244912e+05
-8.194503404565631645e+05 -8.347379217190566123e+04 9.921256880320458731e+04
-1.212032057535266271e+06 -8.732775484598585172e+05 -2.394537979607906658e+06
-1.782662976801898796e+06 1.065246180210509105e+06 -4.077101101440613857e+05
-2.617184209558684379e+06 -1.873231823246589163e+06 1.235185807471086737e+06
-1.438709476677671541e+06 -1.122715128638851224e+06 3.557076743721748237e+06
-2.712335521394161042e+06 6.051119878986212425e+05 -1.106420529369902564e+06
-2.659550752608780167e+05 3.848318371978699579e+05 2.474803541216771584e+06
-1.419124751748519251e+06 -1.807413558465298964e+06 -1.904968596508895047e+06
1.971261966506604804e+06 -8.836159750555492938e+05 -1.926883411545851501e+06
1.060246685839619488e+06 3.173717326868147124e+06 -1.152745108922249405e+06
-2.956347130333040841e+06 3.201982225655026734e+06 1.919404109582758276e+06
-2.190491910938642919e+06 1.438892791482169880e+06 2.026160360563427210e+06
2.642740183444967959e+06 2.011605935317393625e+06 1.883829856093237409e+06
2.300222091725110076e+06 -1.915426835000260733e+06 1.571162154684396693e+06
-4.052796925049359910e+06 -5.176331486708077602e+06 2.411327217348552775e+06
-1.656916492851955118e+05 1.693400103055786109e+06 -1.307017259044974810e+06
-3.188409558086486533e+06 -9.815020328691991745e+05 -1.780779034040307859e+06
1.014205291597206611e+06 -1.968206307208359009e+06 -1.671192955032216152e+06
4.703293759118368034e+05 -1.752692324646046618e+06 3.040592099549936829e+05
-5.255049932509787614e+05 2.974474725042830687e+05 -1.267929090650595259e+06
1.013380429742532666e+06 1.335100902831826825e+06 9.555292065663633402e+05
5.111046386747755460e+05 -4.614180788484669174e+05 -2.158129965439523105e+06
1.177085691155573819e+06 -7.535725763791977661e+05 -9.927219070599424886e+05
-1.793483843470462132e+06 2.384999962967929430e+06 -2.642434908321741037e+06
-2.833022350664931349e+06 -8.613354261722252704e+05 -4.683610828522330266e+05
9.925544148877433327e+04 -1.256234535707859322e+06 7.880247650511370739e+05
5.474799826882038033e+05 -1.411383296975294128e+06 -4.487481861131656915e+05
-1.964010980735810474e+06 -8.602448877247595228e+05 -1.881424174892057781e+05
1.399415291500888998e+06 -1.426621114136219257e+06 1.778922738792080665e+06
-7.853038273808783852e+05 -5.613862999013069202e+04 2.788702986122149043e+06
8.687682312024167040e+05 1.521043402628143318e+06 -1.067632184663859953e+05
-2.210293150492425077e+06 9.174464025497775583e+04 3.019485949612452649e+06
-1.200848247672942001e+06 -1.552032204528891249e+06 1.780645245664814254e+06
-1.758644734005228383e+05 1.805496397186527727e+06 -1.767259829819606151e+06
-8.835527651882858481e+05 2.278078952501259046e+05 3.334616642436056281e+05
2.592519244484218769e+06 1.189714432318147505e+06 1.515138583786910400e+06
-1.082484977397553623e+06 -1.598942138156840811e+06 2.755568825410214486e+05
-9.441261848667617887e+05 -1.006567636226474657e+06 1.206339864319184795e+06
-1.141113675451196730e+06 1.561696325731775491e+06 7.914602062364228186e+04
-1.442888120174252894e+06 -1.082604016278823838e+06 7.205124228518129094e+05
-1.886477468761782395e+06 3.115683704965318553e+06 2.982842676975629292e+06
1.985614663154259091e+06 -2.856059631484962883e+05 -1.253700719311444089e+06
1.905140579544326756e+06 9.838499955587715376e+05 -1.998974365656985203e+06
8.637480110154186841e+05 -2.336946430641548242e+06 1.809778700694483472e+06
-6.833039854607067537e+05 -4.716274471253016964e+05 2.540710211419902742e+06
-2.468744949561103247e+06 -1.790622394363177940e+06 1.336872744514194317e+06
-4.233574238541197265e+05 1.511554703113503288e+06 -4.772677393622542731e+05
-8.998724991110442206e+05 3.478671800835590693e+05 -3.208086044457309414e+06
-2.580214477029501926e+06 1.659080327867932152e+06 2.016680906429603696e+06
2.031584658207719913e+06 -1.354659478865643963e+06 1.380738148832715116e+06
2.134054325933140237e+06 1.908008286800838308e+06 3.280035721023153164e+05
4.112978696455354657e+04 -2.342358517172291409e+06 3.289877536269203993e+05
1.793980565550053725e+06 -2.231080960072933696e+06 -2.606980828460998368e+06
1.880708236005102517e+06 1.781213252626158064e+06 2.505170128564439248e+06
1.433401683526892157e+05 -1.049162392385908868e+06 -1.825095144712390611e+06
-2.871245452081342693e+06 -7.055712770582248922e+05 1.451047708851038944e+06
-2.835279953719140962e+06 1.866123255791768897e+06 -1.769739283329739003e+06
2.667604983601103537e+06 -1.659333171627494157e+05 -1.568705304281805002e+05
1.395023606714809313e+06 1.131413898401006125e+06 1.108199864514689660e+06
1.309245619472075487e+06 -1.800292988387304591e+06 -1.020478174896263052e+06
-9.537360891222736100e+05 -3.604850956392951193e+05 4.031164826133503229e+05
3.300210234860074706e+05 1.398380670481019653e+06 5.316666168892103015e+05
-4.313185068404903723e+04 1.035976845711535861e+05 1.281679805028239032e+06
1.543863090426985407e+06 1.241995913894606056e+06 6.532562501105874544e+05
-1.387240229142914992e+06 8.385416954075286631e+05 8.819233727963884594e+05
1.182305437763677444e+06 3.378870098494449630e+05 -9.486928399770394899e+05
1.487630524369385093e+05 1.639354237515931018e+06 2.025526616854571039e+05
-1.302407951475023758e+06 1.380665678057832120e+05 8.663173746932258364e+05
-1.574530612839556998e+05 1.633050861106514698e+06 2.551135092883124016e+06
6.068579984052209184e+05 1.386157829883410828e+06 -1.791572282870442141e+06
1.370447422566067660e+06 -1.643432934098924743e+06 -3.152683364944308996e+05
-2.353929553519424517e+06 -3.739948156089167605e+04 3.284628806684949668e+05
2.111684767762736883e+06 2.253697664060961921e+06 -1.756441646309451666e+06
1.525776286580690881e+06 -1.304214284945115913e+06 1.000891831220941851e+06
1.153461507020558463e+06 2.190071233757206704e+06 -6.960698861466385424e+05
2.152470518933640793e+06 -3.652829027069931035e+05 -2.863809145717011299e+06
2.177327848085726146e+05 -2.154662069181703031e+06 -9.312510303541958565e+05
-2.275372925254504196e+06 9.650195094374091132e+05 -1.138742817028073187e+05
-2.349347899077036418e+06 2.498781204147208948e+06 -1.503493334615370957e+06
-2.758360605540635530e+06 2.067035507735208608e+06 -5.987208256500226445e+06
1.399342933468710398e+06 5.798096850472434890e+05 1.344706091960486257e+06
-2.384687713659347966e+06 1.170657642605161527e+06 3.390501751805651933e+06
-3.095718980065506767e+05 -8.604594486426780932e+05 2.492328876850944944e+06
-7.154266941381279612e+05 4.638777358356848126e+05 -1.166390379816663684e+06
1.404626785406896146e+06 -9.005914315879364731e+05 -1.034309158033459331e+06
-1.135365996319150086e+06 -5.808726421584981726e+05 -5.632886800140045816e+05
-3.437771446206571534e+06 -4.594861963679581881e+06 -8.866633277871001046e+05
-2.252788110697427765e+06 2.446222183615399990e+06 -1.033787119974996895e+06
-2.652732569457547273e+06 7.253087706656063674e+05 -3.580380710694828071e+06
-2.645776531499567791e+05 -1.527979670600918122e+06 2.248322917200541124e+06
1.906417841714226408e+06 -1.926327380218252307e+06 -1.757923629168082960e+06
2.392672594001477119e+06 2.275432662938402500e+06 7.834686581869064830e+05
4.153404469839938683e+05 -1.735129389863925288e+06 4.109715187316969968e+05
-6.104389679877146409e+04 1.238342085433758330e+06 1.723480105408329051e+06
-2.800469054103836883e+06 4.342841884032119415e+05 1.872692280184425646e+06
2.545498396138161421e+06 -2.346480906582665339e+05 -1.435620982774965698e+06
-3.173156866829017526e+05 1.624388554952023784e+06 -1.646473674261836568e+06
-2.725363807524546515e+06 2.005742159024538938e+06 -3.444133873094575480e+06
1.956330536446956685e+06 -1.688249134550197516e+06 9.040223382381051779e+05
3.042180269869190641e+06 -1.730382166108157020e+06 -2.358220663161923643e+06
-8.033053142084183637e+05 -9.512774867743443465e+05 8.481321160822435049e+05
-5.594363694086940959e+05 -1.822789766422177432e+06 -2.115769475289425813e+06
-2.225350739321088186e+05 -2.966270922652794980e+06 -2.133916526337756310e+06
1.660158537864560727e+06 -2.854884610528082587e+06 -1.577437385570375016e+06
-5.967372756415610202e+05 4.084205703622779693e+05 6.514493267512414604e+05
-2.730375300341717899e+06 -3.138703919942311943e+06 -2.541338601532430388e+06
7.741901926872024778e+05 1.826841376910296269e+06 -1.256783800761872903e+06
-2.209896239835694432e+06 -1.455603337635788135e+06 -1.017398738910758693e+05
1.217693403548852308e+06 -2.040935442221108358e+06 -3.008067959756018128e+06
1.430802308816052042e+06 2.079083773860627552e+06 7.233861638939564582e+05
-2.997725814330781810e+06 -1.191490935064302525e+06 -3.282466944894611835e+06
1.897400832832828630e+06 -9.337778243011934683e+05 3.463509545841206796e+06
1.387889567169462563e+06 -1.462390678805640200e+06 2.014625536778391805e+06
1.045155572507686797e+06 -1.042813464043276152e+06 -1.291864137620636495e+06
-1.143430928054263641e+05 -2.222385269862719346e+06 1.706630520643501310e+06
6.892060816809447715e+05 -1.179661494315204909e+06 -1.189864512303314637e+06
1.632880909062556457e+05 3.647900593645088375e+05 1.342368597939746920e+06
-1.475488933679773007e+06 -5.187077331263816450e+05 -4.040898903816890670e+05
-2.785556818543767804e+03 -5.138896304357923800e+05 5.181745612526242621e+05
-6.967308739102560794e+05 3.508291548905874370e+05 1.746836413880846696e+06
1.483168413145975210e+06 9.710581297167472076e+05 2.489670723089278035e+05
-1.462316966942853527e+06 -1.245539249752988108e+06 1.927632745488242712e+06
-1.758508829565206077e+06 3.832322898259004578e+05 5.234353175716070691e+05
1.706284274176141014e+06 -3.976940300263178069e+05 -2.259824129780734424e+06
-3.610599509120049188e+05 -1.730775732552733505e+06 3.121822061419176753e+05
1.539480922512666788e+06 -1.602949160633527441e+06 8.385639352472413157e+04
-1.100265841325507034e+06 1.793429693772650789e+06 1.939801765933350427e+06
1.579498640322738327e+06 -6.307947700200111140e+05 -3.118449237550863996e+06
2.547140049110062246e+05 1.186976355457654223e+06 -2.673362650423857849e+06
-7.632272813216970535e+05 -2.775438507078573457e+05 1.461593917523390148e+06
1.127678546986522619e+06 1.124612249213175965e+05 1.701217784374682524e+05
-1.860942124312882312e+06 -1.708355552264583530e+06 1.720765617924491642e+06
-1.887920565764438594e+06 3.098100793930561049e+05 -1.277402286871757125e+06
1.737488948057128873e+05 3.902910901023479528e+04 1.158242728350786725e+06
-5.985181799127373379e+05 1.410026679896268062e+06 1.364227552719776053e+06
-1.362979020146458643e+06 1.033958494927776163e+06 5.908635360894658370e+05
-3.118509034113311209e+06 -1.260225894255935214e+06 2.496142626802525483e+06
1.188860958549176430e+05 1.734467957586274249e+06 -3.283875851026292366e+04
9.176312891561210854e+05 1.739874489983550739e+06 2.257483107962146401e+06
-5.831149398573942017e+05 3.344055352413658518e+06 1.720320011185816256e+05
-1.421510606401860015e+06 -2.195719097967793699e+06 1.576155486960117938e+06
1.147941268715278711e+06 -1.262539331450621132e+06 1.494252159837671323e+06
-1.588774917606166564e+06 -1.586358518531745649e+05 1.347866441805176437e+06
2.082102033233862836e+06 8.800864479303887347e+05 3.977049227010988630e+06
-1.486416507194733014e+06 6.875067282039517304e+05 1.505588100918593351e+06
2.478068068827005569e+06 2.152292762332065497e+06 -2.130032073175678030e+06
-1.715627130437355954e+06 -5.039548233804900083e+05 -4.919484735402914339e+03
1.823992309683200903e+06 2.689421257097735070e+05 -2.224763210070478672e+05
1.741541812397600617e+06 -1.775042472218524199e+04 -2.291830559435557574e+06
-1.006811881432371098e+06 6.677556505529284477e+05 -5.237177927418220788e+05
-1.517682612620645668e+06 -1.829362896150911227e+06 -6.761856248329287628e+05
1.880785225710654922e+05 1.017512993313704646e+05 1.126326920249964343e+06
7.677388606453504181e+05 -2.649003761105374899e+06 -1.422879571436255472e+06
-8.937034324355646968e+05 1.342805942919996567e+06 2.395612868952073331e+05
6.846448214706728468e+05 -1.275623370284425793e+06 1.753491549103594152e+06
2.022483633191783156e+05 -4.371717049515797407e+05 -6.453994335764733842e+05
-3.595727764261817560e+06 -3.010465176939114099e+04 3.761448063375317026e+06
1.055251403654118301e+06 -8.185697221071914537e+05 -1.150038336358317174e+06
-5.847811527484803228e+05 5.282189495471526607e+04 -9.725751977861777414e+05
-7.888571862177165458e+05 -1.079512897954439046e+06 -5.480774757313355803e+05
1.290905304105296964e+06 1.268151213636419270e+05 -1.927311453388797119e+06
1.963944655093146255e+06 4.903701728332915809e+05 1.414059359282278456e+06
6.414077364667638903e+05 4.834743271042586421e+05 -2.347957594872856513e+06
-1.756682696132930694e+06 -4.289015141842337325e+05 1.063114089520291192e+06
2.993967791928919614e+05 3.492703621650745044e+05 7.248939799632262439e+05
-1.180123792695704848e+06 1.081260011076163210e+05 -1.300303464501733426e+06
-1.280675914541128557e+06 -9.682210560111998348e+05 2.255386762650342658e+06
1.417549523480534088e+06 6.566442709837862058e+05 -9.752847564168786630e+05
-7.778632593317645369e+05 -2.092810030288329814e+06 5.075003058523812797e+05
1.164418336751343682e+06 -6.780672563140789280e+05 1.439148596550444141e+06
-9.617915720590502024e+05 6.610994480311070802e+05 1.254674684437021147e+06
-1.396615132517577847e+06 5.734009677263107005e+04 1.166919764197934885e+06
-7.184701109388831537e+05 -2.245296270290501416e+06 6.352648261331018293e+05
5.208187207743813051e+05 8.021570250217305729e+05 4.721479340094389045e+05
-5.884899943630506750e+05 -4.283315892184792086e+06 1.871010037354212021e+06
2.746757610587976524e+05 5.185632271801339812e+05 5.205787917326911702e+05
8.586735960592695046e+05 1.165136254233838758e+06 1.458494612183208112e+06
-1.774751251306916238e+05 4.593831489053620026e+05 -1.059441178316520993e+06
8.834059051103491802e+05 2.265962136792089950e+04 -1.047891974908229196e+06
1.425206680057332153e+06 -9.056080413199205650e+05 -1.388887250391772715e+06
-8.732308257277852390e+05 -8.401122483301081229e+05 -6.711480944853774272e+05
-9.192846068555148086e+05 -6.459616364577391651e+05 -1.582448206092144828e+06
-2.790087637360604713e+05 4.462241345539489412e+05 1.987476267159811221e+06
-2.145191893742071406e+05 7.878592706238698447e+05 -7.880108994131716900e+05
1.536756706302184379e+06 -1.613763797752094688e+06 1.480788835576649057e+06
5.074844666147963726e+05 -7.221071293108511018e+05 7.852344833853889722e+05
9.434828932421300851e+04 1.487453217372429790e+06 6.908902309040132677e+05
-1.769533926422780205e+05 8.986882522422216134e+05 2.314713215258467477e+06
1.711473889851039974e+06 -1.931718100058941171e+06 -1.660313447897875914e+06
2.229448692803991493e+06 1.368765321195550263e+06 7.581704042371548712e+05
1.547590220163528807e+06 2.159832249450286618e+05 9.327918788003277732e+05
9.443394281739400467e+05 -1.779325655138611794e+06 -3.565426638814916369e+05
5.436907379464117548e+04 1.825665258342756191e+06 -2.499448771869775373e+06
5.255530639653856633e+05 2.368153180299064144e+06 1.287192526886425680e+06
4.559378359193509445e+06 1.856714423293414293e+06 2.069135456266843714e+06
-5.470555556910044979e+05 -8.261572818048178451e+05 2.214157969773632940e+06
-3.044934295355036389e+06 -1.050804058282959973e+06 2.058010556156219216e+06
6.366603922252880875e+05 -5.007048773924784735e+06 7.737435565819594776e+05
-9.781020562516610371e+05 1.220034915131396847e+06 2.076867028199995402e+06
2.312000615845292807e+06 -2.481017381769665517e+06 -1.493226300278965151e+06
-1.378668955216696486e+06 -2.001683670701166557e+05 -2.207895876646019053e+06
-1.797262867307643639e+06 -3.941492418640020769e+05 -1.678501253377772635e+06
2.681107408715100028e+06 -9.336897349778225180e+05 -7.897086749059411231e+05
9.139685464927629801e+05 2.986333409649349633e+05 1.276979829989057034e+06
-2.036537105820819968e+06 -3.834502366379952873e+05 -1.456340060487664072e+06
-9.066985791230077157e+05 -6.647759850669690641e+05 1.386485141775238561e+06
-1.053529706721256487e+06 -3.544669513333812822e+06 -7.759943879785463214e+05
-2.360918238211208023e+06 -2.029163367038991128e+05 2.919388801573238801e+06
-2.159937679973886814e+06 1.468764541707051918e+06 3.050199870103766210e+06
-1.943155830452774419e+06 1.629885634303954896e+06 -1.999275722760104341e+06
-1.590286348278966499e+06 2.135967432752799141e+04 -1.216363670494018123e+06
2.405210584173798998e+04 -1.993961193178493064e+06 -2.387893730628010351e+06
-2.701833944691421930e+05 5.453225668940442847e+05 4.220261929226853885e+06
1.234617910054649925e+06 2.408728823556274176e+06 -2.891218427066365723e+06
8.342656037953938358e+05 1.206252490044969600e+06 1.848298565311277052e+06
-1.638838421979988925e+06 -1.353000765991005115e+06 -2.170534561756106094e+06
-7.745200857618160080e+05 3.932123763485946693e+06 -2.622871689260484418e+05
-2.157393890383794438e+06 1.061252706444324926e+06 -1.096727992890035966e+06
-1.862236104986487655e+06 -1.601810004043763271e+06 1.866394520494776079e+05
1.075101161864210619e+06 -9.751855682166707702e+05 -1.992670787041586824e+06
-2.131067566386905033e+06 1.979602196744957240e+06 9.658668268508273468e+04
-4.698252641127440729e+05 -1.127243658070784004e+05 -5.969599484322315548e+05
-2.617315594436306274e+05 1.762768524591914145e+06 2.723281725736187305e+06
-6.966590784662386402e+06 -1.681729058775884565e+06 1.074194103960645851e+06
-1.824340355296642520e+06 2.501003776233640034e+06 -1.161526289191307500e+06
-1.740926030520946486e+06 1.343787090476195328e+06 2.678343239242510870e+06
-4.853950878066176665e+05 -1.130479582260842901e+06 2.157177023430703674e+06
6.949636318247487070e+05 -6.157389144640747691e+05 -3.445608760924594826e+05
3.115225678724912461e+06 3.252135463503312320e+06 -1.228853462771946099e+06
-1.719593709729269147e+06 -5.521698898470067652e+05 -2.200807106265624519e+06
1.248480126367928693e+06 -3.023684234043908655e+05 9.843904526779798325e+05
1.605038977427058853e+06 1.074804795928859152e+06 -2.232570862786661368e+06
2.290181772801968760e-02 -3.899683028189392803e-03 1.944792703148696955e-02
2.665392739137027560e-03 1.216003761081267155e-02 -1.758729053073181114e-02
1.603234536814221456e-02 1.832577771281529433e-02 -1.449597133682503994e-02
5.707894199196249588e-03 2.062153963043339682e-03 2.310780643199986800e-02
1.765679356999992275e-02 4.782177908787803994e-03 -1.424854440079974770e-02
1.620032528870105743e+06 -1.273355833387399325e+06 1.716226289042024175e+06
2.745428812849711976e+05 2.431483441043316852e+06 3.751470990563303931e+05
1.460109053661284037e+06 -7.810119131169967295e+04 2.494901267783679999e+06
1.021121540049604489e+06 -2.919702813437965699e+06 -2.485339771913880017e+06
-1.347052103398508334e+05 -4.488748727840460837e+06 2.095362494141407544e+06
2.178844123709361069e+06 -1.966221717058042763e+06 -1.458389348417961271e+06
-1.659265711161327315e+06 5.301402081999038346e+05 -1.061535560927693965e+06
2.241117523115570657e+06 -1.676670340773079079e+06 -1.715962723283118103e+06
-3.806127750054190059e-04 2.394308465639717609e-02 5.950788993037303687e-03
-1.445194464745225629e-02 7.560544703906104183e-03 -9.267548939620222359e-03
1.668066607892774337e+05 7.094100534858617466e+05 -2.525189747746608686e+06
1.606922518411117839e+06 -1.862033751609671628e+06 -3.101228902876900509e+06
5.166228561060453649e+05 -1.121027565090087010e+06 8.163869740688651800e+05
3.303558801453804481e+05 1.276879711098662810e+06 -3.601170341966224369e+06
6.062059178331146250e+05 2.389921127067639027e+06 1.575838509600869613e+06
2.581034173061538953e+06 9.363919253525714157e+05 -2.024571117329481523e+06
1.127352269979141856e+05 -1.714647903358587762e+06 -8.615635153461109148e+05
-1.645985356841631234e+06 -3.533162982537266798e+06 -1.036398886222039873e+05
3.118580059645114001e+06 1.689932257321670477e+05 -1.426930443886831170e+06
-9.699804792668933515e+05 -7.417969577659984352e+05 3.421775649741181172e+06
-7.274027259899459314e+05 -1.013842783495918266e+06 -4.809256305406213738e+06
3.413420825289383531e+06 4.985967254943916574e+06 3.796905937992462423e+06
2.062698481196328998e+06 -1.932720646825836040e+06 2.233253611476211518e+05
9.119675716062783031e+05 -1.619391043301698752e+06 -5.754869864551015198e+06
2.702684619973453227e+06 2.006907701324440306e+06 1.068765811415103730e+06
-1.549082216756182490e+06 -5.588591535559239128e+04 1.446853156178768724e+06
-8.488798024159924826e+05 -6.099570343283902621e+05 -1.909364811856616288e+06
2.244668450458118168e+05 -2.750094311162056867e+06 -2.549536408062654547e+06
-1.385307923955198377e+06 1.474920673879699782e+06 -1.539891971036351984e+06
-2.931536453652302735e+05 -1.866184668948659673e+06 -1.479054010783183156e+06
-9.997880991462060483e+05 -4.054267024953658110e+05 -1.638530716084592976e+06
2.438885924926881213e+06 3.032442100631574634e+06 -1.466026853847024729e+06
2.326038456955009140e+06 -2.880733938497264404e+06 -9.053250428553142119e+05
-1.080406568406066392e+06 -3.646858302302672528e+06 2.751873851921423804e+06
2.571201556730383076e+06 1.311408191225701012e+06 4.362972281641481677e+05
-9.615041327023328049e+05 2.258563308104670141e+06 1.679084982704626396e+06
1.515726971328092972e+06 1.378985912649674341e+06 1.745558595274755964e+06
-1.265394385442815255e+06 1.215911924723416567e+06 2.883321225820919033e+06
1.361514266042125179e+06 -8.698950353426652146e+04 1.199911941327561653e+05
7.484628347713447874e+05 -1.870692691620462108e+06 -1.604301777777601499e+06
1.330567114833959844e+06 4.476115981819676235e+05 6.869975996426817728e+05
-1.187614203701624414e+06 6.550593345800868701e+05 -1.395876431093000807e+06
2.732855756472813431e+06 -1.276158619834077108e+05 7.149658388399399118e+05
-1.737356738372545922e+06 1.918757067015432753e+06 1.404227891917727888e+06
2.933498964360717218e+06 -4.274617092566748033e+05 -4.308044485113088740e+05
1.820528834012018517e+06 3.772811482883935678e+05 -1.290857776150600519e+06
-1.538856383749296423e+06 -4.666041425633887411e+05 1.655679976213806774e+06
-8.127498638087963918e+05 1.885130255340248113e+05 -2.203016934409375768e+06
-3.636391870161761180e+05 -1.349942703150084941e+06 -1.801278030050971545e+06
7.098410843220029492e+05 -1.143672614692003699e+06 -1.112970599383416120e+06
-5.683478169741389574e+05 -1.285338991969785187e+06 -7.716718722699875943e+05
-1.090671382612101268e+06 -1.153045436303436058e+06 9.668647735451157205e+05
-1.600556882512482349e+06 -7.639902390978864860e+05 -9.156648130797153572e+05
-4.969117828402030136e+04 1.122989137708214810e+06 1.258509008010015124e+06
1.989275844102798263e+06 1.474312577168548247e+06 -3.134006168867078668e+04
-4.183171826375081437e+05 -5.656869391691810451e+05 1.681835962184553733e+06
2.679183030907978304e+06 3.064595340721829329e+06 -4.003617909993233479e+04
9.190948711616029032e+05 3.748798988220421015e+05 1.240513409971578978e+06
1.869486567985446192e+06 7.529226662305189529e+04 -1.921382777283359319e+06
2.236138417112375610e+06 1.092026817051097983e+06 -9.789219815653507831e+05
-2.206076915076934092e+05 1.331895150398027385e+06 5.110443420602701372e+04
1.070344358731214888e+06 5.747823195626286324e+05 -1.188376465012014378e+06
1.015247092874733382e+06 2.019370572489967803e+06 -2.056567231325568166e+06
-3.226517584151411429e+05 2.816671559178005555e+05 -1.852668907201095484e+06
-4.524235007170062163e+05 -8.673664331010868773e+05 5.428699354900751263e+06
1.594139819887039019e+06 -3.820598326103820000e+06 -4.765590205706967390e+05
-6.053793077938172501e+05 1.613118502019076142e+06 1.879881092892782297e+06
-2.568511386310183443e+06 -3.431256840868396102e+05 2.411212983106582891e+06
1.330317236876053270e+06 -9.720860675435796147e+05 1.477905975181250134e+06
9.985749891036129557e+05 1.528346628377501853e+06 -5.951008164243209176e+05
5.410824091931965668e+05 2.015769363861981314e+06 2.126824141105125658e+06
-9.808356728076665895e+05 -1.124141143978282809e+06 7.324413908404670656e+05
5.344897510889967671e+05 7.425258854338583769e+05 1.432999893633558415e+06
-8.304176972155956319e+05 -2.808871635599317495e+06 1.520883423384483438e+06
1.224737806793650379e+06 -1.672731309441326652e+06 -1.583533257034742506e+06
-1.918928254579859087e+06 1.106750243887093151e+06 3.280696133695740136e+05
1.167550805481281132e+06 1.739054931987709133e+06 -8.142504762789848028e+05
-2.060282667488708626e+06 -1.703795516654910287e+06 -1.636298543658668874e+06
1.187845630890834844e+06 2.525369624807300512e+06 2.550921145300551318e+06
6.435877250162095297e+05 1.258803762412415352e+06 1.378970232101056259e+06
-1.598880210705755046e+06 1.916532745554761961e+06 6.056442883922463079e+04
-1.880856735573837068e+06 2.874207811558261164e+05 8.526299955713122617e+05
-5.502649191279577790e+05 -5.165789904200867168e+05 -2.666134750796448905e+06
-1.234095621054515010e+06 -6.733302662610089174e+05 -1.662535647227321519e+06
-1.127597282544992864e+06 4.727978166600259719e+05 -1.385741831212378806e+06
-1.568108487746329978e+06 -1.527006980249698507e+06 -2.346290915525696706e+06
1.960733195155177673e+05 -1.116759451551140752e+06 2.525959937977556838e+05
-1.499113270453693578e+06 -7.054768252875430044e+05 -5.814283539269802859e+05
-1.103774957319114823e+06 -1.681305607620038791e+06 -1.221674679389735451e+06
1.254844586251659552e+06 2.608649932390900794e+06 -2.728483481813178863e+06
4.895955552834194968e+05 -1.278425428195833927e+06 -1.101366885609737597e+06
1.282275953192853369e+06 5.036991340049053542e+05 -2.282779297144425567e+06
-1.400874298269922379e+06 1.529271244676489383e+06 1.629939154535238165e+06
-4.034210591966469306e+06 3.201314786139859352e+06 3.489169250293793157e+06
4.911356057747897576e+05 1.050382772004576866e+06 7.293178193078115582e+05
-1.960018530056764837e+06 1.110638963537947508e+06 8.008418257213501493e+05
1.173784478008516831e+06 2.433089098640043288e+06 8.236201199826801894e+05
1.832784164912994675e+04 1.402138148227924481e+06 1.357872914415917592e+06
-2.583706516844727099e+06 -6.271223381667315261e+05 -2.463463581740533933e+06
1.626768529700733023e+06 6.424204181215820136e+05 -1.787906084165202221e+06
-8.556619240808377508e+05 1.850620059637778671e+06 -8.177423721684187185e+05
1.260993042530586012e+06 4.397082015172938700e+05 -1.793392881680774037e+06
1.380360474404306849e+06 1.444558640806218144e+06 -9.773574175544573518e+04
-1.082422388947421452e+06 -1.370870329952797154e+06 -1.339598836218681652e+06
-3.993634200028722989e+05 -6.605820486196175625e+04 -1.642991101616624044e+06
1.307980859960022062e+05 -2.151939185129744292e+05 2.169985023434558883e+06
-5.925532992411105661e+05 -2.344019361799597275e+06 -8.650193948319569463e+05
5.903642614635863574e+05 4.451383387842911179e+05 1.461775390386344865e+06
1.146900904578270856e+06 7.392516570125246653e+05 1.230579973280485487e+06
1.876529261046411935e+06 -2.668134407030890696e+06 1.829122483970371541e+06
2.009440154194846749e+06 3.077657256370749325e+06 -3.723080805321563035e+06
1.528904583136287518e+06 2.891159962335872930e+06 -7.694526519959393190e+05
1.137232491024506744e+06 1.139584514373084676e+05 5.983477472793214256e+05
1.427382254860584624e+06 9.332136692845428479e+04 -2.276578791218198894e+05
1.389251206836012891e+06 1.462466657378608128e+06 2.996027682297056890e+05
3.985646028399323113e+05 2.105904466429494787e+06 -2.603975793206289236e+05
-2.979039523913446814e+06 -1.511207630590425339e+06 3.174957086261761375e+06
-2.323136211661804933e+06 2.476278362071560230e+06 8.639903243531008484e+05
-7.433426099236684386e+05 -7.647430830459718127e+05 -1.491648435337560717e+06
-2.476280515571092721e+06 1.021121898494670750e+05 -6.146070576480027521e+05
-6.224427940981187858e+05 -1.015288786913906340e+06 -9.641809840690940619e+05
-3.874895463856682763e+05 1.940597513153492939e+06 6.965769326951943804e+05
-1.846144933008432621e+06 3.294104840768369846e+06 3.779658571671345853e+05
-2.569602742931854911e+06 1.782356655888121750e+05 -2.770670718383252097e+04
-9.224913818772789091e+05 -1.880157738190828124e+06 2.108678363954054192e+06
1.308949930036148988e+06 -1.454327889448489528e+06 -4.613744354677532101e+05
1.684061820802644826e+06 6.021805561911715195e+05 -4.873171248000506312e+05
-8.918128210957634728e+05 -3.382931462586072274e+06 -7.026886740342107369e+05
5.158736333665160928e+05 5.759554336358247092e+05 1.366932423714880366e+06
2.157179113845424727e+06 2.496170731074380688e+06 -4.985535314146836026e+04
-2.015875749006067635e+06 3.130381001613238826e+06 -1.386741811429688940e+06
1.859670513407994993e+06 -1.859947812065307749e+06 7.457166031251769746e+05
1.901963619767446653e+04 -1.829811566527540796e+06 9.631913866208555410e+05
6.186033993662515422e+05 9.402325235717763426e+05 3.881627464271503966e+06
4.666537905475920707e+04 1.884927392501727678e+06 -7.429462121409629472e+05
-2.175139901266543195e+06 -1.605812169441066450e+06 2.660291203264102340e+06
5.031763248074816074e+05 -7.488664108745754929e+05 -2.149605709676808212e+06
-3.497114180334555567e+05 2.876613286331058946e+06 -9.394039967082000803e+05
-9.609887094564487925e+05 1.569016573509099835e+05 -1.153274631909176242e+06
-2.056781597092315555e+06 -2.740346149483724032e+06 -9.110867158992232289e+05
4.453027385163268773e+05 2.313750418370729778e+06 4.428661061692734249e+06
1.895910168974853586e+05 -1.222620430630486691e+06 -6.348018467848738655e+05
-1.828326970271845348e+06 -1.851110766775552416e+06 1.626509664062685333e+06
-1.305181363729289733e+06 1.123515499869285151e+06 1.121142998750268249e+06
1.152995761237882311e+06 -5.889837841303755995e+05 1.269020233283788897e+06
3.328679088823582861e+05 9.601939879933026386e+05 1.854817697580249049e+06
2.517920466338885482e+06 1.224848874837808078e+06 5.515846628690395737e+05
-1.680673694183888147e+06 2.735026146081861807e+05 3.262914847195700277e+05
3.003763991042021196e+06 3.631845692165599205e+06 1.462760754735679366e+06
-1.682222731413894333e+06 1.257531504076108802e+06 1.422128242949591950e+06
-1.541634049393386813e+06 5.454757753328020917e+05 9.755236478892687592e+04
-3.539722103163902648e+06 -2.759978128231956623e+06 1.092662933684540214e+06
2.419468734451746102e+06 -1.393424655299582519e+06 -9.133819449175447226e+05
-2.400363123745811172e+06 -6.108571343058322091e+05 -2.465130130249452312e+06
1.827184064667291706e+06 -8.099767415202537086e+05 -2.266125774794222380e+05
-4.448936950872229063e+05 -5.060985701709980494e+05 5.268838339715921320e+05
-2.202840411611618474e+06 1.644528596674795961e+06 2.924668212648799818e+04
1.088293149004925508e+05 -9.632714138875833014e+05 6.189456245098470245e+05
-1.065568947099720128e+06 1.420472706417654175e+06 -9.184889415694803465e+05
-4.192414375828809571e+05 1.808253090165512869e+06 -1.591813763577106642e+06
-1.140325651417805115e+06 2.106926417826286633e+05 1.034844064094022324e+05
9.181181375388210872e+05 2.060151841317083687e+06 -1.092741287294170586e+06
2.545581983181766700e+05 6.179339706276286161e+05 -2.087241179829236353e+06
-3.144051693319398328e+05 2.571182527323369868e+06 2.019110036398709286e+06
4.149394074347472633e+05 -2.052536297947105952e+06 1.360775933207225986e+06
-6.235945956630151486e+05 -8.823268761752323189e+04 1.264424654887233628e+06
-1.549919385765860556e+06 1.701722773575430503e+06 -2.008519970700812992e+06
-1.101996395282300422e+06 8.910443806595155038e+05 5.795422119462139672e+05
3.092021181397862965e+05 2.333688785725207068e+06 2.786275368426062050e+04
-1.225809169466919964e+06 1.609881264638485387e+06 -2.114212418176812585e+06
1.750017899745948147e+06 2.435598034334149212e+06 -1.104932693070990266e+06
2.521376679478302598e+06 8.634881813030582853e+05 1.509468314712590072e+05
1.849545404681696789e+06 -5.663636943660768884e+04 -2.441249909988277068e+05
1.942282719131348189e+06 8.053543029867093719e+04 1.873365552730637370e+06
-1.151459558288660366e+06 -2.326416267986346502e+06 5.545245571070535807e+05
4.322101358690257184e+05 3.773724848102153745e+06 4.249716458460800932e+05
8.675732744178608991e+05 -2.574366604772757273e+06 8.888716626245660009e+05
2.052372778579563198e-02 -1.296616697437705788e-04 1.714125256378643686e-02
1.638319552518005887e-02 -1.248859268099353735e-02 -2.757213599522473010e-03
-2.188757789876458453e-03 -4.300958161502048405e-03 2.409615704376572715e-02
1.584742713030225236e-02 1.504016354984730880e-02 1.799183705805776010e-02
2.134599093776550285e-02 1.672311003497503959e-02 5.787383710143992332e-03
9.205719459925228730e+05 -2.081342112826985831e+05 1.032302187803909299e+06
2.450681649549921975e+06 2.235054218792253174e+06 9.293281569830257213e+05
-2.078188307702841237e+06 -3.063217053681182209e+06 2.280947280220110901e+06
-3.501900039400387555e+06 -1.476277657278506376e+05 1.699993746365023253e+05
1.596917633203364909e+06 -2.202166691350812092e+06 7.848306237325655529e+05
3.934387623450793908e+05 -1.747194010966359405e+06 9.033276543439754751e+05
-4.031682823727421463e+06 2.382313404665491078e+06 -7.942717880847198830e+04
-5.119268029369127005e+06 1.167032381963407621e+06 9.800576692433482967e+05
5.305632490083618322e+05 2.303848061891274992e+06 -1.525051233029039809e+06
-6.192121469324913342e+05 1.755185812581998995e+06 -7.335624506272332510e+05
7.394107918854289455e+05 -3.033934259004440159e+06 -4.154636676420783624e+05
-1.754890991356217070e+06 -3.561247305436848546e+05 4.431626055767689249e+05
-9.558251660855240189e+05 -7.805815563199277967e+05 1.434083193062441889e+06
-1.050194855245109182e+06 -1.662812436369377188e+06 8.284082732222579652e+05
-1.979279878780729836e+06 4.483684472536898102e+05 -6.969457944597116439e+05
-1.536598420927243540e+06 1.734972570304306690e+06 -2.210612210742061958e+06
-1.292081235541193048e+06 1.614861845470950939e+06 5.122122380248600384e+05
-7.021740128210604889e+05 -2.176323731022005901e+06 1.262342954031599686e+06
1.026294235335275414e+06 8.849062898213346489e+05 1.297852190790174296e+06
1.257118691940088524e+06 -1.780095444540765369e+06 -1.665387040585980518e+06
-9.579320386932565598e+05 -2.680485588568500243e+06 -2.944193336460710998e+04
-1.555559630078799790e+06 8.945187671389096067e+03 3.601350940422489657e+05
3.028861435161295347e+06 -7.130738115768453572e+05 -3.377152846909928136e+06
1.285908171583076473e+06 1.417904834297391790e+04 1.366552419740989106e+06
6.646689993063267320e+05 2.646807029437727295e+06 -1.130472029796825489e+06
-9.446945139200560516e+05 1.167159259918091586e+06 -1.138955408236146672e+06
1.022934215531649301e+06 -2.030320845326757291e+06 1.680868547299020924e+06
-3.164028821519045159e+05 2.187720038355996367e+06 -1.552127156129984996e+03
1.534985978837599978e+05 -1.507302307948172791e+06 2.147523790720859542e+06
1.342238160136685008e+06 -1.296103376298165880e+06 1.093404985909054056e+06
-2.287400703472266439e+06 8.044682290884230752e+05 -8.379361307240477763e+05
-5.718149934670077637e+05 -1.148572803034583107e+06 -1.447785502570898039e+06
8.203938796642249217e+05 -2.558448812635875773e+06 2.198280021246839780e+06
3.020769735481292941e+06 1.419036695141079137e+06 1.444991095789752668e+06
-1.606246562634621281e+06 1.526974352262636879e+06 -7.092736600085359532e+05
1.666549888192509767e+06 -2.440749571206984110e+06 -3.050982552352516446e+06
-1.777188780771268765e+06 1.448080168334762100e+06 -1.344030959693282377e+06
-9.324497915699940640e+05 -1.320289320030073286e+05 1.483691048844892764e+06
2.185464380545672961e+06 -5.154149627427307132e+04 1.185663341244125040e+06
-9.349775474332413869e+05 1.707627626379101770e+06 5.984360243657577084e+05
-4.089731247676514904e+05 -1.335141427604944678e+06 -1.664151395703782327e+06
-3.110444403913482092e+05 9.770918165652917232e+05 -1.529883431827129563e+06
3.606136653104719589e+05 1.225929807723144069e+06 1.286384171444345498e+06
-3.163967095179062802e+06 5.779281593784783036e+05 -1.513926044981556712e+06
-2.784172274097215268e+05 5.196110627837343491e+05 -6.465272734326915815e+05
-1.632065061227109050e+06 1.571225993618973298e+06 5.246788777378892992e+05
1.374408023107400513e+05 -5.778762612952018389e+05 -3.740706733542620204e+05
1.322829822823872324e+06 3.372546061491423752e+05 8.841139983616378158e+05
-2.095396005576200550e+05 3.663396349552831147e+06 3.298499486632059328e+06
5.337670368251580512e+05 -1.221594351178849582e+06 -1.843154083165155258e+06
-1.522007981618270976e+06 -3.129207409948717803e+06 8.736810079945881153e+05
4.260499075765707530e+05 -1.104750810416219523e+06 2.026612341395452153e+06
-2.246515706706687808e+06 3.916562468109775218e+05 9.971318351317642955e+05
-1.319673188041886548e+06 -9.803175884653105168e+05 -2.341700949913945980e+06
-3.251585388517255196e+05 -2.694106436480505858e+06 1.431217583391705761e+06
2.112113760519111063e+06 -1.335725254560135538e+06 1.342050402101508575e+06
-4.463230867138050380e+05 3.133148712792735896e+05 2.631410784831688739e+06
2.658968499656421598e+06 3.015131538097809535e+06 -5.510139176938359160e+05
-1.969282180444288533e+06 2.322987573623472417e+04 -4.321633799021516927e+06
2.403302894743597135e+06 1.121657489902596455e+06 -2.012591792878675740e+06
2.383073064919867087e+06 -3.852778746412403998e+05 2.202376319494781084e+06
5.072971100718583912e+06 -3.424678489358742954e+05 -2.424157958759993315e+06
1.483800219281955855e+06 1.309419100420805393e+06 -1.490435235194393434e+06
1.219515425002126023e+06 5.216510545706576086e+05 3.492306915644955589e+05
2.298785767558629159e+06 -1.215016744754238753e+06 4.201372831179502537e+05
-1.251893314199721906e+06 2.143465901437668595e+06 -8.962453037273965310e+05
1.107902936337424908e+06 -3.177200552813670598e+06 2.217842378380454145e+06
1.093388868555468041e+06 1.630061735498232068e+06 7.176443773942668922e+05
-1.475691372068454977e+06 3.353781654635241255e+06 7.272970057327202521e+05
-1.841951056222180836e+06 3.765662050284256693e+05 8.315086726694748504e+05
1.188243259237971390e+06 -2.526536998937641736e+06 -8.918816200400973903e+05
-1.277850463002789766e+06 1.674288712968198117e+06 9.644614964846317889e+05
9.709524079838908510e+05 -1.114326149238761514e+06 3.748158054140044260e+05
-9.686417378974420717e+05 7.032257102594382595e+05 -1.401295014701416716e+06
1.177092069568269420e+06 1.652736033725443063e+06 1.025259522810922586e+06
-1.021072264656940126e+06 -8.748530362826974597e+05 1.621137699704412138e+06
-2.146580327049727552e+06 1.625157840380775975e+06 -1.366065495455005905e+06
1.163502797942220932e+06 -5.207585806294217473e+05 -2.320817823228542402e+05
1.217284732296943199e+06 -1.650352506777014583e+06 -4.684962365414986853e+05
-3.477199237753009424e+06 1.789696563214660637e+04 -9.553123102148990147e+05
-4.881224686153770308e+05 1.924786177312610438e+06 3.528076489457043499e+04
-1.000899065056639258e+06 -3.063759817247117753e+05 -2.997433814738071524e+06
1.473383116235975409e+06 -1.064778581788261654e+06 -1.245032089340013685e+06
-1.859444866636767285e+06 -9.305342120975201251e+05 -1.129395370328700636e+06
2.966630830048699398e+06 -1.586162447828500066e+06 3.485508463008998660e+05
-3.772631450002340716e+05 1.956043271333397832e+06 8.242657845606600167e+05
-5.161300044987214642e+04 -1.382583984638550319e+06 -1.126118990207250463e+06
-1.120833745384503622e+06 1.878095687632071786e+06 9.431705239343291614e+05
-3.352484150896206265e+05 -8.192819444158064434e+05 8.353859275766537758e+05
-2.307502215050315135e+05 -1.107060182600842323e+06 -1.333204030685502570e+06
1.289859767581838416e+06 2.102107621906247921e+06 -1.236933903264047578e+06
-2.309565119333226234e+06 2.030733646979550831e+06 -9.509374243163334904e+05
-1.533079472217843169e+06 1.711659597272036597e+06 -2.671328322988291038e+05
2.681274586140031461e+06 -5.149216058859313489e+05 5.545334723062401172e+05
-7.265223339861230925e+05 -1.113287943693981739e+06 6.017003608085673768e+05
-1.206922959334611194e+06 -1.080129921011737082e+06 -6.482010720870331861e+05
1.902179697611641372e+06 -5.424868876232634066e+05 -2.759793917998747900e+06
1.193252315652511781e+06 2.396471138815533370e+06 -1.164657624281085795e+06
1.760712992345260573e+05 1.345905409867375623e+06 -1.292146922121512005e+06
1.752272995285066776e+06 -1.524975811831414234e+06 -6.703847354035303579e+04
-2.241607510491104622e+05 9.121992061875255313e+05 5.246887703326842748e+05
9.592405528758707806e+04 -6.713275331457834691e+05 -2.994243429887571372e+06
1.290647264268268133e+06 -1.077913778194736224e+06 -8.169532222673837095e+05
-4.184931147800355102e+05 1.449989669133797754e+06 -9.374008927567200735e+05
2.981742775608274678e+04 -1.481670998588353395e+06 1.014947310203488305e+05
1.066966935353721026e+06 -1.184027059249893529e+06 1.463013520711533027e+06
-9.192314355491236784e+05 1.964160512614990585e+05 6.234495518555757590e+05
1.563227413522313116e+06 -6.188552288371097529e+05 -1.349812703457455384e+06
-4.892297003940465511e+05 -1.544342208804913098e+06 -8.095900557196673471e+05
3.817361204895644914e+05 1.701979487689516740e+06 -1.470805968670745846e+06
1.092455023178806063e+06 -8.409331730671104742e+05 1.353708012390308082e+06
-6.403914626892764354e+05 -1.259038543194600847e+06 -2.757389132126617478e+05
-1.454797172520630294e+06 2.130843073454012629e+05 -6.989080682293102145e+05
-9.677771089987563901e+05 2.753949875957427867e+04 -1.222091526584562613e+06
4.421087047988938284e+05 -1.462655436949322000e+06 -8.855506169171782676e+05
-1.210488368741083425e+06 5.053498597174693714e+05 2.703228840517977253e+06
1.786856308809656417e+06 -2.450935459835765883e+06 -3.850503074955237098e+05
2.973865079825160094e+06 -1.155608582835158566e+06 1.496590005489409203e+06
8.796077025200761855e+05 1.192118512980661122e+06 -1.484206571658930741e+06
1.887506794661500724e+06 1.909819990502195666e+06 -3.612155725998183334e+04
-2.173707295284087595e+05 -1.891793973662140779e+05 2.050842707458846038e+06
-2.899828300331233069e+06 -7.062350248274456244e+05 -9.826987483513228362e+05
1.137354005211528158e+06 2.564517117057085503e+06 1.445361851552088512e+06
9.492958883827941027e+05 2.340793412711384706e+06 -1.902272464069137059e+05
-1.849136909930284601e+06 6.460087980267469538e+04 -4.287711024821508909e+05
2.215408351750502363e+06 -6.169190894950386137e+05 2.450832243952435238e+04
-3.786251407938289049e+04 1.461660716563902562e+06 2.753740106443590950e+06
3.467506766460751183e+06 -2.604399177604292054e+06 -3.111576579984890413e+05
1.653667246374197304e+06 1.948074942615864798e+06 1.207016333148408303e+05
1.187130283807001077e+06 -7.693404387081798632e+05 -9.926373009283586871e+05
-1.304187046362728346e+06 1.908993110900701722e+06 1.905736454055134964e+05
1.306049275783329969e+06 3.441396973019685829e+05 -6.133186108532267390e+05
1.890051061309664045e+06 -6.058635253913734341e+05 2.010498429274897324e+06
1.551045811428108485e+06 -1.358545153638682095e+06 6.881089306831856957e+05
1.978938205557642039e+06 1.481756324674090603e+06 -7.459882520765544614e+05
-6.323880555921741761e+05 -1.324656883914921898e+06 -2.251211778743855757e+04
2.270968771971503273e+06 -6.556214924323656596e+05 7.111183002663209336e+05
-2.792417494860480074e+06 7.479786897328164196e+05 -8.703280476895518368e+05
-1.120458862065700814e+06 -8.508901143282942940e+05 -1.330726717736755963e+06
-1.099039818592313910e+06 -2.026550908182944870e+06 6.817422616963433102e+05
1.632456693502042443e+06 -9.967065127946240827e+05 3.275003960927324952e+05
-1.086597941722346237e+06 2.647745274456092156e+05 -4.401025249808789231e+06
-1.946790734505336732e+06 -3.159503492737583001e+05 -2.111504653046664782e+06
-3.037757715726532508e+06 -3.190131382306950982e+05 1.051920026275658049e+06
-1.556479747500591679e+06 -9.759019617575373268e+05 3.284488575163851958e+06
9.238823779904572293e+05 1.865177624752881238e+06 -1.220414580823959259e+05
-3.445099743765307358e+05 1.313223278107743012e+06 2.566001475398184848e+05
3.301170833258025232e+05 7.262784586297210772e+05 1.367481914243728621e+06
7.407668044725556392e+05 -1.576619619703333359e+06 -6.674809487834972097e+05
6.997028021743288264e+04 -2.727091683512579184e+06 -2.444078602045478299e+06
5.057328162041057367e+05 -2.277718705782845500e+05 -9.722223907433801796e+05
-6.677261171178623335e+05 -8.370093714046759997e+05 -2.822845942974232137e+06
-2.612124436689420138e+06 2.031581373630442657e+06 2.771533390207654447e+05
-1.894595822948082350e+05 -1.465015585740320385e+06 -1.819755838503885781e+06
-5.524256095896126935e+05 -1.600553305667423876e+06 1.485753728643228067e+06
1.375704727913839277e+06 1.808119841649715381e+05 1.593615307862708578e+06
4.501911478475333073e-03 2.102716857881216372e-02 9.768245255728334395e-03
1.635646991606706444e-02 -1.552414001486059590e-02 1.265423643789577446e-02
1.866142015174429916e-02 6.980700712896537215e-03 1.965136228760778689e-02
-4.677383352116528011e-03 -1.028224092821843419e-02 1.083969517293572812e-02
2.230712584248700087e-02 5.890013071770277588e-03 1.425001770322394633e-02
1.228880063658172213e-02 1.795170651867232514e-02 -1.368526218515015748e-02
-8.225693375395035837e+05 -7.024326535388868069e+05 1.141285874922274379e+06
-5.799434654689843301e+05 5.476459513020605082e+05 8.154704668844607659e+05
-1.901291092149789212e+06 -3.049922233544633258e+06 1.090725228984805057e+06
-8.606655847880215151e+05 -3.789222157763883006e+06 -8.041805215173751349e+05
1.561489194416580722e+06 8.073482856163018150e+05 -7.394445776938848430e+05
1.628308020238619996e+06 2.305432270791898482e+06 -2.850350417365233880e+06
-1.475085043238349259e+06 1.675425769816207932e+06 -8.775635123596374178e+05
-2.499155328337753192e+06 1.540299760642228881e+06 -1.526328125282170484e+06
5.942492101257047034e+04 -1.472682187878721394e+06 -9.219240559039679356e+05
-3.076248028908954468e+06 -3.830274205694453791e+06 -1.649078859454684891e+06
-9.253377565032978600e+04 -3.731499158190883463e+05 1.563755917082592146e+06
1.470206891271388857e+06 -1.284595165710739093e+05 -3.900836659786653705e+06
4.174626923803827260e+06 2.650172223043520935e+06 6.548148118130842224e+06
-3.262085031935310457e+06 2.336702478277897462e+06 6.026643718233704567e+05
2.134948453015855048e+06 -2.026295439598155208e+05 -1.864164420097291004e+06
1.225669183013041766e+05 -5.035105207533017732e+06 -2.824796125727188308e+06
-4.227833448504714179e+05 1.858543373624042142e+06 1.173483947769764112e+06
5.118356001980869099e+06 2.566546414045457263e+06 5.038790298594914377e+06
8.357556376168197021e+05 1.615534407462564704e+05 2.527512346269777627e+05
-3.862355308392557781e+06 1.165972093679038575e+06 -5.856030420263841515e+05
-2.367428409267325886e+06 -3.205544343735419679e+06 -6.968557764594651526e+05
-7.668027631311716978e+05 1.513044195334804477e+06 2.162337546869035810e+06
8.050141595610186923e+05 1.613933229350218549e+06 -1.257474179841825273e+06
-8.606429530114267254e+05 -5.585761886672910769e+05 3.089782234888038132e+06
-1.334630445152143948e+05 5.236650525190440239e+05 1.964634793065751670e+06
-1.290325958099677227e+06 6.632264034311204450e+05 -4.860628257300118566e+05
-1.339146417031156830e+06 -7.866631940261535347e+05 1.200250470009597484e+06
-2.040726710720507428e+06 -9.542473021268458106e+05 -1.795531411918872967e+06
-1.751845599213767797e+06 -1.553896281868075021e+06 1.086141393549220636e+06
3.569281928361956496e+06 7.081779424131840933e+05 -1.000720394923004787e+06
-1.535554140196734108e+06 -2.200019552021252457e+06 -2.161593927367962431e+06
-1.362001740358929150e+06 -1.756557043158631772e+06 -1.638987574403586565e+06
9.803944521227641962e+04 1.239723988898743177e+06 1.534793913414241513e+06
9.224024528985674260e+05 1.500717187186006922e+06 -3.286993457299801987e+06
-2.980952634370397776e+06 -9.747804463091770886e+05 1.829270627944312582e+05
-4.993902902086441172e+05 1.813729402785061393e+06 -1.622324333243035479e+06
-2.011272996372236405e+06 1.634317274015700910e+06 7.885903047192731174e+05
6.223135092283586273e+05 -1.830888578750065295e+06 1.240348754260712594e+05
2.667229344849993940e+06 5.195939899511627737e+05 6.432212724796137773e+05
-1.226688715172586264e+06 5.999099334308627294e+05 -1.513955275435316842e+06
1.477806650236586342e+06 6.756391252557500266e+05 -8.115508249879915966e+05
-1.731591942661877256e+06 -2.693576798999825260e+05 1.018369211164232926e+06
-1.486555689701378578e+06 6.882637855375466170e+05 -2.402560193975167640e+05
-1.379877814379825490e+06 2.500348253619587980e+06 3.300493350275607081e+05
1.261139561035484774e+06 -6.340625192315173335e+05 1.144008788355519995e+06
1.362207012579732342e+06 -1.267297014511429938e+06 -3.380225111257308745e+05
-2.754060071986369323e+06 8.480168403823733097e+05 4.306643309567084070e+05
-1.823032549564123154e+06 -1.325380283471475355e+06 9.081015939734128187e+04
2.218880861589465756e+06 1.361965723586870590e+06 -7.400958211624170654e+05
-4.866410369686079503e+04 1.067255771760366624e+06 -1.955036061665411107e+06
-1.016890369618751341e+06 2.168634445949545770e+05 -1.775771766858982388e+06
8.910930458772537531e+05 -1.819551113207835006e+06 -3.616730570875963895e+05
2.850432202696727472e+05 -1.892763737453198119e+05 -2.133744183091026265e+06
-6.431955922754268395e+05 1.082761435782589717e+06 6.767683328469924163e+04
2.791750073040221105e+04 -1.688065963238350814e+06 1.897730317360439105e+06
3.499010145742062596e+05 -5.566598990074690664e+05 7.108206516591729596e+05
-1.120177480368039338e+06 4.055655517377564101e+05 -3.922986141882569063e+05
-1.268886112695325166e+06 -4.397100154139479273e+05 -1.484518231190521037e+05
-1.943711749902767362e+06 -1.350391724392753793e+06 1.830744144866909832e+06
1.044108182739137323e+06 -9.535757636932267342e+05 -1.778774024277635617e+06
8.264337668195718434e+05 1.197232282925625797e+06 1.042702333016390679e+06
7.381946752987617219e+04 -1.250411266172257485e+06 2.147766098377946764e+06
-7.413088478626693832e+05 1.982002158490255708e+06 1.857124679429240758e+06
2.154652649731146637e+06 -8.722850486813946627e+05 1.889229359241810860e+06
6.838957529958231607e+05 5.898402700232516509e+05 8.776444924533627927e+05
1.468831299901647493e+06 -7.495509812088786857e+05 1.308793429519788129e+06
7.704734499977664091e+05 -1.120164110453550471e+06 1.623201218240243616e+06
-2.049269872062134673e+05 -7.509944582398877537e+04 -1.501841037814124022e+06
-8.523576710981979268e+05 -2.002124731830242556e+06 1.314494341821362730e+06
2.874878329159506829e+05 2.678350029942772351e+06 9.600028710181838833e+05
-4.398322121500914916e+06 2.009336678577238054e+05 -2.984915270918523893e+06
-2.848424242747955723e+05 1.322464212932966417e+06 6.576267869930305751e+05
2.270434109012179542e+06 -1.229312493380047847e+06 -6.526654054738096893e+05
-2.593878155313574243e+06 7.179369931119480170e+05 2.368518340798520483e+06
-4.001641519790528109e+05 1.564543934907555580e+06 -6.769520360054477351e+05
-1.225601963144131936e+06 -1.137412887534280075e+06 -8.814286076465910301e+05
-2.618667353473765310e+06 1.534232451993328985e+06 -2.064249976049993886e+06
-1.235855837427443359e+06 -1.897295719878404168e+06 -6.027584361130424077e+05
4.249857486680696602e+05 -8.094525057924370049e+05 -2.395977270883654710e+06
-1.976849310719514033e+06 5.558266788674673298e+05 -1.638988892048011534e+06
4.707930066175909596e+05 -5.031428822220432339e+05 -1.142804857214002404e+06
-6.418819854860721389e+05 1.251171875148790423e+06 2.030965520491763949e+06
-1.898483686274919892e+06 -1.972372599462958518e+06 -2.031061391185159562e+06
-4.674283865538032260e+05 -3.716067990944006306e+04 -1.316645569088743534e+06
1.828047815317461733e+06 -7.160479355926646385e+05 2.242349011305747554e+06
-8.057237198875497561e+05 2.013398544995411066e+06 -1.510449667428364046e+06
1.164426739158491371e+06 5.391833772394130938e+05 -5.091070252958549827e+04
9.264208221027419204e+05 8.486575883235423826e+05 -1.646995264256632188e+06
-1.669160289519161219e+06 -3.941667267460337374e+06 2.731215550170986913e+06
-2.621877646021638997e+06 9.567345022867739899e+05 6.047474638629450928e+05
2.489356345054777339e+06 -4.894147419410733506e+06 -9.588901458492008969e+05
1.385201450893912697e+06 -1.214158192361862166e+06 -7.145363984203491127e+05
7.339722609419993823e+05 -5.637546790415761061e+05 3.889474782415148220e+05
-1.440735807983495994e+06 -2.371678364430126268e+06 -3.760676686926518101e+06
-1.440659398002361646e+06 -2.863255580933898455e+05 -5.342172321055001812e+05
1.872451990882962244e+06 4.023101664876867435e+05 -1.826825586215635994e+06
-1.426818273521147436e+06 -3.324816271349526360e+05 -1.647302299540427979e+06
-1.244656428418154363e+06 1.094066586695725797e+06 1.281053890419881791e+06
1.454286589471644722e+06 2.715674337601561274e+04 5.753838966117582750e+05
-1.697743312897568103e+06 -2.673140433765694499e+06 -8.845061772631744388e+05
-2.204639431853595888e+05 2.484761369186491065e+05 1.074114620511251502e+06
-1.244132015483104857e+06 2.458587454696430825e+06 -2.811203172016540775e+05
3.603380427525296691e+05 -2.164657723898326047e+06 1.615303233775843983e+05
-1.273512239549150225e+06 7.024049752582354704e+05 -7.638590169175959891e+05
2.766868199734868016e+06 -1.490857801322595216e+06 7.427484309744063066e+05
1.735967491665615002e+06 8.459513555846259696e+05 5.643446058896911563e+05
5.760617730511223199e+05 7.289613379138200544e+05 5.791133750184419332e+05
-4.363437245696049067e+05 1.147160231093364069e+06 -1.478260651691709645e+06
-1.410129492868089350e+06 1.110215845024255104e+06 2.028300855218848679e+06
6.524349263483876130e+05 4.251699789434945211e+06 3.542669173321940470e+05
1.509225821131026605e+06 4.219413116445054300e+06 3.618884172407392412e+06
4.528377447993528913e+05 1.662285754899481835e+05 -2.107076250725823047e+05
9.652228230845149374e+05 -1.422252314516791957e+05 -1.182250255424200790e+06
-1.694774439854692435e+06 -2.034552668633168505e+05 8.264780010962509550e+05
1.226971652585845673e+06 1.093608760783633916e+06 -1.508192302801144309e+06
-3.478342580258735921e+06 1.411075695947961882e+06 2.437240214894965291e+06
1.262361480083992472e+06 9.502496783039596630e+05 3.235254989176525269e+05
1.235659657455505570e+06 -6.975128019999953685e+05 2.276279612843968906e+06
1.047700362355643418e+06 -3.593177220283122733e+06 1.190668395757084945e+06
1.340268611913723638e+06 -2.994079881789881620e+05 3.190637078436127864e+06
-1.223062207845547469e+06 -5.215901816710276762e+05 -2.147895309497437906e+06
-1.349205756781124976e+06 -6.874775694910685997e+05 1.099250255254978780e+06
1.589074764438657323e+06 3.060860036723182420e+05 1.582875390034404409e+05
6.464146210724842967e+05 -1.671429048983340908e+05 6.730097953913341044e+05
-1.409785506722697988e+06 -1.334979987408690853e+06 8.373102350877913414e+05
-2.188104831066856161e+06 2.935525304122766014e+06 -1.261865664340373623e+05
-7.894706261030449532e+05 1.458391124429065268e+06 -7.733547342777420999e+05
-2.670718703814623295e+05 -9.889413674735254608e+05 1.154892777044568909e+06
-6.166695866242020857e+05 -9.119504562223780667e+05 -1.375224360864371993e+05
-1.146664174265760928e+06 -1.071401794564633863e+06 5.191679776196521125e+05
-2.399549727076606825e+06 -2.375339625187406782e+06 1.658878419364101486e+06
9.843299478185386397e+05 3.878737698744606692e+06 3.405958693898234633e+05
-5.241351575083340867e+05 1.720945331130969105e+06 -1.691315974543713732e+06
-5.916461914744834648e+05 1.074729831606058404e+06 -1.081694771197904833e+06
1.288099398390341550e+06 9.181801364453440765e+05 -7.646178824056249578e+05
6.280711507428952027e+05 -1.552167296458579600e+06 -1.058836733337742276e+06
2.579290622047699522e+06 -1.233749270210789051e+06 -2.723457593023220543e+06
1.909224835872740485e+06 -3.013077944998043124e+06 1.213337351572485873e+06
2.268206619479745161e+06 2.812558496016349178e+06 -2.820450943501300178e+06
-1.258377267776319524e+06 -1.429231374014138943e+06 1.742263271994489012e+06
-1.920740341274957405e+06 1.115504779026650358e+06 -1.445771554655423388e+06
-4.255807669949691044e+05 -1.460569019400745165e+06 -2.293351518099660520e+06
-8.176265387954645557e+05 8.526113987387584057e+05 -9.139226367145866388e+05
-2.395213956625327701e+05 -2.257021549387208943e+05 1.160031206638285192e+06
9.677758012783291051e+05 7.232178337748291960e+04 -1.329901322968197521e+06
2.678070389848847990e+05 1.505144336369147059e+06 3.381759423633446568e+05
-1.616469000638485653e+06 9.224933212166704470e+05 -1.747523265094747068e+06
1.389002203217593487e+06 -5.686783843384335050e+05 -2.371725271878762636e+06
-1.167867776060530916e+06 -1.760822482684929157e+06 8.479612872854700545e+05
-2.031637137099127751e+06 2.254986674962298945e+06 -5.145971090024869191e+05
9.728782876103643503e+04 3.008981329001084436e+06 5.282961027763905004e+05
-1.467358491724536754e+06 -1.845144010101146065e+06 -2.027364082906499505e+06
-8.468036555514712818e+05 -2.779364440549369436e+06 1.259111461670988938e+06
5.612601824975268682e+05 -6.590476683634102810e+05 1.560463278251340380e+06
-1.290733764188574860e+06 2.608809054327652324e+06 -1.339367556584049307e+05
5.706812533465886489e+06 1.953585192919698311e+06 1.141551350548452232e+06
-1.273299897913780995e+06 1.386945845169056673e+06 -1.774093442316567060e+06
1.620755597417583689e+06 -9.650783827614610782e+05 7.630835234719597502e+05
1.030111144594413345e+06 -1.604200063309000339e+06 -2.063676102297115722e+05
9.488354013918604469e+05 1.234034200238789432e+06 9.155614482973698759e+05
3.219289209932300146e+05 -1.044380154461889528e+06 -1.542610341859720182e+06
2.588582533268926200e+06 -4.740279357807922177e+06 -4.568459008861090057e+06
-4.929466251358987065e+05 -2.426878816585954279e+06 1.326291107355188811e+06
-1.059377467101495859e+05 -1.746459483847917756e+06 1.762285667991225608e+06
1.054034747805737890e+06 -8.646384049189988291e+05 2.032979081183890812e+06
3.653695413926641922e+06 -4.318037654335584375e+05 -2.899080005279224832e+06
7.899120708274279023e+05 -9.678300898321841378e+05 -3.811080106909273309e+05
5.317707264553525019e+05 -6.783875269064678578e+05 7.055191892762854695e+05
9.754738675015261397e+05 -1.747792657504093600e+06 -1.112792051686066901e+06
-1.638871455297550652e+06 -3.720177829923100071e+05 1.803284150382789085e+06
-1.468421585346663138e+06 -1.061267974779167213e+06 1.124595156948097516e+06
4.948561775652844226e+05 1.205669540988533758e+06 -2.482115389908528887e+06
-3.330861693806980737e+06 2.173235692574763671e+06 -2.365199834879632108e+06
8.517763913383763283e+05 -1.707613235510836355e+06 2.273481068164037075e+06
-2.950449095398281497e+04 1.392530420418504858e+06 -1.685592299210710917e+06
1.766891602921401151e+06 -9.477965580859506736e+05 1.698998225932513596e+06
-1.281426267583192792e+06 4.101488726614202606e+05 2.530672311415811069e+06
3.129160274532379699e+05 -3.956854400590581354e+06 -2.362645136104298756e+06
-3.633595451875749975e+06 1.511481341065937653e+06 1.921226772575816372e+06
-2.454433687196200714e+06 2.699204884751261212e+06 2.079616946704588598e+06
8.764796919969223673e+05 2.018972449308203766e+06 1.062146567097896244e+06
-1.778343352898589568e+06 -2.978555590395220555e+06 4.060429569057845511e+05
-3.655902182399590965e+06 1.100848270697980886e+06 1.482481958765924210e+06
2.871538173267712817e+06 2.076871348314866889e+06 -4.343926983281948604e+06
-1.739002844270916656e+06 -1.265840325059127528e+06 1.152485609300586861e+06
-2.329515923154511023e+06 -2.609778017663436476e+05 7.612154243546561338e+05
3.423413369393330533e+06 -2.300909389303631149e+06 -1.822961378909311723e+06
-5.302192267120166216e+05 5.798350558980108472e+05 -4.075408969545328291e+05
1.277630123043234693e+06 1.958322023247049190e+06 -2.290742423741042439e+05
1.075043681177306920e+06 1.304051214378356934e+06 -3.230306378037767485e+06
-1.441538897355196299e+06 -6.192006549308648100e+05 3.001830995366013143e+06
9.614696828277631430e+05 1.251645143779235659e+06 -9.843958600098303286e+05
-5.945829159431706648e+05 1.541770880181425673e+04 2.258978539130924735e+06
1.399733741828793893e+06 -2.152361619749573059e+06 -9.918515003788089380e+05
1.084777142878815532e+06 -9.587353028797393199e+04 -6.866153603069729870e+05
2.469939538240277208e+06 1.970781346942353994e+06 -2.487573029113560333e+05
8.112115179158038227e+05 1.595841283193702111e+06 6.125688953999860678e+05
1.571535277366415132e+06 7.984459177779515740e+05 1.194875686109309783e+06
-2.840044789118273184e+06 -2.386993825653943233e+06 1.602116065216480987e+06
-1.190708580151085276e+06 -5.019499965678209555e+05 5.893534894338794984e+05
-1.351085711384345312e+06 2.708245373469652142e+06 -8.281503651188830554e+04
-1.039338751050362946e+06 -3.156312350886285771e+06 -1.688628369175730040e+06
-1.870622155128739178e+04 4.762744399617526215e+05 -1.395779300301299430e+06
1.336125423474312294e+06 -6.427574698445597896e+05 3.374500976921358611e+06
9.420736531316227047e+04 1.118419053856624058e+06 2.284785670605233405e+06
-3.194137114971388364e+05 2.490753204529806040e+06 -1.869571135431224946e+06
-1.843691253485066351e+06 3.767791730365003459e+06 1.303966217519036029e+06
-1.928921298880390823e+06 8.755852227434724336e+05 2.685405267161700875e+06
6.020977017719016876e+05 -1.436827435891112778e+06 2.525396276690022496e+05
-2.166275612275661260e+05 1.780032263199543348e+06 -1.319345365528483642e+06
-1.607097112751620123e+06 8.938668850298419129e+05 -1.731852846743528033e+06
5.695218871637881966e+05 6.082513757732731756e+05 -2.236843221706151962e+06
5.897279330963837128e+04 1.059935474219405325e+06 -1.870794094956729794e+06
-1.786263590339818911e+05 -1.757725003903657431e+06 2.978176035923243500e+06
2.383330372154153883e+06 -6.661084712972568814e+05 -1.585977391374863684e+06
2.877964804144093301e+06 -7.074314019655580632e+05 1.627028816181656672e+06
2.374125367878695950e+06 -3.609134462242427981e+05 -9.025599267920131388e+04
-3.696277536128122592e+05 -2.463248875423227437e+06 -1.426974493725406064e+05
-4.258066379189315252e+06 2.291054544848872756e+05 -3.300819651148993056e+06
-3.234672877849680837e+06 -4.612470393059174530e+05 2.938637155611214228e+06
-3.402876170546339825e+06 -1.188082812578766374e+06 -4.502200332615750085e+03
2.653741088455273770e+06 1.774181618753565941e+06 2.483479808070054278e+06
-3.015170928626462817e+06 -1.261929577540254919e+06 1.439559780722436728e+06
-2.555387951139369514e+06 2.113472182671263348e+06 1.948354064126294397e+05
8.011384056793533964e+05 7.882933694641664624e+05 -1.515050556265410269e+06
4.166314589728099294e+06 -4.182719491797214141e+05 1.495870129416172160e+06
3.051410497402495705e+06 -2.499109471763676498e+06 -8.477521514313612133e+05
-7.272698972873055609e+05 -1.307672188619964523e+06 1.703570475123401266e+06
1.460105723389730090e+06 8.037248614163021557e+05 1.004641052829291672e+06
-1.707333133093318902e+06 6.966079156036763452e+05 7.825344596908730455e+04
-1.916532783184450236e+05 1.404863932283483446e+06 -2.170855287596060429e+06
1.489950293031086214e+06 1.890722145002037054e+06 -1.406535250699734315e+06
-8.059610702074055735e+04 3.133998635420228238e+05 -2.178549875952445436e+06
3.934120076706962427e+05 1.694906676059915684e+06 2.509859390127348714e+06
1.324179677224878978e+05 1.611987936540521914e+06 6.135576997671070103e+02
1.256694612720055040e+06 4.014096598416969937e+04 -1.577379467586745741e+05
-4.330255826602528396e+04 2.961073110178426141e+05 -1.679603602089583874e+06
-2.535169380920270924e+06 -7.410138514883039752e+05 -1.786129748218915483e+05
9.532357018469381146e+05 -2.105704693383064587e+06 1.268605967711401405e+06
2.932957086186342058e+05 1.222395741613047896e+06 -3.687849717527215253e+05
3.699596580237573944e+06 5.498796027675316436e+05 -1.367185984620956471e+06
1.814762809229816310e+06 -1.953930242247807793e+06 1.303585757343525533e+06
1.538100490585741587e+06 1.522268299526610179e+06 -6.993106870125220157e+05
3.725645774865988176e+06 -2.618031271472877823e+06 -1.925355267598134524e+05
-9.076057875209253689e+04 2.999779379749856889e+06 6.248018974030478857e+05
7.986198153521424392e+05 3.249503177604884841e+06 1.824893031601073453e+06
1.255269299779006280e+06 -1.266818910789537476e+06 4.357431961726190522e+06
-8.351165526539350394e+05 -2.234526609174208716e+06 -3.511008083992091008e+06
2.170485047122870455e+05 6.817119402073362144e+05 3.270206326990170404e+06
-1.096988726348628057e+06 6.366019798643752001e+05 -3.182929925922160037e+06
4.872373092731180077e+04 2.856567859974416904e+06 -1.670459579475040082e+06
-8.983819907963924343e+05 2.680297859798062593e+06 7.927994099805366714e+05
-1.069738674053304363e+06 -2.261396417003617622e+06 -1.277422510883199051e+06
-2.223636695562222041e+06 -2.178500532989129890e+06 -1.539718208333186572e+06
3.004944665131718852e+06 -3.179532003008485481e+04 4.922694066111432621e+05
9.404505156874641543e+05 7.722411114897038788e+05 -6.997847464681891142e+04
2.765168458433407824e+06 2.187883736115836538e+06 -5.194262921272868989e+05
8.432165153469450888e+04 2.662366830705352593e+06 2.811796982864584308e+06
4.256736158258654177e+06 3.380988449950676295e+05 -5.059972540093108546e+04
1.136200143236839445e+06 1.404351215394542785e+06 -1.365992957445967477e+06
3.002147003150645643e+06 -1.704839993132587755e+06 -3.963933070611129049e+06
-1.553188570099115372e+06 1.872141946621952113e+06 9.184377767678076634e+05
3.427717790509902989e+05 -1.539387322216647211e+06 -1.409111759911940433e+06
3.802390254533610307e+06 7.305461588499095524e+05 2.300679087093385460e+05
-9.147014169819116360e+05 -2.432480638721973170e+06 3.569636952647558879e+06
-1.950707848259615945e+06 8.096418308508628979e+05 -9.786392947672224836e+05
-5.609666294604197610e+05 1.701053187195885926e+06 -9.904355864771428751e+05
-2.089109396515072091e+06 2.177170352065207437e+06 -1.944290511857279344e+06
-2.546997964484793600e+06 1.626420908314632834e+05 2.196261028216940816e+06
-2.079308518459421350e+06 -7.832454097449304536e+05 1.470775913070655195e+06
4.311125890527847223e+05 9.448345088386088610e+05 1.190799111470232019e+06
4.907437378827613429e+05 -1.386245318783783354e+06 -1.080110784439881332e+06
8.614990325870984234e+05 -6.548246988122558687e+05 -2.889333438447141554e+06
3.420919079050826374e+06 1.617216916286810301e+05 3.292406514705812559e+06
7.930670227429235820e+05 -5.707469024456720799e+05 2.045647904071074212e+06
-2.354859050496122218e+05 -1.040885397604363679e+05 3.021413626035068650e+06
3.996567701598410029e+06 -2.540330654228240252e+06 3.326537417883985210e+06
3.143733280701085925e+06 1.046814694429570227e+05 -1.123202082221036544e+06
1.581094302582103293e+06 4.623399099419685081e+05 1.147980174948100612e+05
-1.747146309308513766e+06 3.457676786728298757e+06 2.257532690023696981e+06
-4.133822644040675834e+06 4.206179008877594955e+06 3.144096110738957301e+06
2.219406723360041156e+06 2.689220969872806454e+05 3.578236672115006950e+06
-2.839894321751705720e+05 -8.129351472968986491e+05 -3.395865975149413571e+05
2.386591674356973730e+06 -1.881119168880953221e+06 9.423700830253611784e+05
1.043499289657548804e-02 1.545008662260824797e-02 -1.033528028282229040e-02
1.107572167071046824e-02 2.046571876109764751e-02 -8.828534769709278814e-04
-1.034817732197391635e-02 8.757347483780792080e-04 -8.358915203102343719e-03
1.117573995513863709e-02 2.329734141495494806e-02 1.354892045377070579e-02
-3.115862170351598338e-03 -1.116525674258774144e-02 1.882929661537093013e-02
-1.513905259525284534e-02 4.809433699599937120e-03 1.287977092698822969e-02
-1.650242291043402948e-02 6.418406939915914829e-04 5.231655041198744055e-03
1.819266943947805970e-02 -1.062033041610842103e-02 1.873206475710139166e-02
9.519796667551423889e+05 1.482842149716034997e+06 3.194974633212982211e+06
-7.060021868431536714e+05 2.491712030340425263e+05 -1.607036813481463352e+06
9.017744403722533025e+05 -2.013571983752050204e+06 -1.493776987079661572e+06
-1.178240553635907127e+06 1.296923711963841779e+05 -6.147582061320360517e+05
1.376708360483630328e+06 5.138736649764363654e+06 7.693969085611776682e+05
3.126318996526169358e+05 -4.265080029913573526e+05 -2.108832465292748995e+06
-1.813056790168729378e+06 1.536344240767545300e+06 -3.207849054483455257e+05
1.910098882102432661e+06 -3.090086850452216459e+04 1.459974781103803776e+06
-1.967473774142988725e+06 -2.028248949195432477e+06 -1.947032073044110322e+06
1.250546121397060109e+06 9.268264818517677486e+05 -1.060428947016543709e+06
3.243322468275859952e+06 4.320518927633010317e+05 2.046577616004792741e+06
-1.670144903792875353e+06 -2.441763005196108017e+06 -8.073601147899250500e+05
1.617606491683824919e+06 6.249442790814717300e+05 -8.804981183595058974e+05
2.821092412797790021e+06 1.190355050433143042e+06 1.214441694425432943e+06
-2.027240029048422293e+05 -8.937352960749260383e+05 2.913709122477171943e+06
-1.746971729841604829e+05 -3.936534243438845733e+05 -9.541849905936198775e+05
-1.883458726613336708e+06 -1.536369503771929769e+06 -1.885388335114496527e+06
-2.915852039025867358e+06 2.092772254162839381e+06 -7.617055936487152940e+05
-3.067968803693916183e+06 -6.678915640120366588e+05 -1.212426431480341998e+05
4.106934628961012233e+06 3.975284453721843660e+06 1.204210332182550570e+06
-6.187926615698433015e+05 -1.954402989382956177e+06 1.125597131891635712e+06
2.436704309015601873e+06 1.286935040763290366e+06 2.902771830131940544e+06
2.220291683078582399e+06 -1.128155862145625055e+06 -6.133693153648440784e+03
3.653569787749503739e+06 3.251614849942169152e+06 2.165687608268455602e+06
-2.161617440577247646e+06 1.360431715834632050e+06 -3.194409797949880362e+06
7.349704746728996979e+05 3.013802082367626950e+06 -7.188603949647429399e+05
-1.357779589563610731e+06 2.091744308145533083e+06 5.728858877881465014e+05
1.674938861249172827e+06 2.037427277228801977e+06 -4.715676415101119201e+05
-1.720043781707153423e+06 -2.117657283910793252e+06 -1.199847958024926018e+06
-2.055970551326624816e+06 -1.028118397537014098e+06 8.235546010307932738e+04
-1.662065956451587146e+06 6.420410147924809717e+05 -2.132930490710692015e+06
1.219898370029899990e+06 -5.041465858862128109e+06 2.192241924466897035e+05
-1.573820978736592690e+06 -4.845798240964806639e+06 1.862624104971003486e+06
3.077698405322016333e+05 2.405043442868269049e+06 1.711269112164724851e+06
2.279951397259127116e+05 -2.829662314040930476e+06 1.915254244218905922e+06
-1.839268692901437404e+06 -1.410515345350380521e+06 -3.057513632582712453e+06
1.699563670690384693e+06 6.416154374666464282e+05 -1.453152075004500337e+06
7.247176538864015602e+05 7.200440061948280782e+05 -2.181373789937601890e+06
-3.498478807323082350e+06 1.020273507068502367e+06 -1.948677542350313859e+06
-3.628029515459907125e+05 -2.223631595465017948e+06 2.270246427071928047e+06
2.948032058111622930e+06 -2.366203838503217790e+06 1.021347377458226169e+06
1.291254844727623975e+06 -1.380834129270876758e+06 -1.317369003166983137e+06
2.760258925261158030e+06 1.045876173573522596e+06 -1.042143449570133234e+06
7.679616686559043592e+05 4.308825958067433676e+05 3.002216916189538315e+06
-9.053586470027042087e+05 -1.613796549186715856e+06 -1.879937971738573629e+06
-1.881684029996029101e+06 7.457580323640443385e+05 2.571528814073849935e+06
3.523115386008204427e+06 -9.403576686618207023e+05 -1.263628337912051007e+06
2.663814206881741993e+06 -1.595947520091295242e+06 -1.647497562861383427e+06
6.111538742936903145e+05 1.392603542679175967e+06 1.769595736707960023e+06
8.334719635315784253e+05 -1.543836709863490425e+06 7.992657010532525601e+05
-1.652248538489589235e+06 -3.630631635208031628e+06 -3.746257027831477113e+06
9.453469624077408807e+05 2.606109475245883223e+06 -8.430325178196687484e+05
1.519385639859733172e+06 -6.748768110133666778e+05 1.328647812383220065e+06
4.874058799780812114e+05 -3.413046403142483439e+06 1.617835184389709728e+06
1.357986778485867893e+06 -1.568733249723040266e+06 -5.049488223039273871e+05
-2.957992850496497937e+06 -2.127285981349209324e+06 -1.848107699910289142e+06
-2.013755483198848320e+06 -6.117050277679073624e+05 4.517387406295914116e+04
-1.255563610501781339e+06 -1.190526395952407736e+06 1.074705910002024379e+06
3.377188595592251047e+06 1.927618277163065504e+06 -2.002814028008207446e+06
2.947263558237867430e+06 2.412304126900949050e+06 1.394016357763218402e+05
2.000436822739660041e+06 -1.231026644637654768e+06 1.732058333244756795e+06
2.191082429514181800e+06 1.780821590677256929e+06 -2.045005295767622767e+06
1.851996906463810476e+06 -1.263971737576744985e+06 -8.597169528524859343e+05
-6.205317271705588792e+05 -1.454070830517848255e+06 -2.959512900269767269e+05
1.482183647207782604e+06 1.877595666072979104e+06 1.998123958858819242e+04
-9.589542029366609640e+05 2.181613859486480244e+06 -3.852133641425484093e+05
1.202062172479513334e+06 -1.262674387510257773e+06 -2.021436820701998658e+06
1.808238475196779473e+06 2.361462490550742485e+06 -1.039997722452043672e+05
3.105273752451601438e+06 -2.500634284901293460e+06 -3.303425634602203500e+06
-7.080613752863660920e+05 -1.127117839743895223e+06 1.975956308608348947e+06
2.129465623330019414e+06 8.659373285834179260e+05 -6.850147512685230467e+05
-7.310829822613515425e+05 -9.574645517692734720e+05 -1.078815646997121861e+06
-1.139873867904800223e+06 -8.891019942031824030e+05 1.523029527014434105e+06
-4.462354089322741493e+05 3.994759655524950940e+06 9.385372227362571284e+05
5.158832728616914828e+05 -2.387791264953446516e+05 -1.460019788576073479e+06
-2.095353002259526402e+06 9.528802148218714865e+05 2.491663557302182540e+06
-3.934370390103632235e+04 -1.661895743633138773e+05 6.473695246242324356e+05
-9.086433504223967902e+05 -1.756837948031722801e+06 -1.794733924212641316e+06
-1.886947587199503090e+06 -1.621810191815424245e+06 1.627877576309536817e+05
2.694142924514910555e+05 3.339880237263612449e+06 -2.089478496214627521e+06
3.214842265113056172e+06 1.231234705804290017e+06 -2.315947011526331771e+06
-3.010753977091240813e+05 2.184005505862766411e+06 -1.181389780764330877e+06
1.647010491468988391e+02 -6.844024674721189076e+05 -1.326015180004019290e+06
-8.687907632728125900e+05 -4.759608904573108070e+06 3.237180330007424578e+06
-4.831946798359715380e+06 -1.677784148684886983e+06 -2.237252260901633184e+06
2.079324244494525483e+06 2.127051489339012187e+06 1.714939830324166222e+06
-6.339720765070035122e+04 -2.437389229135471396e+06 2.111062452888152096e+06
-1.515163373430527281e+06 1.324339307993680704e+06 2.230054414367766585e+06
-1.489270947489028331e+05 7.887043316659361590e+05 -1.857050550198702142e+06
-2.899362532350533642e+06 -2.268398704783785623e+06 -8.519491934124925174e+05
1.655536792602604721e+06 -8.873973481086730026e+05 -1.658274802819321922e+05
-2.801028493678624276e+06 -4.673208884508197661e+04 -3.187104837890142109e+06
8.483417479181414237e+05 -3.979997428040964063e+06 -1.774671960829185788e+06
-3.620167596645698883e+06 -1.767729531506314175e+06 1.192042696688730968e+06
-1.094906984817455756e+06 4.791600726978556253e+06 -2.578702899897305295e+06
-2.643501440302771982e+06 -2.180318909933968447e+06 1.629174504928371869e+06
-1.018536934662678512e+06 -2.525768082342581823e+06 9.902868946368336910e+05
3.244483526648581028e+06 -2.550977257438395463e+04 5.861831577209865209e+05
3.117527469862258295e+05 1.530440592129720142e+06 1.838580760929514188e+06
1.976039827383886091e+06 -1.193972350341969868e+06 -2.681715982827887870e+06
1.541271421163078863e+06 1.889068704929848900e+06 4.743161394653856754e+06
-1.758036634023687337e+06 -8.924544021139502292e+05 1.870928421803648584e+06
5.178590745031229453e+05 1.557653014745475957e+06 2.083828097598525928e+06
-1.355774268798382877e-04 -1.163078923565761050e-02 -7.756409449133195612e-03
-2.478950802109714316e-03 -8.308568404362358384e-03 -1.338734826213255208e-02
-6.482630867169752314e-03 -8.904948346105778789e-03 -1.451988188553061943e-02
-1.309780374123147191e-02 -2.173246047392326814e-03 1.994844598332255053e-02
-5.489027357976529117e-03 -3.662719481009396854e-03 4.667768647256846301e-03
-7.842357631149200065e-03 1.056751747827683677e-02 1.328517158038815607e-02
2.237145267547659827e-02 -4.096749105460407124e-03 -1.328284321943685661e-02
1.443716377796196160e-02 -9.986920911297259701e-03 9.754602228780266671e-03
2.834782862777846400e+06 2.606821987266938668e+05 -3.327079004679897800e+06
1.576018286745163146e+06 6.984689516168844420e+05 -7.085104028252556454e+05
7.924030166875822470e+05 3.990080309528891812e+05 -6.240197133167219581e+05
-9.662408036215681350e+05 8.933212918714105617e+05 2.430996916419012938e+06
-2.241718823719779029e+06 -7.988664842684724135e+04 -7.389342157676283969e+05
1.693752949881981825e+06 -1.945106068141648080e+06 3.264108335926286527e+05
5.245526947705782368e+04 1.450743951372796670e+06 -1.960404509334292961e+06
2.894587575628219172e+06 -3.393825023481660057e+06 8.612876499155958882e+05
-4.679587554804359679e+05 6.945035172146762488e+05 1.993212125754751964e+06
2.935990899178857449e+06 4.601439228872319800e+05 -3.388102868688636459e+06
3.403032804696604144e+06 3.480883532606717199e+06 -3.768899402181626065e+05
-8.399980398916306440e+05 -2.528162943730576895e+06 -1.864864683846928179e+06
1.325674669425731990e+06 1.377214209774265066e+06 -2.300265967419784516e+06
-8.223118757923514349e+05 -1.638141410939788911e+06 -3.251483283229591907e+05
-2.375242700856892858e+06 -1.132949366824179422e+06 -1.539862713907479541e+06
1.987010542917324463e+06 -1.756639373181277188e+06 -2.127924338171591982e+06
1.234919041602282319e+06 2.418591697404076811e+06 1.606483114413208328e+06
2.979763419591980986e+06 -2.361892021541092079e+06 1.601156010347388219e+06
-1.846006498755922774e+06 2.158934423398200888e+05 1.078901035787027562e+06
7.720959829178369546e+04 2.203086823610852472e+06 9.518118233491809806e+05
1.349993938122795895e+06 1.345638348624210805e+06 -2.995326033103475813e+06
4.051048644358429592e+05 1.360863061926165246e+05 -2.140849863562020473e+06
2.412630565200958867e+06 -2.073105800529563858e+05 1.903695291897236893e+05
1.090570737516419031e+06 -1.929240242543021915e+06 2.446993623383731581e+06
-8.105031353497557575e+05 3.662078001624163706e+06 -1.343254620770851616e+06
2.173535117183175404e+06 7.160530313599815127e+05 3.689653087818929926e+06
1.140221391390607692e+06 -6.500840569448630558e+05 -1.508252847874840489e+06
1.724697171817273134e+06 -2.292431206010604277e+06 2.136865602756184991e+06
2.296907448176321341e+05 -1.776535760205344995e+05 8.261246814825328765e+05
-2.205029028642892372e+06 -1.631442921568599762e+06 -1.323596919939737301e+06
-4.138990124832078582e+05 -6.885359111209315015e+05 5.765930590848502470e+05
-1.282064404592074454e+06 3.384777946086781099e+06 -2.638520294854952954e+06
2.153343830077460501e+06 -2.237694073680706788e+06 1.034958413042539498e+06
-4.608773827992951847e+05 1.379732195725790923e+06 6.675331829385813326e+05
1.111712206004550448e+06 1.152060963331333362e+06 -4.606874822780199465e+05
1.574564901720371796e+06 -1.853967583561903564e+06 -1.616068996667579981e+06
1.645133156592184212e+06 -2.301603619076052215e+06 3.012985746757811867e+06
-3.679626149617004208e+06 -4.329325511464069597e+06 -1.997341431432253448e+06
3.816061395840951009e+05 2.027891214761355892e+06 -1.899641723235256737e+06
7.737393346897369483e+05 -2.713224106618689373e+06 1.160748934755976545e+06
9.100519971232746029e+05 -4.063797997189420275e+06 2.391832640698541218e+04
-1.544592708346480969e+06 1.886143234863999300e+06 -7.476662280997131020e+05
5.347740969338032301e+04 2.104179157558585517e+06 -1.241363275721915066e+06
1.479960843951776391e+06 -3.739522410084160510e+06 3.403309051024044398e+06
1.933299458928828593e+06 1.591770235915420344e+06 1.494132797923174221e+06
4.499828716338313185e+06 9.743973365250127390e+05 -1.110201154741112841e+06
-1.876421943033495918e+06 -1.275355939781156369e+06 1.327389618358853273e+06
-1.464688434101434890e+06 -1.444847517358595971e+06 3.823226558263181942e+05
-7.660381271362750558e+05 -1.609184038072471274e+06 4.241517881797779119e+05
3.161060778392183594e+06 -7.731189441482754191e+05 6.576220696260225959e+05
1.512242883866568096e+06 5.915188906799136894e+05 4.981915053305287147e+05
9.166113892244413728e+05 6.497312171912709018e+05 -1.777049415056796977e+06
-1.499813124246040359e+06 -1.757591547494564671e+06 -1.262050208782324102e+06
-2.843141728107263916e+05 -2.251463996777770575e+06 -3.759456666426816373e+05
-6.048445288425760809e+05 2.439310111474086996e+06 2.362031225428042468e+06
1.139954708060339792e+06 -6.088783300547340186e+05 -2.029402373195201857e+06
8.357746211707179900e+05 -1.751139547581037041e+06 2.570056259655523114e+06
2.074790460369055800e+05 -7.482613425825671293e+05 2.164993744231056888e+06
1.227650937772595556e+06 2.432955887847469654e+06 -3.118149261630100591e+04
-2.034635789191842778e+06 -3.583708548412760138e+05 -2.950457974503149744e+06
-2.425487912679931615e+06 1.486362286518471316e+06 1.669528172698153416e+06
8.691235000692221802e+05 7.626172963760407874e+05 -1.304688355636913766e+05
-3.924594296692648786e+05 1.513135052993682213e+06 -1.672122682999609737e+06
3.479959284663224127e+06 1.999117056349247694e+06 3.232158959709346760e+06
2.093226210985253565e+06 -6.767318154966454313e+04 4.337956627983273938e+05
7.185637999245920219e+05 -1.913172368763958337e+06 -3.315792171974342200e+05
5.049044067886295961e+05 8.068279309638153063e+05 2.267307725321386475e+06
1.006770888360469369e+06 -1.854490417148543522e+06 8.249711212567008333e+05
1.882216252525758697e+06 -1.666151886494774604e+06 -1.218083401827142341e+06
-1.885115764251339948e+06 2.437317852565518115e+06 -3.902418283592639491e+05
2.675944777551608626e+06 -2.040658416660491377e+06 1.818604264737635618e+06
6.047468679941432783e+05 -2.047687534697076073e+06 -4.805937080302169779e+05
-2.391580207064470276e+06 -1.361679710192194441e+06 -5.889984833513336489e+05
9.541187211126777402e+04 -2.333076776100394782e+06 2.305682470100369770e+06
-8.535423047749367543e+05 2.003110883055840153e+06 -1.743086998938079923e+06
-1.164384044193752343e+06 9.609800642469640297e+04 1.062329715472628130e+06
-1.479475055119367084e+06 1.106676022483430337e+06 1.918132061510034604e+06
3.226377173294911161e+06 -1.276520327555129305e+06 2.863578234035127680e+05
5.989947613666387275e+06 -2.594535907216458872e+05 -3.435179713622097857e+06
-2.193441249813711271e+06 2.035355141763603082e+06 8.599872641964474460e+05
-1.653575847246309742e+06 -1.569980135426842840e+06 1.958807301265785005e+06
2.626105431976698805e+06 -3.785872562507047318e+06 7.176700746003094828e+05
-1.998462075509946328e+06 -1.692629525861203205e+06 -3.616804169095702819e+05
1.745934850191254867e+06 1.597607840531645808e+06 -2.575801115421245340e+05
1.090117120086982613e+06 1.990094588205532404e+06 -1.971259834851162275e+06
1.955153480529711349e+06 -3.710669013211348560e+06 -2.418046550820191391e+06
-1.571860075258228462e+06 2.089466160102939932e+06 1.431627767266087700e+06
1.521405879625679925e+06 2.695748145901053795e+05 1.053291095371788135e+06
4.317201069558893330e+06 -2.289422297204337548e+06 -2.088126056526173488e+05
-2.784139540899578948e+06 -2.898665757888252847e+06 9.379296992139591603e+05
-3.739312882158489083e+05 2.361674581702811178e+06 -3.176623191339249257e+06
2.483551110401217826e+06 6.865505924310905393e+05 2.535904814021943137e+06
-8.805354357618675567e+05 -4.243034169274643064e+06 -1.559986983138181036e+06
1.466812148063230561e+05 3.301894412993900012e+06 -3.763672245311183855e+06
-2.752892820951845031e+06 -1.877850295725256205e+06 -9.523972422881316161e+05
2.006253658025784185e+06 2.144743179582505021e+06 1.637783358888942283e+06
-9.110847804803125327e+05 2.702147950787948444e+06 -1.236964515589815797e+06
1.060799628936404129e+06 -8.324120736075285822e+05 2.055651124810727313e+06
-3.021440378247778863e+06 1.779388966391249327e+06 2.676915299473398365e+06
-1.997907404284134274e+06 6.739844498422121396e+05 1.304498307019838365e+06
8.048984760510792257e+05 -7.496587309721846832e+05 -6.754627541459742934e+05
1.717310415762502933e+06 -1.623757241927494062e+06 -1.291584168344404083e+06
-2.311079114788320381e+06 2.761464904808034189e+06 8.751084324070296716e+05
-1.600637601046472322e+06 9.195041850123259937e+05 1.161612264252391178e+06
5.637293687210249482e+05 3.030542031459439080e+06 -2.576519690257626120e+06
6.423709990351507440e+05 3.938447517647787463e+05 -8.765823012943186768e+03
-5.637821649397339206e+05 5.424151250652647577e+05 -2.377561303353951778e+06
-1.141349395270323381e+06 -1.484707052048363723e+06 9.680427903853574535e+05
-2.968889098278495949e+06 -2.460004642887814436e+06 -7.880547219117661007e+05
7.741463394303020323e+05 1.296973384421382798e+06 -5.718120106048438465e+05
1.048964802701934241e+06 -2.109895809860697016e+06 1.347288759845501045e+05
1.206478157044969033e+06 -3.580735007454620674e+06 9.885824708528837655e+05
-8.966540828634094214e+04 -2.093352831527711591e+06 -2.288466056639599265e+05
-6.384911912987618707e+05 -9.089950647152072634e+03 2.693023126476201229e+06
-1.545690470767997904e+06 -1.945345602879813814e+05 -7.092547813622277463e+05
-1.431125745184588712e+06 6.161248242564949905e+05 1.166727719513159973e+05
-2.474751312350776512e+06 2.871783087784806732e+06 -1.031219206122788746e+05
-1.273321344121296657e+06 3.374943363448250573e+06 1.808481962293401361e+06
-1.538478286381867714e+06 3.456494576395008480e+05 1.881871388740525581e+06
4.759110153047800995e+06 -1.826345962105261860e+06 -5.597028523736256175e+05
1.243167888222053880e+06 1.891212100523741101e+05 2.468807818844139576e+06
-3.053275285739578307e+06 -2.920423725281739607e+06 -3.569756939107223414e+06
-1.102603933937105117e+06 1.969128582673658617e+06 1.617368271317273844e+06
-2.389283840154391713e+06 -1.845897191459728929e+05 7.687724374131293735e+05
-1.536677950554478215e+06 1.304775874088889686e+06 1.727030586132678203e+06
1.772926856176057598e+06 -1.610431489235395100e+06 2.830380020745501854e+06
1.749054820503539639e+06 1.849928758334437385e+06 -1.628693171484352322e+06
-3.307641903085426893e+05 1.568770363621803699e+06 1.699001889115353813e+06
2.424891562706715486e+05 2.992176633705274202e+06 -3.960913678556691157e+05
-2.126160734887647908e+06 -4.425680054075652733e+06 -8.646019372676921776e+05
-1.143106314830638279e-02 1.207857688533251622e-02 -5.450073188585501972e-03
-6.581809693927431239e-03 1.702661183654806051e-02 -1.104841568498500341e-02
