-1.273335200000000000e+07 -7.327043840000000000e+08 -7.798818400000000000e+07
-1.273335200000000000e+07 -7.327043840000000000e+08 -7.798818400000000000e+07
-1.273335200000000000e+07 -7.327043840000000000e+08 -7.798818400000000000e+07
-1.273335200000000000e+07 -7.327043840000000000e+08 -7.798818400000000000e+07
-1.273335200000000000e+07 -7.327043840000000000e+08 -7.798818400000000000e+07
-1.895406208000000000e+09 1.332936064000000000e+09 1.110448080000000000e+08
-1.433073024000000000e+09 8.527780480000000000e+08 1.205561280000000000e+08
-1.660584576000000000e+09 1.357696640000000000e+09 4.652304640000000000e+08
-2.931809024000000000e+09 2.734279424000000000e+09 7.753179520000000000e+08
-2.238047488000000000e+09 1.572593792000000000e+09 4.514728000000000000e+08
-1.407657856000000000e+09 7.239708160000000000e+08 1.679581920000000000e+08
-9.815135360000000000e+08 3.056769920000000000e+08 4.300396400000000000e+07
-1.008185792000000000e+09 3.354112000000000000e+08 7.116848000000000000e+07
-1.539385088000000000e+09 8.982430080000000000e+08 2.405317440000000000e+08
-1.420166272000000000e+09 8.246570880000000000e+08 7.624584000000000000e+07
-1.915867264000000000e+09 1.459891584000000000e+09 7.939941760000000000e+08
-1.019762240000000000e+09 3.680301440000000000e+08 8.290777600000000000e+07
-8.469572480000000000e+08 1.506715840000000000e+08 2.317104200000000000e+07
-7.664785920000000000e+08 9.427038400000000000e+07 1.523382000000000000e+07
-1.671991808000000000e+09 8.782269440000000000e+08 2.420505920000000000e+08
-1.093890944000000000e+09 3.649755840000000000e+08 1.635160800000000000e+08
-1.310468864000000000e+09 5.287122880000000000e+08 1.831637120000000000e+08
-1.225954304000000000e+09 5.006648640000000000e+08 8.001907200000000000e+07
-1.407959040000000000e+09 6.415992960000000000e+08 2.593188480000000000e+08
-1.510227840000000000e+09 8.448748160000000000e+08 2.881208960000000000e+08
-1.498691072000000000e+09 7.788793600000000000e+08 1.088578080000000000e+08
-1.077386496000000000e+09 3.608903360000000000e+08 1.346101440000000000e+08
-1.189405568000000000e+09 5.587769600000000000e+08 2.934780800000000000e+08
-2.364240896000000000e+09 1.981439744000000000e+09 7.297397760000000000e+08
-1.373315456000000000e+09 6.867325440000000000e+08 5.178514000000000000e+07
-1.149397248000000000e+09 4.331528000000000000e+08 1.077708880000000000e+08
-1.247112064000000000e+09 5.227919040000000000e+08 2.228739040000000000e+08
-1.627617024000000000e+09 1.072143360000000000e+09 5.448024320000000000e+08
-2.032256256000000000e+09 1.330785280000000000e+09 5.124233280000000000e+08
-1.095928192000000000e+09 3.998286720000000000e+08 3.624143600000000000e+07
-1.520247040000000000e+09 9.696103680000000000e+08 9.661573600000000000e+07
-8.428344320000000000e+08 1.823382240000000000e+08 1.478754080000000000e+08
-9.601463040000000000e+08 2.563495040000000000e+08 1.200243920000000000e+08
-1.467360000000000000e+09 6.879944960000000000e+08 3.341090880000000000e+08
-8.493142400000000000e+08 1.730710880000000000e+08 7.088940000000000000e+07
-1.382897152000000000e+09 6.765440640000000000e+08 1.565310400000000000e+08
-1.060083392000000000e+09 3.929964800000000000e+08 3.233520640000000000e+08
-7.823154560000000000e+08 1.034346720000000000e+08 8.685030400000000000e+07
-1.198091520000000000e+09 3.992999680000000000e+08 2.175892960000000000e+08
-1.498542976000000000e+09 7.413212160000000000e+08 2.430677120000000000e+08
-1.430394624000000000e+09 6.852065280000000000e+08 1.109137840000000000e+08
-9.216568320000000000e+08 2.395314400000000000e+08 8.362505600000000000e+07
-9.623841280000000000e+08 2.315641120000000000e+08 2.697618240000000000e+08
-9.707451520000000000e+08 2.205743200000000000e+08 1.183375360000000000e+08
-1.212662784000000000e+09 5.316217600000000000e+08 1.756876960000000000e+08
-1.527429248000000000e+09 7.713416960000000000e+08 2.882879680000000000e+08
-2.006051200000000000e+09 1.356284672000000000e+09 9.245898240000000000e+08
-1.471534720000000000e+09 7.301763200000000000e+08 1.968703360000000000e+08
-1.561505024000000000e+09 8.148760320000000000e+08 2.653528320000000000e+08
-8.374414080000000000e+08 1.365737920000000000e+08 8.570336800000000000e+07
-8.833078400000000000e+08 1.765524640000000000e+08 9.007237600000000000e+07
-1.728090496000000000e+09 1.018371712000000000e+09 3.714414720000000000e+08
-1.135086080000000000e+09 4.222270400000000000e+08 1.512455040000000000e+08
-9.488007680000000000e+08 2.690011840000000000e+08 9.495151200000000000e+07
-1.150528000000000000e+09 4.410914240000000000e+08 1.544848640000000000e+08
-2.071132544000000000e+09 1.335113600000000000e+09 7.013539840000000000e+08
-1.218577024000000000e+09 4.717513280000000000e+08 2.001427680000000000e+08
-7.395214720000000000e+08 1.069336000000000000e+08 1.145171120000000000e+08
-7.508707840000000000e+08 1.250840800000000000e+08 1.165379680000000000e+08
-6.555388160000000000e+08 1.094412300000000000e+07 8.984360800000000000e+07
-1.164731776000000000e+09 4.210936640000000000e+08 2.011344160000000000e+08
-7.714683520000000000e+08 1.439901280000000000e+08 6.864056000000000000e+07
-6.640289920000000000e+08 2.878481600000000000e+07 6.460477600000000000e+07
-1.046184384000000000e+09 3.664814080000000000e+08 2.406834560000000000e+08
-7.837697280000000000e+08 1.144504160000000000e+08 8.205937600000000000e+07
-1.358126592000000000e+09 6.409321600000000000e+08 2.763465600000000000e+08
-9.369799040000000000e+08 2.190339200000000000e+08 1.458107040000000000e+08
-1.046459968000000000e+09 3.355857920000000000e+08 2.816950400000000000e+08
-8.606064640000000000e+08 2.248001920000000000e+08 1.051252640000000000e+08
-1.141978624000000000e+09 3.813682240000000000e+08 3.079625920000000000e+08
-1.370514432000000000e+09 6.723390720000000000e+08 7.019740000000000000e+07
-8.571653120000000000e+08 1.842439040000000000e+08 1.354656960000000000e+08
-6.985644800000000000e+08 5.181008000000000000e+07 1.086697120000000000e+08
-1.074248960000000000e+09 3.891457920000000000e+08 2.034238080000000000e+08
-8.720171520000000000e+08 1.623513120000000000e+08 1.490664640000000000e+08
-1.058793344000000000e+09 3.567891200000000000e+08 2.522751680000000000e+08
-6.993354880000000000e+08 5.405227200000000000e+07 1.003289840000000000e+08
-5.734228480000000000e+08 -5.869767200000000000e+07 1.116025520000000000e+08
-9.003531520000000000e+08 2.252916800000000000e+08 2.080300960000000000e+08
-1.076121344000000000e+09 4.127632320000000000e+08 2.249505600000000000e+08
-9.462953600000000000e+08 3.693015680000000000e+08 2.859142080000000000e+08
-7.102049920000000000e+08 1.540981920000000000e+08 1.352073760000000000e+08
-1.149920768000000000e+09 4.617424960000000000e+08 2.665770720000000000e+08
-9.382082560000000000e+08 2.631480000000000000e+08 1.989983200000000000e+08
-5.656610560000000000e+08 -8.857291200000000000e+07 8.935488000000000000e+07
-7.267304320000000000e+08 -1.808776800000000000e+07 1.188374400000000000e+08
-6.517342720000000000e+08 -2.675627400000000000e+07 1.991010080000000000e+08
-8.572716160000000000e+08 2.063578240000000000e+08 1.507247200000000000e+08
-8.981473280000000000e+08 1.844987360000000000e+08 2.543589600000000000e+08
-5.405228800000000000e+08 -9.615519200000000000e+07 8.095755200000000000e+07
-8.519984640000000000e+08 1.690730240000000000e+08 1.731668640000000000e+08
-1.394553216000000000e+09 6.956178560000000000e+08 2.322487840000000000e+08
-7.361998080000000000e+08 6.838747200000000000e+07 1.320484800000000000e+08
-7.013603200000000000e+08 4.468598400000000000e+07 1.445110720000000000e+08
-1.371621888000000000e+09 5.969929600000000000e+08 4.162132160000000000e+08
-1.008134720000000000e+09 2.884100160000000000e+08 1.874575520000000000e+08
-1.215654784000000000e+09 5.399771520000000000e+08 2.160935680000000000e+08
-7.100630400000000000e+08 -2.085196600000000000e+07 1.107613440000000000e+08
-4.393014720000000000e+08 -2.011012640000000000e+08 5.613616800000000000e+07
-1.428001408000000000e+09 6.373520640000000000e+08 2.106738400000000000e+08
-7.736210560000000000e+08 1.615217440000000000e+08 1.649135360000000000e+08
-1.021146880000000000e+09 3.513624640000000000e+08 2.774360960000000000e+08
-8.205859200000000000e+08 9.837653600000000000e+07 2.089298240000000000e+08
-9.442527360000000000e+08 2.704048000000000000e+08 2.703649280000000000e+08
-5.713427200000000000e+08 -1.046951120000000000e+08 1.336848080000000000e+08
-6.756794880000000000e+08 -1.238282500000000000e+07 1.724599360000000000e+08
-5.479352960000000000e+08 -8.107348000000000000e+07 1.053374240000000000e+08
-1.116720640000000000e+09 4.669231040000000000e+08 3.106632960000000000e+08
-8.706657920000000000e+08 1.896649440000000000e+08 1.034200720000000000e+08
-1.025391488000000000e+09 2.640199840000000000e+08 2.237624960000000000e+08
-9.147777280000000000e+08 2.366412320000000000e+08 2.386474880000000000e+08
-6.593335680000000000e+08 1.447620100000000000e+07 1.600680000000000000e+08
-4.606170560000000000e+08 -1.747380160000000000e+08 1.783684320000000000e+08
-5.807735040000000000e+08 -2.926769000000000000e+07 1.519268480000000000e+08
-6.220385920000000000e+08 -6.356965000000000000e+06 9.989539200000000000e+07
-6.811450240000000000e+08 3.055422800000000000e+07 1.220134080000000000e+08
-7.170540160000000000e+08 6.401685200000000000e+07 2.200392320000000000e+08
-5.220644480000000000e+08 -7.538204800000000000e+07 1.282418720000000000e+08
-6.840147840000000000e+08 2.394612000000000000e+07 1.146943840000000000e+08
-7.694808960000000000e+08 1.346490400000000000e+08 2.659153920000000000e+08
-7.065632640000000000e+08 -2.296164500000000000e+06 1.687633120000000000e+08
-7.421411840000000000e+08 8.129192000000000000e+07 2.183329600000000000e+08
-4.395591680000000000e+08 -1.697320480000000000e+08 1.046452480000000000e+08
-4.084976960000000000e+08 -1.824620160000000000e+08 9.316336800000000000e+07
-4.654348800000000000e+08 -1.839943200000000000e+08 1.558356800000000000e+08
-6.538588800000000000e+08 6.564129200000000000e+07 1.878396960000000000e+08
-1.088113024000000000e+09 4.823786880000000000e+08 1.289000640000000000e+08
-5.997841920000000000e+08 1.786990560000000000e+08 3.230015360000000000e+08
-6.601521920000000000e+08 7.524716000000000000e+06 2.179837280000000000e+08
-5.439510400000000000e+08 -5.224273000000000000e+06 1.567358240000000000e+08
-4.356069440000000000e+08 -1.627038080000000000e+08 9.193656000000000000e+07
-5.363755520000000000e+08 -7.068592000000000000e+07 6.785696000000000000e+07
-1.038607616000000000e+09 4.878218880000000000e+08 3.480547520000000000e+08
-6.879060480000000000e+08 1.330646800000000000e+08 1.568814560000000000e+08
-4.985871680000000000e+08 -8.109157600000000000e+07 8.033456500000000000e+06
-4.941254080000000000e+08 -1.730485250000000000e+06 1.675996480000000000e+08
-4.201069120000000000e+08 -9.759022400000000000e+07 1.295921760000000000e+08
-3.751482880000000000e+08 -1.991756800000000000e+08 6.945391200000000000e+07
-4.997246080000000000e+08 -6.995880800000000000e+07 -1.672284000000000000e+06
-3.719757440000000000e+08 -2.305933440000000000e+08 4.623398800000000000e+07
-4.778552320000000000e+08 -1.218083120000000000e+08 8.642492800000000000e+07
-4.253866240000000000e+08 -1.467575360000000000e+08 7.800168000000000000e+07
-4.774695680000000000e+08 -7.900144800000000000e+07 1.007733680000000000e+08
-4.718093440000000000e+08 -7.681645600000000000e+07 1.002579280000000000e+08
-5.058656000000000000e+08 -8.258956000000000000e+07 1.406454240000000000e+08
-4.135273280000000000e+08 -1.693460480000000000e+08 7.739827200000000000e+07
-5.183950400000000000e+08 -6.490197200000000000e+07 1.254128320000000000e+08
-7.889018240000000000e+08 2.463900800000000000e+08 4.594307200000000000e+08
-5.230433920000000000e+08 -1.616000300000000000e+07 1.557762720000000000e+08
-4.604937920000000000e+08 -8.073448000000000000e+07 1.857897920000000000e+08
-7.597690880000000000e+08 2.411549120000000000e+08 2.256935360000000000e+08
-9.560697600000000000e+08 4.844011840000000000e+08 2.744416960000000000e+08
-4.307961600000000000e+08 -1.132190640000000000e+08 8.434689600000000000e+07
-4.938366400000000000e+08 -7.997124800000000000e+07 1.286035280000000000e+08
-4.199682560000000000e+08 -1.581693760000000000e+08 1.104819680000000000e+08
-5.429557120000000000e+08 -8.063091200000000000e+07 1.281825120000000000e+08
-4.524203200000000000e+08 -1.279242400000000000e+07 8.195426400000000000e+07
-3.068521920000000000e+08 -2.408113760000000000e+08 7.575220000000000000e+07
-3.697066240000000000e+08 -1.239583600000000000e+08 1.019089520000000000e+08
-3.221476160000000000e+08 -1.615634720000000000e+08 1.132246960000000000e+08
-5.399862400000000000e+08 -3.025098600000000000e+07 1.090309840000000000e+08
-5.225245760000000000e+08 -8.230216875000000000e+05 1.716166880000000000e+08
-3.658112000000000000e+08 -1.874371840000000000e+08 9.464872000000000000e+07
-3.103118400000000000e+08 -2.017200000000000000e+08 1.064403520000000000e+08
-8.189811840000000000e+08 2.674656000000000000e+08 6.748469120000000000e+08
-3.735834880000000000e+08 -1.673352800000000000e+08 6.041213600000000000e+07
-2.898486720000000000e+08 -2.763292800000000000e+08 5.061130000000000000e+07
-3.276323520000000000e+08 -2.277973280000000000e+08 7.366676000000000000e+07
-5.812998400000000000e+08 7.101312000000000000e+07 2.169821440000000000e+08
-4.741329600000000000e+08 -9.993309600000000000e+07 1.076256640000000000e+08
-4.394556800000000000e+08 -1.074035680000000000e+08 1.436561440000000000e+08
-3.311433920000000000e+08 -2.120494080000000000e+08 7.602052000000000000e+07
-4.767982080000000000e+08 -7.445836000000000000e+07 1.497240800000000000e+08
-5.034154880000000000e+08 -1.904662000000000000e+07 1.044103840000000000e+08
-3.355200960000000000e+08 -1.817325120000000000e+08 1.372213440000000000e+08
-4.504410880000000000e+08 -7.073989600000000000e+07 5.235656800000000000e+07
-2.693130880000000000e+08 -2.517479040000000000e+08 5.940812400000000000e+07
-4.831723200000000000e+08 -1.249312160000000000e+08 1.496503200000000000e+08
-2.240843040000000000e+08 -3.341967040000000000e+08 4.700373200000000000e+07
-4.101235520000000000e+08 -1.158627520000000000e+08 9.545490000000000000e+06
-4.655020160000000000e+08 -1.202977040000000000e+08 1.649939200000000000e+08
-3.272431360000000000e+08 -2.327438880000000000e+08 4.193033200000000000e+07
-3.294640640000000000e+08 -2.168849120000000000e+08 6.022999200000000000e+07
-2.896271040000000000e+08 -2.663812000000000000e+08 3.724813600000000000e+07
-3.533666560000000000e+08 -2.721087360000000000e+08 4.265170400000000000e+07
-5.445239040000000000e+08 -7.563397600000000000e+07 1.730393440000000000e+08
-2.716611520000000000e+08 -2.216454880000000000e+08 5.307768800000000000e+07
-6.423418880000000000e+08 4.034335200000000000e+07 7.818458400000000000e+07
-4.144623040000000000e+08 -1.078477680000000000e+08 1.732177120000000000e+08
-3.483279040000000000e+08 -2.333197120000000000e+08 8.902624800000000000e+07
-5.333690880000000000e+08 -1.428629120000000000e+08 1.462415040000000000e+08
-3.390638080000000000e+08 -2.388232000000000000e+08 7.356618400000000000e+07
-3.552649600000000000e+08 -1.532715040000000000e+08 7.634280800000000000e+07
-6.998902400000000000e+08 2.591752320000000000e+08 2.523368800000000000e+08
-2.451811360000000000e+08 -1.927589440000000000e+08 1.574611520000000000e+08
-2.558423200000000000e+08 -2.691814080000000000e+08 6.695141600000000000e+07
-3.912776960000000000e+08 -9.011914400000000000e+07 9.373805600000000000e+07
-2.856309120000000000e+08 -2.387523840000000000e+08 1.161157120000000000e+08
-2.295893760000000000e+08 -3.156935360000000000e+08 1.770257000000000000e+07
-3.174854400000000000e+08 -1.501175200000000000e+08 1.042662400000000000e+08
-3.730532800000000000e+08 -1.887621600000000000e+08 6.839580000000000000e+07
-3.451423040000000000e+08 -1.930113760000000000e+08 9.224616800000000000e+07
-3.284093760000000000e+08 -1.335909200000000000e+08 1.351457920000000000e+08
-2.613158400000000000e+08 -2.874626560000000000e+08 4.416609200000000000e+07
-2.484694720000000000e+08 -3.053991360000000000e+08 9.357610000000000000e+06
-3.466355520000000000e+08 4.645543200000000000e+07 7.007743360000000000e+08
-2.646011200000000000e+08 -2.545976320000000000e+08 4.643273600000000000e+07
-3.668839360000000000e+08 -1.859616320000000000e+08 6.839316800000000000e+07
-3.623436160000000000e+08 -1.645415200000000000e+08 6.642370800000000000e+07
-2.887374400000000000e+08 -2.187552160000000000e+08 6.996994400000000000e+07
-1.965639040000000000e+08 -2.734817280000000000e+08 1.470974880000000000e+08
-2.278774720000000000e+08 -2.121969120000000000e+08 7.855180000000000000e+07
-3.652406400000000000e+08 -1.754020640000000000e+08 5.108342800000000000e+07
-2.249941760000000000e+08 -3.014454400000000000e+08 3.157038400000000000e+07
-2.441939040000000000e+08 -2.192585760000000000e+08 7.667040000000000000e+07
-2.636591680000000000e+08 -2.343636320000000000e+08 9.305900800000000000e+07
-3.758810240000000000e+08 -1.085634000000000000e+08 2.048066240000000000e+08
-1.256299600000000000e+08 -3.596212800000000000e+08 1.037666400000000000e+08
-2.189549760000000000e+08 -2.992730240000000000e+08 3.194804000000000000e+07
-1.404786400000000000e+08 -3.566272000000000000e+08 4.994355600000000000e+07
-1.442392960000000000e+08 -3.498156480000000000e+08 1.640009900000000000e+07
-1.304361440000000000e+08 -3.577400320000000000e+08 2.501908600000000000e+07
-1.219668320000000000e+08 -4.008294720000000000e+08 2.040092000000000000e+07
-4.847271680000000000e+08 -4.710047200000000000e+07 2.290877600000000000e+08
-1.695253920000000000e+08 -3.013937920000000000e+08 4.170988000000000000e+07
-2.895286400000000000e+08 -1.764212960000000000e+08 7.578034400000000000e+07
-2.146827680000000000e+08 -2.738222400000000000e+08 3.140097000000000000e+07
-2.122414720000000000e+08 -2.899114880000000000e+08 9.520833600000000000e+07
-1.808098240000000000e+08 -2.614069920000000000e+08 3.690418400000000000e+07
-1.415038560000000000e+08 -3.456377600000000000e+08 3.199819000000000000e+07
-1.387136160000000000e+08 -3.429318400000000000e+08 2.487848800000000000e+07
-3.035838080000000000e+08 -1.694529120000000000e+08 7.926832000000000000e+07
-2.340442720000000000e+08 -2.375841760000000000e+08 7.412260000000000000e+07
-6.963254400000000000e+07 -2.565522240000000000e+08 1.845155000000000000e+07
-6.122815360000000000e+08 1.974808320000000000e+08 4.776926080000000000e+08
-1.490447840000000000e+08 -3.333537280000000000e+08 1.630121300000000000e+07
-3.636079680000000000e+08 -1.481897920000000000e+08 3.010162000000000000e+07
-1.259394000000000000e+08 -3.769904320000000000e+08 5.901214800000000000e+07
-1.564691200000000000e+08 -3.564945920000000000e+08 4.510373600000000000e+07
-4.108368320000000000e+08 2.020448960000000000e+08 2.834023040000000000e+08
-1.420876800000000000e+08 -2.920146240000000000e+08 3.622753200000000000e+07
-1.037950960000000000e+08 -3.297463040000000000e+08 2.165564000000000000e+06
-2.752509760000000000e+08 -2.133653600000000000e+08 8.274027200000000000e+07
-1.253086960000000000e+08 -2.679223520000000000e+08 3.655623600000000000e+07
-1.147021120000000000e+08 -2.993706560000000000e+08 5.854099600000000000e+07
-1.241507120000000000e+08 -2.732584960000000000e+08 4.464195600000000000e+07
-8.923300800000000000e+07 -3.666304000000000000e+08 2.243331800000000000e+07
-3.716435520000000000e+08 -1.647768000000000000e+08 1.257108240000000000e+08
-1.985427040000000000e+08 -2.082975040000000000e+08 1.096998080000000000e+08
-1.086881200000000000e+08 -1.511180320000000000e+08 1.999133600000000000e+08
-6.710216875000000000e+05 -3.424062080000000000e+08 4.259064800000000000e+07
-5.832220400000000000e+07 -3.644315520000000000e+08 1.972567000000000000e+07
-8.160833600000000000e+07 -3.441916800000000000e+08 2.695692600000000000e+07
-5.991705200000000000e+07 -3.406129280000000000e+08 8.012736800000000000e+07
-3.664659200000000000e+07 -4.281174720000000000e+08 6.152808400000000000e+07
-7.371404800000000000e+07 -3.713045440000000000e+08 1.760455000000000000e+07
8.304681000000000000e+06 -3.465353600000000000e+08 1.916159840000000000e+08
-3.375194800000000000e+07 -3.506559680000000000e+08 6.385161200000000000e+07
-9.905978400000000000e+07 -1.767152640000000000e+08 1.871120320000000000e+08
-2.332560600000000000e+07 -3.630615360000000000e+08 8.620544800000000000e+07
-3.633569600000000000e+07 -2.760713920000000000e+08 2.473481800000000000e+07
-3.769971200000000000e+07 -3.726031680000000000e+08 1.638515900000000000e+07
-2.338691600000000000e+07 -2.974959680000000000e+08 1.608246400000000000e+08
3.688853500000000000e+06 -3.350560640000000000e+08 1.471801440000000000e+08
-4.640618800000000000e+07 -2.587727200000000000e+08 1.099223920000000000e+08
3.658546400000000000e+07 -3.367124480000000000e+08 5.798830800000000000e+07
-8.165636000000000000e+07 -1.791262880000000000e+08 8.941814400000000000e+07
2.935162200000000000e+07 -3.468841280000000000e+08 3.786937600000000000e+07
3.542436800000000000e+07 -2.799617600000000000e+08 2.081435520000000000e+08
4.662888000000000000e+07 -3.750646720000000000e+08 2.908721200000000000e+07
4.598647200000000000e+07 -4.621787520000000000e+08 -1.779018125000000000e+05
4.212538000000000000e+07 -4.162302720000000000e+08 5.727668800000000000e+07
6.956953600000000000e+07 -3.892720960000000000e+08 8.586743200000000000e+07
-5.279560000000000000e+07 -2.028983200000000000e+08 1.512243360000000000e+08
8.760292800000000000e+07 -3.813423040000000000e+08 5.228872800000000000e+07
1.631911040000000000e+08 -3.529137600000000000e+08 1.813392320000000000e+08
1.938254720000000000e+08 -3.475827840000000000e+08 2.060071600000000000e+07
1.049496960000000000e+08 -3.397297920000000000e+08 4.490175600000000000e+07
2.695002560000000000e+08 -2.940045760000000000e+08 2.483771680000000000e+08
1.735272800000000000e+08 -3.339370240000000000e+08 4.825047360000000000e+08
2.769055360000000000e+08 -3.784943200000000000e+07 1.895093120000000000e+08
1.564993760000000000e+08 -3.456999360000000000e+08 7.341545600000000000e+07
1.124164720000000000e+08 -3.936152960000000000e+08 2.775234000000000000e+06
1.178321760000000000e+08 -3.973794240000000000e+08 3.131470600000000000e+07
1.898537120000000000e+08 -3.255111680000000000e+08 1.276059680000000000e+08
2.764929600000000000e+08 -2.952056960000000000e+08 2.376295840000000000e+08
9.533250400000000000e+07 -4.190952000000000000e+08 3.817937600000000000e+07
9.473220000000000000e+07 -4.018411200000000000e+08 1.095062625000000000e+06
1.727806400000000000e+08 -4.427325760000000000e+08 1.434568200000000000e+07
1.642061760000000000e+08 -3.774636480000000000e+08 8.990884000000000000e+07
1.525357600000000000e+08 -3.753335360000000000e+08 3.814768400000000000e+07
1.115612320000000000e+08 -4.322771840000000000e+08 -7.474133500000000000e+06
1.532519200000000000e+08 -3.771923840000000000e+08 1.095730700000000000e+07
2.270644160000000000e+08 -2.981898880000000000e+08 4.227491600000000000e+07
1.664210560000000000e+08 -4.403708800000000000e+08 9.256270400000000000e+07
1.391547360000000000e+08 -4.646854720000000000e+08 4.187406800000000000e+07
1.859174880000000000e+08 -3.866850880000000000e+08 1.021892160000000000e+08
1.907787520000000000e+08 -4.184781120000000000e+08 2.195051600000000000e+07
1.621100320000000000e+08 -4.455729920000000000e+08 5.048759375000000000e+05
2.894169280000000000e+08 -3.607225280000000000e+08 4.721664800000000000e+07
2.147963680000000000e+08 -4.151379840000000000e+08 3.365776250000000000e+06
3.731384000000000000e+08 -3.505849920000000000e+08 2.159380480000000000e+08
3.119301440000000000e+08 -3.461095680000000000e+08 1.295381300000000000e+07
2.546099840000000000e+08 -3.625018240000000000e+08 3.173164400000000000e+07
2.548877440000000000e+08 -3.517383040000000000e+08 6.346083200000000000e+07
2.833106240000000000e+08 -3.964546240000000000e+08 2.757822600000000000e+07
2.708722240000000000e+08 -3.578808000000000000e+08 1.051217840000000000e+08
4.487011520000000000e+08 -3.399488000000000000e+08 2.326559680000000000e+08
2.912386560000000000e+08 -3.507843840000000000e+08 3.670358720000000000e+08
3.418687680000000000e+08 -3.071436800000000000e+08 3.690237600000000000e+07
2.980872320000000000e+08 -3.592338240000000000e+08 3.194936000000000000e+07
5.935848320000000000e+08 -1.289191040000000000e+08 4.702645500000000000e+06
2.969255040000000000e+08 -3.551286080000000000e+08 1.190476320000000000e+08
2.467374080000000000e+08 -4.073817600000000000e+08 -2.182140800000000000e+07
2.341249600000000000e+08 -4.318139200000000000e+08 1.285455875000000000e+06
2.691510400000000000e+08 -3.938362560000000000e+08 -1.329641700000000000e+07
4.908990720000000000e+08 -2.117145760000000000e+08 9.187893760000000000e+08
6.097512320000000000e+08 -2.511235840000000000e+08 3.498819520000000000e+08
4.259707520000000000e+08 -2.991580160000000000e+08 1.147369440000000000e+08
5.619713920000000000e+08 -1.427667200000000000e+08 -8.228772800000000000e+07
5.186447680000000000e+08 -2.688729600000000000e+08 4.378791360000000000e+08
3.400799360000000000e+08 -3.526704960000000000e+08 -1.835391400000000000e+07
1.373382784000000000e+09 3.868002880000000000e+08 9.366827520000000000e+08
5.860149120000000000e+08 -1.648566080000000000e+08 2.204047360000000000e+08
7.178298240000000000e+08 -1.520022720000000000e+08 3.008912960000000000e+08
6.989452160000000000e+08 -1.277979200000000000e+08 2.086449760000000000e+08
6.556321280000000000e+08 -6.717270400000000000e+07 1.002512480000000000e+08
7.121518080000000000e+08 -2.803222600000000000e+07 3.945710800000000000e+07
5.261098880000000000e+08 -2.678247360000000000e+08 7.619011200000000000e+07
1.035491136000000000e+09 1.630982240000000000e+08 1.730298080000000000e+08
8.168321280000000000e+08 -1.680913000000000000e+07 2.010539840000000000e+08
9.906929920000000000e+08 2.191706560000000000e+08 -2.353904400000000000e+07
7.180728960000000000e+08 7.838499500000000000e+06 1.675661280000000000e+08
5.703239040000000000e+08 -1.991122400000000000e+08 7.630691200000000000e+07
6.606522880000000000e+08 -1.411198080000000000e+08 5.699197200000000000e+07
6.856893440000000000e+08 -1.588212160000000000e+08 2.828886080000000000e+08
8.504190720000000000e+08 -1.067373840000000000e+08 3.204188800000000000e+08
9.613500160000000000e+08 1.493319200000000000e+08 1.237183200000000000e+08
5.942975360000000000e+08 -1.993343520000000000e+08 1.346691200000000000e+08
1.841772416000000000e+09 7.284691840000000000e+08 5.944686592000000000e+09
6.983041280000000000e+08 -9.606008800000000000e+07 2.850278400000000000e+08
1.264543872000000000e+09 3.762876480000000000e+08 6.281413760000000000e+08
9.142533120000000000e+08 9.603909600000000000e+07 -1.597789600000000000e+07
9.050789120000000000e+08 1.034145360000000000e+08 2.962340500000000000e+06
9.938297600000000000e+08 1.747547360000000000e+08 7.610262400000000000e+08
1.511010048000000000e+09 6.264819200000000000e+08 2.967129280000000000e+08
9.068273280000000000e+08 1.288794880000000000e+08 5.622990000000000000e+07
7.917672960000000000e+08 -1.889087800000000000e+07 3.264036800000000000e+08
9.794520960000000000e+08 1.482197440000000000e+08 3.284870400000000000e+07
1.219313408000000000e+09 3.514149760000000000e+08 6.541185280000000000e+08
1.308865024000000000e+09 5.282333760000000000e+08 -1.775490240000000000e+08
1.078436096000000000e+09 2.712493120000000000e+08 5.897854400000000000e+07
8.175886080000000000e+08 -1.919888000000000000e+07 -1.293093300000000000e+07
1.207376640000000000e+09 2.795924480000000000e+08 2.559954240000000000e+08
1.124061568000000000e+09 2.885567360000000000e+08 1.579760000000000000e+08
1.291900800000000000e+09 4.580892160000000000e+08 1.569143600000000000e+07
9.461265280000000000e+08 1.718879520000000000e+08 7.450322400000000000e+07
9.166958080000000000e+08 1.296149200000000000e+08 5.600176400000000000e+07
9.798600320000000000e+08 2.062904640000000000e+08 2.327541600000000000e+08
2.240604160000000000e+09 1.497252736000000000e+09 -3.349432000000000000e+08
2.725521152000000000e+09 1.781842048000000000e+09 1.823602176000000000e+09
1.623412352000000000e+09 7.416965760000000000e+08 1.482621600000000000e+08
1.910571776000000000e+09 1.071047552000000000e+09 -1.604648320000000000e+08
1.646027264000000000e+09 7.793443200000000000e+08 -9.976851200000000000e+07
1.989572992000000000e+09 1.111145344000000000e+09 -3.986013600000000000e+07
1.950163712000000000e+09 1.129063552000000000e+09 7.589214400000000000e+07
1.236894720000000000e+09 4.155554880000000000e+08 5.972388000000000000e+07
1.170403200000000000e+09 4.997065920000000000e+08 -7.546458400000000000e+07
1.716228096000000000e+09 9.133074560000000000e+08 -4.081031040000000000e+08
-1.273335200000000000e+07 -7.327043840000000000e+08 -7.798818400000000000e+07
-1.273335200000000000e+07 -7.327043840000000000e+08 -7.798818400000000000e+07
-1.273335200000000000e+07 -7.327043840000000000e+08 -7.798818400000000000e+07
-1.273335200000000000e+07 -7.327043840000000000e+08 -7.798818400000000000e+07
-1.273335200000000000e+07 -7.327043840000000000e+08 -7.798818400000000000e+07
3.166324224000000000e+09 2.514630912000000000e+09 -4.245368640000000000e+08
2.172455168000000000e+09 1.382610432000000000e+09 6.297108000000000000e+07
2.622600960000000000e+09 1.883051776000000000e+09 2.401333280000000000e+08
2.290618880000000000e+09 1.460414080000000000e+09 -1.082602320000000000e+08
2.208680704000000000e+09 1.555788928000000000e+09 -3.751360000000000000e+08
3.997264384000000000e+09 3.553904128000000000e+09 6.387170560000000000e+08
1.484165888000000000e+09 6.342612480000000000e+08 -7.502240800000000000e+07
1.238978816000000000e+09 4.569915840000000000e+08 2.102938080000000000e+08
1.814867584000000000e+09 1.066057088000000000e+09 -1.502517600000000000e+08
1.584442880000000000e+09 7.077436160000000000e+08 -1.013701600000000000e+07
1.297243904000000000e+09 4.598812480000000000e+08 5.735514500000000000e+06
1.255945344000000000e+09 3.908936320000000000e+08 -2.702400400000000000e+07
7.664720000000000000e+08 1.160704700000000000e+07 -2.365570200000000000e+07
1.257138816000000000e+09 3.762812480000000000e+08 4.667032000000000000e+07
7.870250240000000000e+08 -1.821006800000000000e+07 -3.812696750000000000e+06
1.207908096000000000e+09 2.699448320000000000e+08 5.739630720000000000e+08
1.511175424000000000e+09 5.363156160000000000e+08 5.219026240000000000e+08
1.320956032000000000e+09 4.795778560000000000e+08 4.444837120000000000e+08
1.717112576000000000e+09 8.182391680000000000e+08 1.050869376000000000e+09
9.089437440000000000e+08 8.030660800000000000e+07 2.203070240000000000e+08
1.388968576000000000e+09 5.213880000000000000e+08 2.011249440000000000e+08
1.627713280000000000e+09 8.169691520000000000e+08 6.657448960000000000e+08
7.431330560000000000e+08 -3.075656400000000000e+07 1.954575600000000000e+07
1.128693120000000000e+09 3.330012480000000000e+08 -3.979300400000000000e+07
1.079048064000000000e+09 2.204607680000000000e+08 1.414414560000000000e+08
8.262165120000000000e+08 -1.436396200000000000e+07 2.853169920000000000e+08
8.066230400000000000e+08 9.993783000000000000e+06 2.412079520000000000e+08
9.582263680000000000e+08 1.720711200000000000e+08 3.006440000000000000e+08
5.078780160000000000e+08 -2.374175840000000000e+08 8.379764000000000000e+07
1.283162112000000000e+09 3.763927680000000000e+08 4.363546624000000000e+09
8.809464960000000000e+08 -1.245896200000000000e+07 8.239225600000000000e+08
7.109368320000000000e+08 -7.867740000000000000e+07 2.204844320000000000e+08
6.162590080000000000e+08 -1.511824640000000000e+08 1.703197440000000000e+08
8.308881280000000000e+08 5.946860000000000000e+07 1.714517280000000000e+08
5.414903680000000000e+08 -1.885797600000000000e+08 1.477736160000000000e+08
4.907409280000000000e+08 -2.667310560000000000e+08 2.111241440000000000e+08
4.492939200000000000e+08 -2.766087040000000000e+08 2.448554880000000000e+08
7.874696960000000000e+08 6.015903200000000000e+07 -6.976793600000000000e+07
3.948862720000000000e+08 -2.934810560000000000e+08 4.707571000000000000e+06
4.181649280000000000e+08 -3.117604160000000000e+08 1.715518000000000000e+07
3.656366720000000000e+08 -3.354807040000000000e+08 1.908093800000000000e+07
4.807286080000000000e+08 -2.221942080000000000e+08 1.166705840000000000e+08
5.961739520000000000e+08 -1.576629760000000000e+08 6.216458880000000000e+08
3.283804480000000000e+08 -3.452894080000000000e+08 5.840801200000000000e+07
5.014321280000000000e+08 -1.704527680000000000e+08 1.579282880000000000e+08
4.478965440000000000e+08 -2.295779680000000000e+08 2.577628320000000000e+08
3.145223680000000000e+08 -3.784287680000000000e+08 1.277622960000000000e+08
4.005015360000000000e+08 -2.785919040000000000e+08 5.984423200000000000e+07
3.776299200000000000e+08 -2.979801280000000000e+08 1.834189280000000000e+08
3.376481920000000000e+08 -3.355470720000000000e+08 1.477180800000000000e+08
2.519549440000000000e+08 -4.086566720000000000e+08 8.794536800000000000e+07
2.083921760000000000e+08 -4.029150720000000000e+08 3.576718750000000000e+06
2.540783840000000000e+08 -3.390883520000000000e+08 1.467943200000000000e+08
1.845914720000000000e+08 -4.263439680000000000e+08 6.062479200000000000e+07
2.732493440000000000e+08 -3.343209600000000000e+08 2.162182800000000000e+07
2.988645760000000000e+08 -3.520768640000000000e+08 2.155156160000000000e+08
3.122703040000000000e+08 -2.997190720000000000e+08 4.936607200000000000e+07
2.802133120000000000e+08 -3.470227520000000000e+08 1.947176960000000000e+08
2.071092480000000000e+08 -3.558375360000000000e+08 3.889699600000000000e+07
3.545851520000000000e+08 -1.676824960000000000e+08 7.924810400000000000e+07
2.393693440000000000e+08 -3.137664000000000000e+08 6.337152400000000000e+07
2.377844960000000000e+08 -3.625579520000000000e+08 2.333508160000000000e+08
1.720526560000000000e+08 -3.788961600000000000e+08 2.802701800000000000e+07
3.162181440000000000e+08 -5.404426400000000000e+07 1.896077280000000000e+08
1.709934400000000000e+08 -3.661151040000000000e+08 7.509470400000000000e+07
2.245924320000000000e+08 -2.818073600000000000e+08 1.975815520000000000e+08
1.301158720000000000e+08 -3.939532800000000000e+08 7.277913500000000000e+06
1.746244800000000000e+08 -3.727390400000000000e+08 1.148371840000000000e+08
1.629282400000000000e+08 -3.935564160000000000e+08 1.255022320000000000e+08
7.051972800000000000e+07 -3.845984000000000000e+08 -4.660482000000000000e+06
7.359324800000000000e+07 -4.075257600000000000e+08 2.207596600000000000e+07
4.884341600000000000e+07 -4.187201920000000000e+08 5.864717285156250000e+03
2.400804600000000000e+07 -4.428309120000000000e+08 -2.459498000000000000e+07
4.626904000000000000e+07 -4.160825920000000000e+08 9.180794000000000000e+06
3.644728800000000000e+07 -4.278467840000000000e+08 -1.814615500000000000e+06
1.069667120000000000e+08 -3.777448960000000000e+08 1.272100600000000000e+07
4.642754000000000000e+07 -4.123833600000000000e+08 2.952201600000000000e+07
3.218270200000000000e+07 -3.340992960000000000e+08 5.534835200000000000e+07
2.715948800000000000e+07 -3.090757120000000000e+08 1.855340800000000000e+07
9.688351000000000000e+06 -3.754008320000000000e+08 -1.707216600000000000e+07
3.267332200000000000e+07 -3.406636480000000000e+08 2.333253000000000000e+07
2.165174000000000000e+07 -4.081683200000000000e+08 -2.661763750000000000e+06
-1.397239300000000000e+07 -2.962148800000000000e+08 9.154633600000000000e+07
-3.236921600000000000e+07 -3.380143360000000000e+08 3.315651600000000000e+07
3.250955600000000000e+07 -3.750041280000000000e+08 8.905104000000000000e+06
-1.639835040000000000e+08 -2.310443680000000000e+08 5.985338800000000000e+07
-2.365347250000000000e+06 -4.147338240000000000e+08 2.448208750000000000e+06
2.226041406250000000e+04 -4.000208320000000000e+08 2.111589000000000000e+07
-3.860875200000000000e+07 -3.633400960000000000e+08 1.858228400000000000e+07
8.561009600000000000e+07 -2.540046880000000000e+08 1.561736800000000000e+08
-9.085351000000000000e+06 -3.593878720000000000e+08 1.413262600000000000e+07
5.970113000000000000e+06 -3.453539200000000000e+08 1.005534080000000000e+08
-3.562304800000000000e+07 -3.549250880000000000e+08 8.253806400000000000e+07
-6.887769600000000000e+07 -3.166165760000000000e+08 3.485466000000000000e+07
-3.948298800000000000e+07 -3.908081920000000000e+08 3.154323000000000000e+07
-3.514098000000000000e+07 -3.182832960000000000e+08 1.152057280000000000e+08
-3.494696400000000000e+07 -3.297616320000000000e+08 2.030555400000000000e+07
-1.350989120000000000e+08 -3.066053760000000000e+08 3.258672400000000000e+07
-1.942001920000000000e+08 -2.117208640000000000e+08 3.440557200000000000e+07
-7.921215200000000000e+07 -3.736145920000000000e+08 8.178760800000000000e+07
-8.956576000000000000e+07 -3.620056320000000000e+08 4.171671200000000000e+07
-9.853354400000000000e+07 -3.580707840000000000e+08 2.113537200000000000e+07
1.699821800000000000e+07 -2.085621440000000000e+08 1.750297200000000000e+07
-7.778557600000000000e+07 -3.844256000000000000e+08 2.676801600000000000e+07
-1.650646400000000000e+08 -2.498757440000000000e+08 8.046144800000000000e+07
-7.890471200000000000e+07 -3.648449600000000000e+08 8.475683200000000000e+07
-4.229439200000000000e+07 -3.675918080000000000e+08 3.604474400000000000e+07
-9.932972000000000000e+07 -3.708969920000000000e+08 5.357712800000000000e+07
-6.406749600000000000e+07 -3.756993920000000000e+08 4.516620800000000000e+07
-1.713182720000000000e+08 -3.528027520000000000e+08 2.692508600000000000e+07
-1.476697440000000000e+08 -2.204003680000000000e+08 1.551123200000000000e+08
-1.817020320000000000e+08 -2.977221760000000000e+08 6.292938800000000000e+07
-1.111388960000000000e+08 -3.930749760000000000e+08 1.340930000000000000e+07
-1.353203520000000000e+08 -4.088691520000000000e+08 4.261977000000000000e+06
-1.153547280000000000e+08 -4.115433600000000000e+08 4.823885600000000000e+07
-3.041908800000000000e+08 -2.178566880000000000e+08 1.066651440000000000e+08
-2.687309120000000000e+08 -2.235873440000000000e+08 2.746001600000000000e+07
-1.061037200000000000e+08 -3.833560320000000000e+08 3.916569600000000000e+07
-1.669422560000000000e+08 -3.271780480000000000e+08 2.339992400000000000e+07
-1.619415840000000000e+08 -3.758361280000000000e+08 -6.063898500000000000e+06
-1.421961120000000000e+08 -3.663470400000000000e+08 4.629878000000000000e+07
-1.041844640000000000e+08 -3.978688000000000000e+08 -3.717037500000000000e+06
-1.886014720000000000e+08 -3.404692160000000000e+08 -3.301645750000000000e+06
-2.173244480000000000e+08 -2.752504000000000000e+08 4.413403200000000000e+07
-2.511707520000000000e+08 -2.682432160000000000e+08 9.835017600000000000e+07
-1.767447840000000000e+08 -3.731807680000000000e+08 3.405541200000000000e+07
-1.745866240000000000e+08 -3.520934720000000000e+08 3.300106000000000000e+07
-2.756513280000000000e+08 -2.964006720000000000e+08 3.667912400000000000e+07
-1.891306080000000000e+08 -3.743961920000000000e+08 1.790873000000000000e+07
-3.221557760000000000e+08 -2.754996480000000000e+08 8.509995200000000000e+07
-2.384203360000000000e+08 -3.040296000000000000e+08 1.996884000000000000e+07
-4.885726080000000000e+08 -4.356989200000000000e+07 1.104528560000000000e+08
-1.986413920000000000e+08 -3.875693440000000000e+08 6.882236500000000000e+06
-2.434126720000000000e+08 -3.514592000000000000e+08 2.684358800000000000e+07
-2.318358400000000000e+08 -3.973448640000000000e+08 1.657038000000000000e+07
-3.024407360000000000e+08 -3.450511360000000000e+08 2.878949600000000000e+07
-3.419544640000000000e+08 -2.845167680000000000e+08 4.573942800000000000e+07
-3.066990400000000000e+08 -2.639458240000000000e+08 4.314256800000000000e+07
-3.715834240000000000e+08 -2.814226880000000000e+08 5.876882800000000000e+07
-4.613923520000000000e+08 -1.896526560000000000e+08 1.185465120000000000e+08
-4.775413760000000000e+08 -1.160115360000000000e+08 5.328422400000000000e+07
-3.643330240000000000e+08 -2.634977600000000000e+08 -8.974259000000000000e+06
-3.205608640000000000e+08 -3.058019520000000000e+08 1.982317000000000000e+07
-2.605744800000000000e+08 -3.401159040000000000e+08 2.092166000000000000e+07
-4.512993920000000000e+08 -1.766583360000000000e+08 3.337789400000000000e+07
-2.767305600000000000e+08 -3.333849600000000000e+08 -1.027033700000000000e+07
-3.731958080000000000e+08 -2.439782560000000000e+08 -2.539398200000000000e+07
-2.710997120000000000e+08 -3.201683520000000000e+08 -3.564798400000000000e+07
-3.674933120000000000e+08 -1.626295840000000000e+08 -4.724895000000000000e+06
-3.332643520000000000e+08 -2.790748160000000000e+08 -5.648284500000000000e+06
-2.643735520000000000e+08 -3.298921280000000000e+08 -1.486104200000000000e+07
-3.789766080000000000e+08 -2.795822720000000000e+08 1.175555400000000000e+07
-2.719036160000000000e+08 -3.729621760000000000e+08 -2.575459200000000000e+07
-4.701933440000000000e+08 -1.325318960000000000e+08 -1.082823600000000000e+08
-4.331269120000000000e+08 -2.417568000000000000e+08 3.083272200000000000e+07
-2.301812960000000000e+08 -3.884386880000000000e+08 -4.345574800000000000e+07
-2.990879680000000000e+08 -3.137686400000000000e+08 -6.788005600000000000e+07
-2.492440320000000000e+08 -3.812129920000000000e+08 -3.483797200000000000e+07
-2.204714240000000000e+08 -4.131480320000000000e+08 -4.489294000000000000e+07
-4.280406080000000000e+08 -2.083734400000000000e+08 4.455940800000000000e+07
-2.331281440000000000e+08 -3.703215680000000000e+08 -3.955837200000000000e+07
-2.456467040000000000e+08 -3.446423360000000000e+08 -3.598299600000000000e+07
-2.695835200000000000e+08 -3.456453760000000000e+08 -3.887612800000000000e+07
-3.076443520000000000e+08 -3.062612480000000000e+08 -1.957569800000000000e+07
-2.644029920000000000e+08 -3.276778240000000000e+08 -5.618024800000000000e+07
-2.712910720000000000e+08 -3.164406080000000000e+08 -4.261056000000000000e+07
-2.556988320000000000e+08 -3.101121600000000000e+08 -4.343472000000000000e+07
-2.105515840000000000e+08 -3.472815680000000000e+08 -7.089783200000000000e+07
-2.666578080000000000e+08 -2.579782880000000000e+08 -6.996751200000000000e+07
-3.015457920000000000e+08 -1.300716880000000000e+08 -4.278784800000000000e+07
-3.933454400000000000e+08 -8.548508800000000000e+07 -4.236924000000000000e+07
-3.412527680000000000e+08 7.134433600000000000e+07 -7.541169600000000000e+07
-3.529628800000000000e+08 4.450108000000000000e+07 -7.138385600000000000e+07
-4.369594560000000000e+08 2.092986400000000000e+08 -6.149320400000000000e+07
-4.975255680000000000e+08 3.051455360000000000e+08 1.041453500000000000e+06
-4.263251200000000000e+08 1.825909120000000000e+08 -9.797697600000000000e+07
-3.460050880000000000e+08 -1.584820300000000000e+07 -7.053665600000000000e+07
-3.552461440000000000e+08 3.011632640000000000e+08 -8.780612000000000000e+07
-1.273335200000000000e+07 -7.327043840000000000e+08 -7.798818400000000000e+07
-1.273335200000000000e+07 -7.327043840000000000e+08 -7.798818400000000000e+07
-1.273335200000000000e+07 -7.327043840000000000e+08 -7.798818400000000000e+07
-1.273335200000000000e+07 -7.327043840000000000e+08 -7.798818400000000000e+07
-2.055242400000000000e+08 -2.552918080000000000e+08 -1.453962720000000000e+08
-6.212147840000000000e+08 3.796234880000000000e+08 -2.571915200000000000e+08
-5.466850560000000000e+08 3.101816960000000000e+08 -2.780488320000000000e+08
-4.528824320000000000e+08 2.152596960000000000e+08 -2.220087680000000000e+08
-6.039018880000000000e+08 2.734642240000000000e+08 -1.720318560000000000e+08
-3.601729600000000000e+08 5.647457600000000000e+07 -1.911104960000000000e+08
-5.108321600000000000e+08 8.452520000000000000e+07 -2.128256000000000000e+08
-5.029207360000000000e+08 1.278958880000000000e+08 -1.915219200000000000e+08
-4.441736960000000000e+08 1.373815125000000000e+06 -1.815794560000000000e+08
-4.251565760000000000e+08 -7.271029600000000000e+07 -1.586177280000000000e+08
-6.405721600000000000e+08 2.077491200000000000e+08 -1.340854720000000000e+08
-3.604745600000000000e+08 -1.336712800000000000e+08 -1.706108480000000000e+08
-7.103005440000000000e+08 1.648842560000000000e+08 -1.132459040000000000e+08
-3.853928320000000000e+08 -1.387228800000000000e+08 -1.414449920000000000e+08
-3.280946880000000000e+08 -2.223515200000000000e+08 -1.617096960000000000e+08
-5.203955200000000000e+08 -4.174528800000000000e+07 -1.722201920000000000e+08
-3.547661120000000000e+08 -1.922015040000000000e+08 -2.006954080000000000e+08
-2.806804800000000000e+08 -2.837474240000000000e+08 -1.234633200000000000e+08
-5.340607360000000000e+08 -1.076543920000000000e+08 -5.006036400000000000e+07
-3.198242880000000000e+08 -2.315454240000000000e+08 -1.107241920000000000e+08
-3.586316480000000000e+08 -1.454407520000000000e+08 -1.208775680000000000e+08
-2.363907840000000000e+08 -3.256592640000000000e+08 -1.144866480000000000e+08
-3.616843200000000000e+08 -1.759220160000000000e+08 -1.076260480000000000e+08
-2.254036480000000000e+08 -3.312920640000000000e+08 -1.163936000000000000e+08
-4.056279040000000000e+08 -1.175184080000000000e+08 -1.270743120000000000e+08
-2.646032800000000000e+08 -2.635257760000000000e+08 -1.364681280000000000e+08
-2.717478400000000000e+08 -2.501150240000000000e+08 -1.278272720000000000e+08
-2.363479040000000000e+08 -2.885025280000000000e+08 -1.255833200000000000e+08
-3.227097920000000000e+08 -2.374081920000000000e+08 -9.793679200000000000e+07
-3.216809920000000000e+08 -1.229619840000000000e+08 -1.802446400000000000e+08
-2.937467200000000000e+08 -2.216965280000000000e+08 -1.081325760000000000e+08
-4.206610560000000000e+08 -7.249550400000000000e+07 -1.474566240000000000e+08
-5.988760320000000000e+08 3.038945600000000000e+07 -6.744960800000000000e+07
-2.114148160000000000e+08 -2.859483200000000000e+08 -1.303382480000000000e+08
-2.765309120000000000e+08 -2.566093600000000000e+08 -1.283976960000000000e+08
-2.427110880000000000e+08 -2.586340000000000000e+08 -1.341190160000000000e+08
-2.994303040000000000e+08 -1.983090400000000000e+08 -1.275854000000000000e+08
-2.904152960000000000e+08 -2.359454400000000000e+08 -8.790176800000000000e+07
-2.162694880000000000e+08 -3.312460800000000000e+08 -1.174265680000000000e+08
-2.272899360000000000e+08 -2.611541440000000000e+08 -1.343280160000000000e+08
-1.974724640000000000e+08 -2.923415360000000000e+08 -1.470308320000000000e+08
-2.277934880000000000e+08 -2.982364800000000000e+08 -1.413776640000000000e+08
-1.516499040000000000e+08 -3.908575680000000000e+08 -1.367772960000000000e+08
-1.778266880000000000e+08 -3.227851200000000000e+08 -1.274291520000000000e+08
-1.650608960000000000e+08 -3.241394240000000000e+08 -1.298821120000000000e+08
-1.610819680000000000e+08 -3.855763200000000000e+08 -1.086941520000000000e+08
-1.336379600000000000e+08 -3.940205120000000000e+08 -1.018185040000000000e+08
-1.304956560000000000e+08 -3.886896320000000000e+08 -1.140521520000000000e+08
-1.723026080000000000e+08 -3.079993600000000000e+08 -1.278823200000000000e+08
-1.359147680000000000e+08 -3.695377920000000000e+08 -1.209271440000000000e+08
-1.460707840000000000e+08 -3.308125120000000000e+08 -1.229136960000000000e+08
-1.508927200000000000e+08 -2.912120640000000000e+08 -1.236680400000000000e+08
-1.337676080000000000e+08 -3.435051200000000000e+08 -9.403026400000000000e+07
-6.472946400000000000e+07 -3.814235200000000000e+08 -1.228901120000000000e+08
-8.136910400000000000e+07 -3.971245440000000000e+08 -1.252742160000000000e+08
-1.016589280000000000e+08 -3.552995200000000000e+08 -1.114214960000000000e+08
-2.046355040000000000e+08 -6.930754400000000000e+07 -1.596709440000000000e+08
-8.000012800000000000e+07 -3.097649920000000000e+08 -1.108163120000000000e+08
-6.173600800000000000e+07 -3.976980480000000000e+08 -1.220794400000000000e+08
-3.269191400000000000e+07 -4.152121280000000000e+08 -1.361388960000000000e+08
-4.879409600000000000e+07 -4.185519360000000000e+08 -1.137411120000000000e+08
-4.697242000000000000e+07 -4.249023040000000000e+08 -1.136810880000000000e+08
-5.715978800000000000e+07 -3.944746880000000000e+08 -1.428557600000000000e+08
-8.096435200000000000e+07 -3.629222720000000000e+08 -1.303989200000000000e+08
-3.193028400000000000e+07 -4.450212800000000000e+08 -1.265565120000000000e+08
-3.250836400000000000e+07 -3.925565760000000000e+08 -1.103857760000000000e+08
-1.060054560000000000e+08 -2.070978400000000000e+08 -1.295614320000000000e+08
-1.375981900000000000e+07 -4.072425920000000000e+08 -1.385017920000000000e+08
-7.911434500000000000e+06 -3.849864320000000000e+08 -1.442267680000000000e+08
4.410878000000000000e+06 -4.283404160000000000e+08 -1.117190720000000000e+08
4.754018000000000000e+06 -4.084594880000000000e+08 -1.382373920000000000e+08
-2.465390400000000000e+07 -3.966456320000000000e+08 -1.303552880000000000e+08
9.674085000000000000e+06 -3.983591040000000000e+08 -1.452555040000000000e+08
9.304989000000000000e+06 -4.299184640000000000e+08 -1.342601440000000000e+08
1.597823800000000000e+07 -4.302873920000000000e+08 -1.292632960000000000e+08
3.650712000000000000e+07 -4.048675200000000000e+08 -1.405582240000000000e+08
3.910227600000000000e+07 -4.119676480000000000e+08 -1.280904320000000000e+08
4.185108800000000000e+07 -3.678445120000000000e+08 -1.501464320000000000e+08
2.803252600000000000e+07 -4.336379200000000000e+08 -1.340522880000000000e+08
4.397578000000000000e+07 -4.063304000000000000e+08 -1.149341200000000000e+08
-4.894678000000000000e+06 -4.521764160000000000e+08 -1.353045920000000000e+08
2.886583400000000000e+07 -4.647254400000000000e+08 -1.323404000000000000e+08
5.315554400000000000e+07 -4.272597440000000000e+08 -1.407266560000000000e+08
5.906912000000000000e+07 -3.477272960000000000e+08 -1.592782080000000000e+08
7.429849600000000000e+07 -3.356964160000000000e+08 -1.795592640000000000e+08
3.370423200000000000e+07 -4.479546560000000000e+08 -1.404000480000000000e+08
5.410217200000000000e+07 -4.242490880000000000e+08 -1.427507040000000000e+08
1.027433280000000000e+08 -3.087470720000000000e+08 -1.826938240000000000e+08
1.077094800000000000e+08 -3.348811840000000000e+08 -1.619556960000000000e+08
6.033851200000000000e+07 -3.779045120000000000e+08 -1.595524000000000000e+08
1.056716720000000000e+08 -3.718068160000000000e+08 -1.678058880000000000e+08
1.891615040000000000e+08 -3.795888000000000000e+08 -2.399820320000000000e+08
6.836125600000000000e+07 -4.150228480000000000e+08 -1.410653760000000000e+08
9.356463200000000000e+07 -4.051202560000000000e+08 -1.467472960000000000e+08
7.864972000000000000e+07 -4.284951680000000000e+08 -9.457490400000000000e+07
1.213641760000000000e+08 -4.035153920000000000e+08 -1.542749120000000000e+08
1.572245440000000000e+08 -3.609646080000000000e+08 -1.567385760000000000e+08
8.568008000000000000e+07 -3.718064640000000000e+08 -1.348713120000000000e+08
1.535932480000000000e+08 -3.585686400000000000e+08 -1.605009760000000000e+08
1.524489600000000000e+08 -3.736054720000000000e+08 -1.507541280000000000e+08
1.442860320000000000e+08 -4.173556160000000000e+08 -1.524514880000000000e+08
1.231209680000000000e+08 -4.337416000000000000e+08 -1.629748000000000000e+08
1.250639280000000000e+08 -4.560287680000000000e+08 -1.345097120000000000e+08
1.740921600000000000e+08 -3.998035200000000000e+08 -1.529796320000000000e+08
1.801389760000000000e+08 -4.160507840000000000e+08 -1.529731040000000000e+08
1.627706400000000000e+08 -4.023296000000000000e+08 -1.472188800000000000e+08
1.718111200000000000e+08 -3.979367040000000000e+08 -1.234894160000000000e+08
1.495633760000000000e+08 -4.507044480000000000e+08 -1.371348320000000000e+08
1.741132000000000000e+08 -4.074852480000000000e+08 -1.513881920000000000e+08
1.988041600000000000e+08 -3.785075840000000000e+08 -1.682770560000000000e+08
1.574455520000000000e+08 -4.360432320000000000e+08 -9.766810400000000000e+07
1.467299840000000000e+08 -4.744522240000000000e+08 -1.661552320000000000e+08
1.370980640000000000e+08 -4.611458880000000000e+08 -1.536462240000000000e+08
1.796575040000000000e+08 -4.100119360000000000e+08 -1.719149440000000000e+08
2.137850560000000000e+08 -3.919548800000000000e+08 -1.554007680000000000e+08
3.892635840000000000e+08 -2.908273280000000000e+08 -2.405655360000000000e+08
2.143448800000000000e+08 -4.132101440000000000e+08 -1.669225760000000000e+08
2.600365760000000000e+08 -3.570900480000000000e+08 -2.062553920000000000e+08
2.352182240000000000e+08 -3.784212800000000000e+08 -1.876702080000000000e+08
2.475663200000000000e+08 -3.640565440000000000e+08 -1.789787840000000000e+08
2.392274880000000000e+08 -3.656392640000000000e+08 -1.903015840000000000e+08
2.890091520000000000e+08 -3.022598400000000000e+08 -2.210602560000000000e+08
2.097070080000000000e+08 -4.374689600000000000e+08 -1.742694880000000000e+08
2.009699840000000000e+08 -4.522911360000000000e+08 -1.701955040000000000e+08
2.049131200000000000e+08 -4.335946560000000000e+08 -1.772766560000000000e+08
2.326848640000000000e+08 -3.805920960000000000e+08 -1.888283680000000000e+08
2.386012480000000000e+08 -3.131543680000000000e+08 -2.222693920000000000e+08
2.417641760000000000e+08 -3.652068800000000000e+08 -1.974030560000000000e+08
4.547663040000000000e+08 -1.277434720000000000e+08 -3.358008320000000000e+08
2.749071680000000000e+08 -3.511090880000000000e+08 -2.012376640000000000e+08
4.244038720000000000e+08 -2.207854080000000000e+08 -3.088016000000000000e+08
2.661768160000000000e+08 -3.893820800000000000e+08 -1.894676960000000000e+08
3.112394560000000000e+08 -3.564430400000000000e+08 -1.768427200000000000e+08
3.670467840000000000e+08 -3.317724160000000000e+08 -2.001061600000000000e+08
3.959594240000000000e+08 -2.765866560000000000e+08 -2.305200960000000000e+08
4.396013760000000000e+08 -2.434619520000000000e+08 -2.277820960000000000e+08
4.981920640000000000e+08 -2.198340320000000000e+08 -1.861544000000000000e+08
5.290433920000000000e+08 -1.672817280000000000e+08 -2.606931200000000000e+08
5.706208000000000000e+08 -1.352617920000000000e+08 -2.810283520000000000e+08
4.770376640000000000e+08 -2.235164960000000000e+08 -2.332848160000000000e+08
4.688775040000000000e+08 -2.293006560000000000e+08 -2.064242080000000000e+08
7.582895360000000000e+08 5.123949200000000000e+07 -3.835269120000000000e+08
8.429460480000000000e+08 9.159548800000000000e+07 -4.047246400000000000e+08
7.918376320000000000e+08 6.452952000000000000e+07 -3.614718400000000000e+08
1.337195008000000000e+09 6.311977600000000000e+08 -4.723853120000000000e+08
8.248039040000000000e+08 9.064828800000000000e+07 -3.353920320000000000e+08
5.597621120000000000e+08 -1.689852480000000000e+08 -1.788748480000000000e+08
1.090012928000000000e+09 2.383845440000000000e+08 -4.151490240000000000e+08
8.859949440000000000e+08 1.614517120000000000e+08 -3.330530240000000000e+08
1.605283712000000000e+09 8.587391360000000000e+08 -7.311248000000000000e+08
1.237626624000000000e+09 4.868598720000000000e+08 -4.404673280000000000e+08
1.089568640000000000e+09 3.554613120000000000e+08 -2.239886720000000000e+08
1.347841024000000000e+09 5.304064000000000000e+08 -2.655666880000000000e+08
1.538423808000000000e+09 7.913134720000000000e+08 -5.468677760000000000e+08
1.191238400000000000e+09 4.109518400000000000e+08 -3.215355200000000000e+08
1.032837120000000000e+09 2.916089280000000000e+08 -2.041241920000000000e+08
-1.273335200000000000e+07 -7.327043840000000000e+08 -7.798818400000000000e+07
-1.273335200000000000e+07 -7.327043840000000000e+08 -7.798818400000000000e+07
-1.273335200000000000e+07 -7.327043840000000000e+08 -7.798818400000000000e+07
-1.273335200000000000e+07 -7.327043840000000000e+08 -7.798818400000000000e+07
-1.273335200000000000e+07 -7.327043840000000000e+08 -7.798818400000000000e+07
-1.273335200000000000e+07 -7.327043840000000000e+08 -7.798818400000000000e+07
1.192768000000000000e+09 4.478720320000000000e+08 -1.521978080000000000e+08
1.311586048000000000e+09 6.104422400000000000e+08 -5.575719040000000000e+08
1.850056448000000000e+09 1.202665600000000000e+09 -6.548951680000000000e+08
1.490632192000000000e+09 7.174638720000000000e+08 -5.168002880000000000e+08
9.579217920000000000e+08 2.480701760000000000e+08 -8.745520800000000000e+07
1.470536960000000000e+09 7.370324480000000000e+08 -5.537180800000000000e+08
1.720423936000000000e+09 9.232627200000000000e+08 -2.280958880000000000e+08
1.843232128000000000e+09 1.252479104000000000e+09 -2.133332480000000000e+08
1.071416000000000000e+09 3.083065280000000000e+08 -3.820355200000000000e+08
1.279253504000000000e+09 5.355167040000000000e+08 -4.910991040000000000e+08
1.666535808000000000e+09 7.520343040000000000e+08 2.921183744000000000e+09
1.108344832000000000e+09 3.191429440000000000e+08 -9.671131200000000000e+07
1.465722624000000000e+09 7.623834240000000000e+08 -5.498734080000000000e+08
1.294133248000000000e+09 5.099563200000000000e+08 -3.860266240000000000e+08
1.231322240000000000e+09 3.665859840000000000e+08 -2.921605440000000000e+08
1.532296832000000000e+09 7.341266560000000000e+08 -3.659094400000000000e+08
1.200916096000000000e+09 4.080928320000000000e+08 -4.002421440000000000e+08
1.289722368000000000e+09 5.247737600000000000e+08 -2.085752640000000000e+08
7.544444160000000000e+08 6.185702000000000000e+07 -2.224547840000000000e+08
1.008716480000000000e+09 2.539873600000000000e+08 -1.340420240000000000e+08
9.894113920000000000e+08 2.352129440000000000e+08 -2.509018400000000000e+08
7.582563200000000000e+08 -4.324686400000000000e+07 -1.102753440000000000e+08
5.610275840000000000e+08 -1.602187200000000000e+08 -1.960275840000000000e+08
6.771664000000000000e+08 -6.194187000000000000e+06 -2.746922880000000000e+08
4.066437120000000000e+08 -2.684372800000000000e+08 -1.903441280000000000e+08
4.282266880000000000e+08 -2.618137440000000000e+08 -1.186744000000000000e+08
4.558018560000000000e+08 -2.454399520000000000e+08 -1.725460160000000000e+08
5.560753920000000000e+08 -1.268381040000000000e+08 -2.514080960000000000e+08
5.469335680000000000e+08 -1.521697280000000000e+08 -1.754251680000000000e+08
5.137842880000000000e+08 -2.241788160000000000e+08 -1.930160480000000000e+08
5.422206720000000000e+08 -1.832417120000000000e+08 -1.486858880000000000e+08
4.215355840000000000e+08 -2.452324160000000000e+08 -1.180719440000000000e+08
4.307150080000000000e+08 -2.479076960000000000e+08 -2.013653600000000000e+08
5.494145280000000000e+08 -1.042950240000000000e+08 -2.856103680000000000e+08
4.131410560000000000e+08 -2.328892000000000000e+08 -1.670553120000000000e+08
3.326892160000000000e+08 -3.185595840000000000e+08 -1.520049920000000000e+08
4.332473600000000000e+08 -2.077356000000000000e+08 -2.228173280000000000e+08
2.967956160000000000e+08 -3.426625280000000000e+08 -1.994892960000000000e+08
3.066873600000000000e+08 -3.505695040000000000e+08 -1.683652960000000000e+08
2.252974560000000000e+08 -4.057006080000000000e+08 -1.359568640000000000e+08
2.979479040000000000e+08 -3.161324480000000000e+08 -1.915454400000000000e+08
2.249851520000000000e+08 -3.911528960000000000e+08 -1.740382560000000000e+08
2.191275360000000000e+08 -3.961933120000000000e+08 -1.694786560000000000e+08
2.815407360000000000e+08 -3.150056000000000000e+08 -2.137206240000000000e+08
2.706705920000000000e+08 -2.932971200000000000e+08 -2.208180480000000000e+08
2.301439840000000000e+08 -3.668672960000000000e+08 -2.007186240000000000e+08
2.030294720000000000e+08 -3.708978880000000000e+08 -2.090030080000000000e+08
1.965134400000000000e+08 -3.811481600000000000e+08 -1.909056480000000000e+08
2.322135040000000000e+08 -2.751599040000000000e+08 -2.399721120000000000e+08
1.680288800000000000e+08 -4.095170560000000000e+08 -1.836934240000000000e+08
1.582106880000000000e+08 -4.158902080000000000e+08 -1.818184640000000000e+08
1.540027840000000000e+08 -3.901214720000000000e+08 -1.758011200000000000e+08
1.442069600000000000e+08 -4.029197760000000000e+08 -1.703441920000000000e+08
1.180362240000000000e+08 -4.370152960000000000e+08 -1.563767840000000000e+08
1.431079840000000000e+08 -4.312055360000000000e+08 -1.452855040000000000e+08
9.805424000000000000e+07 -4.765662720000000000e+08 -1.384786720000000000e+08
1.360414400000000000e+08 -4.035175040000000000e+08 -1.552528960000000000e+08
1.340138320000000000e+08 -4.037201600000000000e+08 -1.256766480000000000e+08
1.152274800000000000e+08 -4.006169600000000000e+08 -1.363231360000000000e+08
1.103515600000000000e+08 -4.250952320000000000e+08 -1.412656160000000000e+08
1.154759440000000000e+08 -4.092398400000000000e+08 -1.346791840000000000e+08
9.383005600000000000e+07 -4.308928640000000000e+08 -1.326207280000000000e+08
1.120457360000000000e+08 -4.217396480000000000e+08 -1.617160960000000000e+08
1.457364960000000000e+08 -3.390136000000000000e+08 -1.404484000000000000e+08
1.349706720000000000e+08 -3.726555200000000000e+08 -1.503193120000000000e+08
7.386241600000000000e+07 -4.437287040000000000e+08 -1.271990880000000000e+08
2.425621120000000000e+08 -3.910620160000000000e+08 4.780366800000000000e+07
1.223006560000000000e+08 -4.153184960000000000e+08 -1.186998960000000000e+08
1.121864880000000000e+08 -3.554520000000000000e+08 -1.646539520000000000e+08
9.563736000000000000e+07 -3.026380480000000000e+08 -1.672988160000000000e+08
8.808337600000000000e+07 -1.923816320000000000e+08 -1.709509760000000000e+08
6.849405600000000000e+07 -4.295901440000000000e+08 -7.802737600000000000e+07
6.941053600000000000e+07 -4.026724160000000000e+08 -9.021648800000000000e+07
8.536086400000000000e+07 -4.091368000000000000e+08 -8.185198400000000000e+07
3.340578200000000000e+07 -4.328541440000000000e+08 -1.069798560000000000e+08
5.243066800000000000e+07 -3.908562240000000000e+08 -9.981569600000000000e+07
6.356531200000000000e+07 -3.841029760000000000e+08 -6.601478000000000000e+07
4.864188800000000000e+07 -4.124183680000000000e+08 -1.017723600000000000e+08
5.092522800000000000e+07 -4.006466560000000000e+08 -1.158878480000000000e+08
-1.530323375000000000e+06 -3.548830080000000000e+08 -1.132708960000000000e+08
2.797155400000000000e+07 -3.927068800000000000e+08 -1.303698160000000000e+08
-9.760323000000000000e+06 -3.734238080000000000e+08 -8.034134400000000000e+07
1.276004000000000000e+07 -4.195104000000000000e+08 -1.234337840000000000e+08
1.382627000000000000e+07 -4.176872320000000000e+08 -1.116691280000000000e+08
-1.327903750000000000e+06 -3.445338560000000000e+08 -1.042134160000000000e+08
-4.312944400000000000e+07 -3.692694720000000000e+08 -1.091791840000000000e+08
-7.630231200000000000e+07 -4.221987200000000000e+08 -9.045225600000000000e+07
-1.109652300000000000e+07 -4.686323200000000000e+08 -9.675589600000000000e+07
-5.044133600000000000e+07 -3.501981440000000000e+08 -1.271581440000000000e+08
2.398126250000000000e+06 -3.730224640000000000e+08 -9.867996800000000000e+07
-5.168367200000000000e+07 -1.461265920000000000e+08 -1.592763680000000000e+08
-7.629429600000000000e+07 -3.667085120000000000e+08 -1.054396960000000000e+08
-4.205921200000000000e+07 -4.223040640000000000e+08 -1.126083280000000000e+08
-8.188436000000000000e+07 -3.446633280000000000e+08 -9.356619200000000000e+07
-4.860186000000000000e+07 -4.014183360000000000e+08 -1.041817440000000000e+08
-5.643865200000000000e+07 -3.237439040000000000e+08 -8.545924000000000000e+07
-1.657511680000000000e+08 -3.303486080000000000e+08 -9.182008000000000000e+07
-7.700835200000000000e+07 -3.860848320000000000e+08 -9.685652800000000000e+07
-7.559364800000000000e+07 -3.855092160000000000e+08 -1.156302560000000000e+08
-6.681385600000000000e+07 -3.390028480000000000e+08 -1.313842400000000000e+08
-1.297520800000000000e+08 -3.149029120000000000e+08 -1.351288320000000000e+08
-7.774553600000000000e+07 -3.897064640000000000e+08 -1.132538000000000000e+08
-1.213231920000000000e+08 -3.596421120000000000e+08 -1.157120080000000000e+08
-6.734343200000000000e+07 -4.061811520000000000e+08 -1.124133200000000000e+08
-1.766762240000000000e+08 -2.843988160000000000e+08 -1.854328160000000000e+08
-1.533451040000000000e+08 -3.306520640000000000e+08 -7.674539200000000000e+07
-8.951432800000000000e+07 -3.153729600000000000e+08 -1.240789760000000000e+08
-7.919780800000000000e+07 -4.327504000000000000e+08 -9.919708000000000000e+07
-8.725156000000000000e+07 -4.305772480000000000e+08 -8.409447200000000000e+07
-1.015973760000000000e+08 -3.675982720000000000e+08 -9.574944800000000000e+07
-2.182702880000000000e+08 -1.986903200000000000e+08 -1.003304240000000000e+08
-1.592947200000000000e+08 -3.324198720000000000e+08 -8.233087200000000000e+07
-1.094747680000000000e+08 -3.941242880000000000e+08 -7.255083200000000000e+07
-1.106878640000000000e+08 -3.920656640000000000e+08 -9.837576000000000000e+07
-1.086714720000000000e+08 -3.921076480000000000e+08 -1.094479920000000000e+08
-1.540210720000000000e+08 -3.270087040000000000e+08 -1.755990720000000000e+08
-1.038096240000000000e+08 -3.618646080000000000e+08 -6.557901200000000000e+07
-1.483395200000000000e+08 -3.275907840000000000e+08 -1.153294560000000000e+08
-1.341822480000000000e+08 -2.788034240000000000e+08 -6.383380800000000000e+07
-2.129271520000000000e+08 -2.149663520000000000e+08 -1.295849360000000000e+08
-1.238910160000000000e+08 -3.233449920000000000e+08 -9.899149600000000000e+07
-1.388495200000000000e+08 -3.710216640000000000e+08 -8.650392000000000000e+07
-1.566316640000000000e+08 -2.853744640000000000e+08 -1.085845920000000000e+08
-1.765385440000000000e+08 -3.309489280000000000e+08 -8.892357600000000000e+07
-1.445985440000000000e+08 -4.016889600000000000e+08 -8.119128000000000000e+07
-1.838386400000000000e+08 -3.711974080000000000e+08 -6.790636000000000000e+07
-2.570006880000000000e+08 -2.478019200000000000e+08 -8.607852000000000000e+07
-2.389269600000000000e+08 -2.771657600000000000e+08 -8.525304800000000000e+07
-1.890176800000000000e+08 -2.862394880000000000e+08 -1.079393760000000000e+08
-1.665403520000000000e+08 -3.244896960000000000e+08 -9.816732000000000000e+07
-2.537534080000000000e+08 -5.403204800000000000e+07 -7.910088000000000000e+07
-2.624840160000000000e+08 -1.624715360000000000e+08 -7.738165600000000000e+07
-4.062985280000000000e+08 -1.238347840000000000e+08 7.653549000000000000e+06
-2.802794240000000000e+08 -2.045680160000000000e+08 -9.996168800000000000e+07
-1.978057760000000000e+08 -3.250694080000000000e+08 -9.599048800000000000e+07
-2.378054240000000000e+08 -2.808153920000000000e+08 -9.617157600000000000e+07
-2.681918400000000000e+08 -2.597325120000000000e+08 -8.718128000000000000e+07
-4.307441920000000000e+08 -4.342446000000000000e+07 -4.717522400000000000e+07
-2.935945600000000000e+08 -2.304773920000000000e+08 -8.714955200000000000e+07
-2.358430880000000000e+08 -2.623763520000000000e+08 -8.256356800000000000e+07
-2.125747520000000000e+08 -3.149320960000000000e+08 -9.138164000000000000e+07
-3.153953600000000000e+08 -1.810749120000000000e+08 -7.657400000000000000e+07
-2.546042080000000000e+08 -2.427496160000000000e+08 -9.164212000000000000e+07
-2.199256160000000000e+08 -2.794321600000000000e+08 -1.144916960000000000e+08
-2.399699840000000000e+08 -2.624906880000000000e+08 -8.334980000000000000e+07
-5.124007680000000000e+08 -5.332048800000000000e+07 2.032936000000000000e+07
-4.134042240000000000e+08 -1.569764960000000000e+08 -5.786030000000000000e+07
-2.986199680000000000e+08 -2.374036160000000000e+08 -8.435332000000000000e+07
-3.571720000000000000e+08 -1.383064960000000000e+08 -1.288296240000000000e+08
-2.694025600000000000e+08 -2.095436800000000000e+08 -1.409766880000000000e+08
-2.617695680000000000e+08 -2.627648160000000000e+08 -8.731379200000000000e+07
-4.241510080000000000e+08 -1.132874240000000000e+08 -4.840822000000000000e+07
-5.146563200000000000e+08 -6.105786400000000000e+07 -1.042051500000000000e+07
-2.831177920000000000e+08 -2.323517440000000000e+08 -1.003853120000000000e+08
-2.846791360000000000e+08 -2.416711840000000000e+08 -8.578636800000000000e+07
-7.431984640000000000e+08 3.248443520000000000e+08 -2.158826400000000000e+08
-3.010082240000000000e+08 -2.039823520000000000e+08 -1.101568960000000000e+08
-4.181167360000000000e+08 -1.029611760000000000e+08 -1.068617040000000000e+08
-4.990084160000000000e+08 4.332179600000000000e+07 -9.965077600000000000e+07
-5.350912960000000000e+08 -7.602590400000000000e+07 -1.444644600000000000e+07
-4.748710080000000000e+08 -9.691658400000000000e+07 -6.456747600000000000e+07
-9.285695360000000000e+08 3.743275840000000000e+08 -9.823759000000000000e+06
-5.440423680000000000e+08 3.132320000000000000e+07 -8.067533600000000000e+07
-4.023513600000000000e+08 -1.763732640000000000e+08 -3.321598600000000000e+07
-4.149196480000000000e+08 -1.462256960000000000e+08 -6.654636800000000000e+07
-3.863078720000000000e+08 -1.068247920000000000e+08 -1.032747120000000000e+08
-3.966191680000000000e+08 -1.233559280000000000e+08 -9.169196000000000000e+07
-5.074802880000000000e+08 -1.872472400000000000e+07 -2.354164600000000000e+07
-5.742434560000000000e+08 9.161590400000000000e+07 3.867735500000000000e+06
-4.320101120000000000e+08 -1.029493920000000000e+08 -7.314350400000000000e+07
-3.681928640000000000e+08 -1.511596160000000000e+08 -7.032572800000000000e+07
-3.529539520000000000e+08 -1.878616640000000000e+08 -1.015448560000000000e+08
-7.067207040000000000e+08 1.179709360000000000e+08 2.429165000000000000e+07
-3.959774720000000000e+08 -1.382156000000000000e+08 -1.354175680000000000e+08
-4.325086080000000000e+08 -1.204597840000000000e+08 -7.482828000000000000e+07
-5.925445120000000000e+08 -1.484900700000000000e+07 -3.521529250000000000e+06
-5.341610560000000000e+08 -6.098616400000000000e+07 -2.191775840000000000e+08
-8.606243840000000000e+08 2.170673440000000000e+08 4.933763500000000000e+06
-5.045849280000000000e+08 -8.476360800000000000e+07 -6.761588800000000000e+07
-5.211467200000000000e+08 -2.694779200000000000e+07 -6.648987200000000000e+07
-5.359388800000000000e+08 -6.386486000000000000e+07 -3.295233000000000000e+07
-5.381434240000000000e+08 -3.216677600000000000e+07 -3.458634800000000000e+07
-8.726523520000000000e+08 3.697794880000000000e+08 -6.408118500000000000e+06
-8.663279360000000000e+08 2.611887200000000000e+08 -3.148203600000000000e+07
-4.441107200000000000e+08 -1.508061280000000000e+08 -1.076090480000000000e+08
-5.719414400000000000e+08 7.381355500000000000e+06 -4.929266800000000000e+07
-6.203530240000000000e+08 1.074067800000000000e+07 -5.137827200000000000e+07
-5.045848640000000000e+08 -9.461647200000000000e+07 -6.897336800000000000e+07
-5.891372800000000000e+08 2.173266600000000000e+07 -7.348184000000000000e+07
-7.982152960000000000e+08 2.012580640000000000e+08 4.517658400000000000e+07
-6.613584640000000000e+08 5.156939200000000000e+07 -8.204981600000000000e+07
-6.068330880000000000e+08 4.949114400000000000e+07 -6.658749200000000000e+07
-5.552929280000000000e+08 -5.222915500000000000e+06 -6.765600800000000000e+07
-8.670096640000000000e+08 2.997318080000000000e+08 -1.737704600000000000e+07
-7.645248000000000000e+08 1.440784800000000000e+08 -3.180698000000000000e+07
-7.210474240000000000e+08 1.706933440000000000e+08 -4.689668800000000000e+07
-1.008367872000000000e+09 5.613825920000000000e+08 -1.459435200000000000e+08
-6.605318400000000000e+08 1.073703680000000000e+08 -9.160550400000000000e+07
-1.043294720000000000e+09 5.013185280000000000e+08 -2.205341000000000000e+07
-8.965891840000000000e+08 3.584792960000000000e+08 -2.293697800000000000e+07
-8.661758720000000000e+08 3.015611200000000000e+08 -8.317497600000000000e+07
-7.082070400000000000e+08 1.198833760000000000e+08 -1.130505360000000000e+08
-6.790563200000000000e+08 5.756251600000000000e+07 -1.125077440000000000e+08
-6.192739200000000000e+08 5.080073200000000000e+07 -7.267488800000000000e+07
-7.771686400000000000e+08 2.120486720000000000e+08 -8.357464000000000000e+07
-8.533123200000000000e+08 2.908341440000000000e+08 -7.846914400000000000e+07
-1.387619456000000000e+09 8.710800000000000000e+08 -4.827944640000000000e+08
-8.119002240000000000e+08 3.017864000000000000e+08 -5.658767500000000000e+06
-5.696538240000000000e+08 -3.100491562500000000e+05 -8.437942400000000000e+07
-1.007922304000000000e+09 4.030151680000000000e+08 7.433644000000000000e+07
-6.346519040000000000e+08 7.654824800000000000e+07 -1.289860320000000000e+08
-6.781874560000000000e+08 1.284920960000000000e+08 -1.174328240000000000e+08
-1.507358080000000000e+09 1.024769088000000000e+09 -7.418391680000000000e+08
-1.226386688000000000e+09 6.263615360000000000e+08 1.071431040000000000e+08
-6.362554240000000000e+08 4.987173200000000000e+07 -5.202828400000000000e+07
-1.178980864000000000e+09 5.235131840000000000e+08 3.464237600000000000e+07
-6.046892160000000000e+08 6.853974500000000000e+06 -8.892399200000000000e+07
-1.254015488000000000e+09 6.567340800000000000e+08 1.361416960000000000e+08
-8.217607040000000000e+08 2.269453600000000000e+08 -8.056118400000000000e+07
-8.288476160000000000e+08 2.263512480000000000e+08 -5.048534800000000000e+07
-1.288219776000000000e+09 6.269773440000000000e+08 -3.288767800000000000e+07
-1.139750912000000000e+09 5.538452480000000000e+08 -1.647756320000000000e+08
-1.258342656000000000e+09 6.447241600000000000e+08 1.328792880000000000e+08
-9.064730240000000000e+08 2.636026560000000000e+08 1.329716500000000000e+07
-6.550510720000000000e+08 8.412788800000000000e+07 -9.092888800000000000e+07
-7.540462720000000000e+08 1.837144000000000000e+08 -9.674148800000000000e+07
-1.109662848000000000e+09 4.733143040000000000e+08 3.830236800000000000e+07
-9.219708800000000000e+08 3.477939200000000000e+08 -1.404407840000000000e+08
-1.152184576000000000e+09 5.211029120000000000e+08 -4.513200000000000000e+07
-8.101920000000000000e+08 2.415274240000000000e+08 -8.777588000000000000e+07
-8.994560640000000000e+08 2.488391360000000000e+08 -2.540576600000000000e+07
-1.060964160000000000e+09 3.505496000000000000e+08 5.465292400000000000e+07
-8.062939520000000000e+08 2.062601760000000000e+08 -1.148129900000000000e+07
-1.458419456000000000e+09 6.981059200000000000e+08 1.373193920000000000e+08
-6.997004800000000000e+08 9.429216800000000000e+07 -6.729000800000000000e+07
-1.348528768000000000e+09 7.541682560000000000e+08 -5.762332400000000000e+07
-6.350629120000000000e+08 -6.150281500000000000e+06 -5.095202800000000000e+07
-7.962071040000000000e+08 2.267886880000000000e+08 -1.100924480000000000e+08
-8.456297600000000000e+08 2.029503200000000000e+08 -6.641774800000000000e+07
-1.151971200000000000e+09 4.833094080000000000e+08 5.151408800000000000e+07
-1.198114816000000000e+09 5.579921920000000000e+08 -8.562555200000000000e+07
-9.408474880000000000e+08 2.862720320000000000e+08 -6.187400000000000000e+07
-8.554023680000000000e+08 2.222763200000000000e+08 -4.835555600000000000e+07
-1.495594240000000000e+09 8.534124160000000000e+08 8.104018400000000000e+07
-1.134922112000000000e+09 4.884726720000000000e+08 -6.600910500000000000e+06
-9.143685760000000000e+08 3.115753920000000000e+08 -6.773009600000000000e+07
-1.168216960000000000e+09 5.488746240000000000e+08 -2.047635400000000000e+07
-1.702844288000000000e+09 1.080531968000000000e+09 2.796319680000000000e+08
-1.523138176000000000e+09 8.580828800000000000e+08 -1.587460100000000000e+07
-1.976128128000000000e+09 1.473196672000000000e+09 4.496643840000000000e+08
-1.079930112000000000e+09 5.034322240000000000e+08 -1.094606560000000000e+08
-1.106237824000000000e+09 5.170797760000000000e+08 -8.997164000000000000e+07
-1.100495104000000000e+09 5.048963520000000000e+08 -4.323897600000000000e+07
-1.580229120000000000e+09 1.019190208000000000e+09 -8.847116000000000000e+07
-1.599837056000000000e+09 9.736139520000000000e+08 2.630237120000000000e+08
-1.430867456000000000e+09 8.926760960000000000e+08 -3.260638000000000000e+07
-1.145966464000000000e+09 6.185515520000000000e+08 -1.147456000000000000e+08
-1.085303936000000000e+09 5.292845120000000000e+08 -2.181860160000000000e+08
-1.318686976000000000e+09 7.498632960000000000e+08 -8.381131200000000000e+07
-1.027683072000000000e+09 4.593932480000000000e+08 -6.602346800000000000e+07
-1.602441216000000000e+09 1.055093120000000000e+09 4.605894000000000000e+07
-1.717443200000000000e+09 1.201538944000000000e+09 -9.135028000000000000e+07
-1.055973312000000000e+09 5.370316800000000000e+08 -1.396297440000000000e+08
-2.810081024000000000e+09 2.803878144000000000e+09 8.363710720000000000e+08
-1.222454912000000000e+09 6.924990720000000000e+08 -1.663622400000000000e+08
-1.625810432000000000e+09 1.232415744000000000e+09 -2.988828480000000000e+08
-2.114115968000000000e+09 2.074723072000000000e+09 6.091984000000000000e+08
-1.550244096000000000e+09 1.087877248000000000e+09 -3.354765600000000000e+07
-1.293644160000000000e+09 6.957427200000000000e+08 5.868248000000000000e+07
-1.074903040000000000e+09 5.195216640000000000e+08 -1.688743200000000000e+08
-1.008801792000000000e+09 4.379732160000000000e+08 -6.676376800000000000e+07
-9.573519360000000000e+08 3.986483200000000000e+08 -1.169820320000000000e+08
-2.241112576000000000e+09 1.719087232000000000e+09 1.815478080000000000e+08
-1.694556288000000000e+09 1.222647808000000000e+09 -9.908823200000000000e+07
-1.189400064000000000e+09 6.404728960000000000e+08 -1.087194480000000000e+08
-3.784288256000000000e+09 4.025652736000000000e+09 5.266706560000000000e+08
-1.681367808000000000e+09 1.335267712000000000e+09 -1.716913760000000000e+08
-2.032720384000000000e+09 1.761579008000000000e+09 -1.172700480000000000e+08
-1.722677504000000000e+09 1.297211648000000000e+09 -1.175054640000000000e+08
-2.959533056000000000e+09 3.058550272000000000e+09 -6.785671680000000000e+08
-2.919051520000000000e+09 3.315428608000000000e+09 -9.495656960000000000e+08
-3.901444352000000000e+09 5.383591936000000000e+09 -5.309520896000000000e+09
-1.904387584000000000e+09 1.579636224000000000e+09 -8.777081600000000000e+07
-2.495827712000000000e+09 2.581995008000000000e+09 4.964527360000000000e+08
-1.486672384000000000e+09 1.665521536000000000e+09 -2.936995840000000000e+08
-1.273335200000000000e+07 -7.327043840000000000e+08 -7.798818400000000000e+07
-1.273335200000000000e+07 -7.327043840000000000e+08 -7.798818400000000000e+07
-1.273335200000000000e+07 -7.327043840000000000e+08 -7.798818400000000000e+07
-1.273335200000000000e+07 -7.327043840000000000e+08 -7.798818400000000000e+07
-1.273335200000000000e+07 -7.327043840000000000e+08 -7.798818400000000000e+07
-1.273335200000000000e+07 -7.327043840000000000e+08 -7.798818400000000000e+07
-1.273335200000000000e+07 -7.327043840000000000e+08 -7.798818400000000000e+07
4.720158400000000000e+07 -3.610509440000000000e+08 -1.140426880000000000e+08
-4.139184400000000000e+07 -3.761476160000000000e+08 -5.451918400000000000e+07
5.664490000000000000e+07 -3.536393280000000000e+08 -1.358727040000000000e+08
7.227240000000000000e+07 -4.368154880000000000e+08 -1.004116480000000000e+08
7.105418400000000000e+07 -3.935578560000000000e+08 -1.138712240000000000e+08
4.687066400000000000e+07 -3.861934400000000000e+08 -8.482661600000000000e+07
1.524489600000000000e+08 -3.739786240000000000e+08 -7.655431200000000000e+07
9.824760000000000000e+07 -4.224681920000000000e+08 -9.847100000000000000e+07
1.942520480000000000e+08 -4.438745920000000000e+08 -8.653555200000000000e+07
1.203308800000000000e+08 -4.729093760000000000e+08 -8.199972000000000000e+07
1.333093520000000000e+08 -3.935022720000000000e+08 -1.145010160000000000e+08
2.362680000000000000e+08 -3.316216640000000000e+08 -1.077383120000000000e+08
1.471237120000000000e+08 -4.062836160000000000e+08 -6.461762400000000000e+07
1.558115680000000000e+08 -4.148502400000000000e+08 -6.082366000000000000e+07
2.291364640000000000e+08 -3.671642240000000000e+08 -1.064354640000000000e+08
2.025474240000000000e+08 -3.768647680000000000e+08 -1.180677840000000000e+08
1.804041920000000000e+08 -4.106510720000000000e+08 -7.108348000000000000e+07
2.868887360000000000e+08 -2.599552960000000000e+08 -1.655499520000000000e+08
2.354874400000000000e+08 -3.419210560000000000e+08 -1.163548560000000000e+08
3.264820480000000000e+08 -2.289711040000000000e+08 -1.324171280000000000e+08
3.898081280000000000e+08 -2.176075680000000000e+08 -7.950100800000000000e+07
2.559829600000000000e+08 -3.761836800000000000e+08 -7.788597600000000000e+07
2.352622400000000000e+08 -3.596441600000000000e+08 -1.110907680000000000e+08
4.819610560000000000e+08 -1.325189600000000000e+08 -1.708550880000000000e+08
2.380346400000000000e+08 -3.891977600000000000e+08 -1.000281280000000000e+08
2.651793280000000000e+08 -3.627326720000000000e+08 -9.512192800000000000e+07
2.473779840000000000e+08 -3.338961280000000000e+08 -1.080901040000000000e+08
2.788472320000000000e+08 -3.417563200000000000e+08 -4.612192400000000000e+07
2.575524800000000000e+08 -3.605475200000000000e+08 -1.168582400000000000e+08
2.888573440000000000e+08 -3.223412800000000000e+08 -7.495550400000000000e+07
2.723336320000000000e+08 -3.598862720000000000e+08 -1.048759040000000000e+08
3.150908160000000000e+08 -2.787963520000000000e+08 -7.266779200000000000e+07
3.587038400000000000e+08 -2.604291680000000000e+08 -8.396639200000000000e+07
2.745768000000000000e+08 -3.451199360000000000e+08 -1.012513760000000000e+08
3.129087360000000000e+08 -2.702871360000000000e+08 -8.700281600000000000e+07
3.363252800000000000e+08 -2.683759520000000000e+08 -1.567577280000000000e+08
3.027228160000000000e+08 -3.222321920000000000e+08 -1.392618720000000000e+08
4.110481600000000000e+08 -2.672958720000000000e+08 -1.285850960000000000e+08
5.162655680000000000e+08 -1.488937440000000000e+08 -7.641852000000000000e+07
3.728249920000000000e+08 -2.862108480000000000e+08 -5.467200000000000000e+07
3.893615680000000000e+08 -2.655033280000000000e+08 -9.678939200000000000e+07
3.800253760000000000e+08 -2.877616640000000000e+08 -1.310141760000000000e+08
4.017302080000000000e+08 -2.416162720000000000e+08 -4.175034000000000000e+07
5.326550400000000000e+08 -1.567855840000000000e+08 -1.003173920000000000e+08
4.837556800000000000e+08 -2.106043200000000000e+08 -8.010080800000000000e+07
4.346589120000000000e+08 -2.595545440000000000e+08 -8.100232800000000000e+07
6.524469760000000000e+08 -8.666667200000000000e+07 8.564078400000000000e+07
5.218646400000000000e+08 -2.340718080000000000e+08 -1.018365680000000000e+08
4.305564160000000000e+08 -2.739684800000000000e+08 -7.059485600000000000e+07
4.451997120000000000e+08 -2.531142240000000000e+08 -9.631549600000000000e+07
8.456782080000000000e+08 1.282812480000000000e+08 -5.041849200000000000e+07
8.785252480000000000e+08 3.246603600000000000e+07 -2.230108200000000000e+07
4.658752000000000000e+08 -2.414858400000000000e+08 -1.125760400000000000e+08
7.557282560000000000e+08 -6.812817600000000000e+07 3.811668800000000000e+07
5.256047360000000000e+08 -2.094510400000000000e+08 5.468894080000000000e+08
7.187680000000000000e+08 2.364201500000000000e+06 -9.793274000000000000e+06
7.975639680000000000e+08 4.360680800000000000e+07 -2.701430720000000000e+08
4.445229440000000000e+08 -2.771888000000000000e+08 -5.273155200000000000e+07
7.838499200000000000e+08 -1.138779600000000000e+07 -6.482198800000000000e+07
1.198956672000000000e+09 3.480435840000000000e+08 1.526489760000000000e+08
6.202209920000000000e+08 -1.446646880000000000e+08 -1.200002560000000000e+08
7.649436800000000000e+08 -4.083015625000000000e+05 1.051525440000000000e+08
6.137957120000000000e+08 -1.461353920000000000e+08 -6.057675600000000000e+07
5.833790080000000000e+08 -1.417328000000000000e+08 -8.428274400000000000e+07
6.947324160000000000e+08 -8.808168000000000000e+07 -5.968663600000000000e+07
8.781400960000000000e+08 1.189483520000000000e+08 -1.154331280000000000e+08
7.783139840000000000e+08 1.821442800000000000e+07 -1.052739760000000000e+08
9.640216960000000000e+08 1.700177120000000000e+08 -1.731086720000000000e+08
1.024170048000000000e+09 2.031044480000000000e+08 -1.254638800000000000e+08
9.619332480000000000e+08 2.049113600000000000e+08 -9.692208800000000000e+07
1.674139776000000000e+09 6.934549120000000000e+08 5.327301632000000000e+09
6.728150400000000000e+08 -8.895864800000000000e+07 -8.237055200000000000e+07
8.665230720000000000e+08 8.139752800000000000e+07 -1.037012640000000000e+08
1.286848000000000000e+09 4.573497280000000000e+08 -2.651722080000000000e+08
1.290090368000000000e+09 5.764300160000000000e+08 -1.333158080000000000e+08
1.098206208000000000e+09 3.630830080000000000e+08 -4.547996400000000000e+07
1.128125056000000000e+09 2.937515840000000000e+08 -2.000610800000000000e+07
8.343757440000000000e+08 6.583371600000000000e+07 -8.326712800000000000e+07
9.607957760000000000e+08 1.683321440000000000e+08 -1.914231040000000000e+08
1.414479872000000000e+09 5.691934080000000000e+08 1.240251360000000000e+08
1.635644544000000000e+09 7.636419840000000000e+08 -3.238650880000000000e+08
9.972019840000000000e+08 1.926661920000000000e+08 -1.884505920000000000e+08
1.297033728000000000e+09 4.500745600000000000e+08 4.315605120000000000e+08
1.125515904000000000e+09 2.857898880000000000e+08 -4.222278000000000000e+07
1.429387776000000000e+09 6.530506880000000000e+08 -4.589386560000000000e+08
1.496130688000000000e+09 5.669965440000000000e+08 -2.354052160000000000e+08
1.655665152000000000e+09 8.444801280000000000e+08 -4.431476800000000000e+08
1.437587200000000000e+09 6.166922240000000000e+08 -3.899625280000000000e+08
1.261701120000000000e+09 4.014205440000000000e+08 -1.930938720000000000e+08
3.869378048000000000e+09 3.067852288000000000e+09 -1.613140864000000000e+09
1.353331200000000000e+09 6.193891840000000000e+08 -2.925826560000000000e+08
1.711878912000000000e+09 8.762119040000000000e+08 -3.023021440000000000e+08
1.596091008000000000e+09 8.005642240000000000e+08 3.091520320000000000e+08
2.080674432000000000e+09 1.308120704000000000e+09 -3.761559040000000000e+08
1.887453184000000000e+09 9.502140800000000000e+08 -1.951170400000000000e+08
2.519378176000000000e+09 1.479680256000000000e+09 1.147579264000000000e+09
2.133707008000000000e+09 1.236299904000000000e+09 -2.660056480000000000e+08
2.813510144000000000e+09 1.936923008000000000e+09 -6.823252480000000000e+08
1.411806720000000000e+09 6.234084480000000000e+08 -3.254770240000000000e+08
2.366556672000000000e+09 1.550083328000000000e+09 -3.558192000000000000e+08
2.476722432000000000e+09 1.675654784000000000e+09 -2.763550720000000000e+08
2.204397312000000000e+09 1.400711552000000000e+09 -1.043958640000000000e+08
2.224791040000000000e+09 1.449506432000000000e+09 -5.991048800000000000e+07
-1.273335200000000000e+07 -7.327043840000000000e+08 -7.798818400000000000e+07
-1.273335200000000000e+07 -7.327043840000000000e+08 -7.798818400000000000e+07
-1.273335200000000000e+07 -7.327043840000000000e+08 -7.798818400000000000e+07
-1.273335200000000000e+07 -7.327043840000000000e+08 -7.798818400000000000e+07
-1.273335200000000000e+07 -7.327043840000000000e+08 -7.798818400000000000e+07
-1.273335200000000000e+07 -7.327043840000000000e+08 -7.798818400000000000e+07
-1.273335200000000000e+07 -7.327043840000000000e+08 -7.798818400000000000e+07
-1.273335200000000000e+07 -7.327043840000000000e+08 -7.798818400000000000e+07
2.860173056000000000e+09 2.224733696000000000e+09 -6.685923840000000000e+08
2.482136832000000000e+09 1.745866880000000000e+09 -7.960784000000000000e+08
1.295288576000000000e+09 5.764498560000000000e+08 -1.169245760000000000e+08
3.129492736000000000e+09 2.299968256000000000e+09 4.679242752000000000e+09
1.741957376000000000e+09 1.039939840000000000e+09 -4.206650240000000000e+08
1.757142656000000000e+09 9.972577280000000000e+08 -3.089957760000000000e+08
1.359574912000000000e+09 6.111054720000000000e+08 -3.270085760000000000e+08
3.584270592000000000e+09 3.115973120000000000e+09 -1.711440000000000000e+09
2.822908672000000000e+09 2.240035072000000000e+09 -5.685149440000000000e+08
3.372320768000000000e+09 2.626048512000000000e+09 -7.298151680000000000e+08
2.932405248000000000e+09 2.078156928000000000e+09 -5.242641280000000000e+08
2.704008448000000000e+09 1.965267712000000000e+09 4.567987200000000000e+07
1.303842688000000000e+09 5.352341120000000000e+08 8.331023200000000000e+07
1.203180672000000000e+09 4.410876800000000000e+08 -8.344941600000000000e+07
1.406274432000000000e+09 5.976775040000000000e+08 -2.765075840000000000e+08
2.143542272000000000e+09 1.340950656000000000e+09 1.850762624000000000e+09
1.493829248000000000e+09 6.776444800000000000e+08 -2.113999360000000000e+08
2.327000320000000000e+09 1.430080384000000000e+09 -5.564904320000000000e+08
1.179226752000000000e+09 3.593297920000000000e+08 -1.244003840000000000e+08
1.019645696000000000e+09 2.510164800000000000e+08 -2.029334880000000000e+08
1.069409728000000000e+09 3.035700160000000000e+08 -2.486936320000000000e+08
1.004866944000000000e+09 2.241733120000000000e+08 -8.599454400000000000e+07
8.494011520000000000e+08 7.079310400000000000e+07 -1.666749280000000000e+08
1.025229568000000000e+09 2.262976320000000000e+08 -2.119428800000000000e+08
1.269801728000000000e+09 4.340310400000000000e+08 -3.066494080000000000e+08
1.302349568000000000e+09 4.914170880000000000e+08 -3.610737600000000000e+08
8.095196160000000000e+08 4.610336800000000000e+07 -2.253033920000000000e+08
8.264007040000000000e+08 1.000349760000000000e+08 -2.518953760000000000e+08
6.503232000000000000e+08 -6.885676800000000000e+07 -1.788488160000000000e+08
5.163250560000000000e+08 -1.750128960000000000e+08 -1.367659360000000000e+08
5.963445760000000000e+08 -1.162642160000000000e+08 -1.702581440000000000e+08
6.876277760000000000e+08 1.072221600000000000e+07 -2.570244160000000000e+08
8.859290240000000000e+08 1.936436000000000000e+08 -2.753872000000000000e+08
6.571703680000000000e+08 -2.179844400000000000e+07 -1.838493760000000000e+08
4.938328000000000000e+08 -1.742786560000000000e+08 -3.614157200000000000e+07
1.118624128000000000e+09 3.981782080000000000e+08 -4.899570560000000000e+08
8.762735360000000000e+08 1.470907520000000000e+08 -2.398563680000000000e+08
1.068515712000000000e+09 3.080194880000000000e+08 -1.730084000000000000e+08
6.928288640000000000e+08 -3.830805200000000000e+07 -2.454534600000000000e+07
6.300108160000000000e+08 -9.501000000000000000e+07 -1.118212240000000000e+08
6.874434560000000000e+08 -3.119571400000000000e+07 -1.961916320000000000e+08
7.718180480000000000e+08 -3.354870600000000000e+07 -2.793820600000000000e+07
6.481769600000000000e+08 -5.832257600000000000e+07 -1.060102960000000000e+08
8.089120640000000000e+08 7.943776800000000000e+07 3.691098240000000000e+08
5.872978560000000000e+08 -1.267593200000000000e+08 -1.079384560000000000e+08
8.494359680000000000e+08 9.690426400000000000e+07 -1.177633440000000000e+08
6.760659200000000000e+08 -7.215908000000000000e+07 1.361004000000000000e+07
8.144160640000000000e+08 5.360441200000000000e+07 7.494974720000000000e+08
4.911739840000000000e+08 -2.096654560000000000e+08 -7.928954400000000000e+07
6.124949760000000000e+08 -1.310316240000000000e+08 -1.156888880000000000e+08
5.522638720000000000e+08 -1.594185600000000000e+08 -1.483912160000000000e+08
6.621312640000000000e+08 -7.942602400000000000e+07 -1.472282720000000000e+08
5.207132160000000000e+08 -2.029692000000000000e+08 -6.480675200000000000e+07
4.966231680000000000e+08 -2.349632160000000000e+08 -1.192323280000000000e+08
4.864527360000000000e+08 -2.280975200000000000e+08 -5.186522400000000000e+07
7.975912320000000000e+08 1.746805200000000000e+07 7.594915840000000000e+08
6.318901120000000000e+08 -7.413829600000000000e+07 -1.006599280000000000e+08
5.204712960000000000e+08 -2.054304960000000000e+08 -5.330952000000000000e+07
4.187720640000000000e+08 -2.400325920000000000e+08 -1.211297200000000000e+08
5.140702720000000000e+08 -1.704553280000000000e+08 -1.158822320000000000e+08
5.502396160000000000e+08 -1.324350640000000000e+08 -1.219653840000000000e+08
4.568829120000000000e+08 -2.175358880000000000e+08 -8.663590400000000000e+07
5.382359680000000000e+08 -1.679782400000000000e+08 -1.434989875000000000e+06
7.065690240000000000e+08 -8.124721500000000000e+06 -5.806412400000000000e+07
5.347563200000000000e+08 -1.642829440000000000e+08 1.335702500000000000e+07
6.195898880000000000e+08 -4.566625600000000000e+07 -1.858136480000000000e+08
4.417064000000000000e+08 -2.296970400000000000e+08 9.227857600000000000e+07
6.135078400000000000e+08 -1.192265120000000000e+08 2.258206600000000000e+07
4.792044160000000000e+08 -1.950016960000000000e+08 1.865015360000000000e+08
4.465423360000000000e+08 -2.050504960000000000e+08 -5.795447600000000000e+07
5.256164160000000000e+08 -1.493602880000000000e+08 -1.230897760000000000e+08
3.831200640000000000e+08 -2.763042560000000000e+08 -9.523690400000000000e+07
3.471196160000000000e+08 -3.209469760000000000e+08 1.694173000000000000e+07
3.968342720000000000e+08 -2.807635520000000000e+08 -8.111589600000000000e+07
4.486392320000000000e+08 -1.992076320000000000e+08 -2.721393400000000000e+07
4.610692480000000000e+08 -1.700298720000000000e+08 -1.199458080000000000e+08
4.362587840000000000e+08 -1.827279520000000000e+08 -4.805244800000000000e+07
7.440381440000000000e+08 1.086594640000000000e+08 4.638766720000000000e+08
4.648102080000000000e+08 -1.738151840000000000e+08 -4.281426400000000000e+07
3.814447680000000000e+08 -2.724310720000000000e+08 -2.622877800000000000e+07
3.930514880000000000e+08 -2.352897280000000000e+08 -6.047912800000000000e+07
4.441371840000000000e+08 -1.889688160000000000e+08 1.425362800000000000e+07
4.098966400000000000e+08 -2.410540640000000000e+08 -6.234600800000000000e+07
4.106761600000000000e+08 -2.633275520000000000e+08 -3.503074800000000000e+07
3.611496000000000000e+08 -2.952795840000000000e+08 3.376936400000000000e+07
4.081797760000000000e+08 -2.245521440000000000e+08 -1.144005360000000000e+08
3.052072000000000000e+08 -3.488046720000000000e+08 -8.536031200000000000e+07
3.012550400000000000e+08 -3.238403200000000000e+08 -8.128298400000000000e+07
5.120657920000000000e+08 -1.764545920000000000e+08 2.003639400000000000e+07
3.116351040000000000e+08 -3.295162880000000000e+08 -3.994873600000000000e+07
3.791660480000000000e+08 -2.645519840000000000e+08 -8.402628000000000000e+07
2.936367680000000000e+08 -2.818815040000000000e+08 -2.103069250000000000e+06
2.976593920000000000e+08 -3.172878400000000000e+08 -5.292068400000000000e+07
3.226061120000000000e+08 -2.542528160000000000e+08 9.510457600000000000e+07
4.293219840000000000e+08 -2.392558400000000000e+08 5.966229200000000000e+07
2.791628160000000000e+08 -3.065346880000000000e+08 -5.660323200000000000e+07
2.924137600000000000e+08 -3.150022080000000000e+08 2.494053400000000000e+07
2.428808000000000000e+08 -3.249406720000000000e+08 -7.450109600000000000e+07
6.065608320000000000e+08 1.514420320000000000e+08 -9.434908000000000000e+07
2.010178080000000000e+08 -3.248883520000000000e+08 -6.321814000000000000e+07
2.836818560000000000e+08 -2.637348960000000000e+08 -8.981946400000000000e+07
2.212617760000000000e+08 -3.429974080000000000e+08 -5.712601200000000000e+07
2.800662400000000000e+08 -2.464379680000000000e+08 -4.955306400000000000e+07
2.026977760000000000e+08 -3.057845440000000000e+08 -9.136292800000000000e+07
2.541931520000000000e+08 -2.761581440000000000e+08 3.218861800000000000e+07
1.360816000000000000e+08 -4.248768320000000000e+08 -6.397488800000000000e+07
1.404671520000000000e+08 -3.949305920000000000e+08 -8.012664800000000000e+07
1.479057920000000000e+08 -3.705592000000000000e+08 -7.501221600000000000e+07
1.735047520000000000e+08 -3.086410880000000000e+08 -4.022310400000000000e+07
1.378589280000000000e+08 -3.829398720000000000e+08 -7.263016000000000000e+07
1.756798080000000000e+08 -3.157525440000000000e+08 -7.372429600000000000e+07
1.234483920000000000e+08 -3.816630720000000000e+08 -9.590047200000000000e+07
1.260411920000000000e+08 -3.586866240000000000e+08 -9.782900000000000000e+07
1.109788960000000000e+08 -3.826265920000000000e+08 -7.944290400000000000e+07
1.117901600000000000e+08 -3.666745280000000000e+08 -7.646734400000000000e+07
8.583141600000000000e+07 -4.037034240000000000e+08 -7.285712800000000000e+07
1.350271200000000000e+08 -3.599521920000000000e+08 -7.958964000000000000e+07
7.599024000000000000e+07 -3.308290560000000000e+08 -8.853577600000000000e+07
5.831684800000000000e+07 -3.917661440000000000e+08 -8.160028000000000000e+07
9.447822400000000000e+07 -3.192328960000000000e+08 -7.768805600000000000e+07
5.011955200000000000e+07 -2.923667520000000000e+08 -1.021430240000000000e+08
1.777460600000000000e+07 -2.723668800000000000e+08 -1.017016560000000000e+08
2.917941800000000000e+07 -3.009024960000000000e+08 -7.394702400000000000e+07
2.336195400000000000e+07 -3.108347840000000000e+08 -1.134974720000000000e+08
1.594204500000000000e+07 -3.986652480000000000e+08 -1.005966880000000000e+08
1.504681300000000000e+07 -3.742870720000000000e+08 -8.947940800000000000e+07
-3.036701800000000000e+07 -2.998420480000000000e+08 -1.062045760000000000e+08
2.315647400000000000e+07 -2.722222720000000000e+08 -1.138245520000000000e+08
-8.288512800000000000e+07 -1.503448800000000000e+08 -1.207991360000000000e+08
4.857267600000000000e+07 2.324882880000000000e+08 -1.959000960000000000e+08
-1.491752160000000000e+08 -5.086658560000000000e+08 -9.526072800000000000e+07
-1.846018880000000000e+08 -4.586327040000000000e+08 -9.655688000000000000e+07
