4.312510781776258614e-03 -1.371693984199016079e-02 1.672569175352355691e-02
-1.460004015817661233e-02 2.939449114004229896e-03 -1.698160795656322502e-03
-1.449240366265597789e-02 6.329755019891307628e-03 -2.025500469067592450e-03
2.989872835039270559e-03 -2.311326378534673404e-02 1.568427483770097955e-02
-9.343929580933343915e-03 4.304421265036609094e-03 7.990909448220341951e-03
-1.991107370046646101e+06 3.057809065593318641e+07 -2.556318231529270113e+07
2.752174160210640728e+07 -2.650201172845246270e+06 2.804829000990324095e+07
-3.001492696360243484e+07 3.853801671174010262e+06 3.283816021729999408e+07
-1.349459687235649675e+07 -5.870115426175484061e+07 2.986988434565141797e+07
4.429073707059971243e+07 2.583464551685405150e+07 1.918087411955829337e+07
1.981760117651076242e+07 1.519581660475019924e+07 -4.566277051141192205e+06
-1.424438394669986889e+07 -1.620958124255521037e+07 -4.235790591392915696e+06
1.387598668100692146e+07 -1.576988290215347707e+07 1.052607624676729925e+07
-1.652690466487679863e+06 7.210989710861862637e+06 2.431116892269576341e+07
-7.834844577011988498e+06 2.569050733949314058e+07 -1.194099393462544121e+07
1.551450041451619705e+06 -1.075699657708687894e+07 -5.199659736371296458e+06
2.146953167591734976e+07 5.247260756226942874e+06 -6.990161430601768196e+06
-1.408894050335600739e+06 -1.336825567757957801e+07 -9.477203600971154869e+06
6.173581059846544638e+06 -8.682829709561994299e+06 6.489173715682457201e+06
2.465860129343750328e+07 -1.076000821066242084e+07 -1.462121859643445909e+07
8.421005220623504370e+06 1.531152373508547992e+07 -8.180270245072846301e+06
1.444296256770355068e+07 1.130988303373150993e+06 1.902136678662122041e+07
1.297010878410285711e+07 -1.440784864536542632e+07 -1.403285788847608678e+07
1.351814590655571781e+06 6.930160336609730730e+05 1.383334836790031567e+07
1.587565847258660011e+07 1.576713766609849781e+07 -5.818630453314753249e+06
-1.720820174341018545e+06 -2.187446781561789662e+07 -1.169355564894179255e+07
-1.561668510794481076e+07 9.590138770675936714e+06 -4.626332123900659382e+06
9.415628091145030921e+05 -1.119081411900840700e+07 1.596281411483128183e+07
-4.364798899093770422e+06 -2.105245699133931473e+07 2.380773264614856616e+07
2.008961497294725478e+07 -4.143556486897082999e+06 -1.788445052200742066e+07
-7.441510413196423091e+06 1.127538935736099072e+07 1.506811903400356881e+07
-1.307378635543426126e+07 -1.392916849869643524e+07 1.133551017845700867e+07
1.422647784896138124e+07 -7.772672297625176609e+06 -1.208338859355681203e+07
2.155577708793422580e+07 2.532364834817289561e+07 1.081119224459961243e+07
-1.070435742918206938e+07 1.241322050596974790e+07 -9.914874667315833271e+06
-1.553355080765550584e+07 -3.122416604812193196e+06 7.597206716474778019e+06
-5.571592579877663404e+06 -1.547020867276159301e+07 -7.670041421508436091e+06
1.092327179103983380e+07 -6.636570109154495411e+06 1.084112953143778816e+07
-1.662868450732141733e+07 -1.345270922092068568e+07 -1.022215036679203250e+07
-1.759874007267886773e+07 6.258387153406974860e+06 7.350149756581812166e+06
2.185072723708385974e+07 8.529656000768339261e+06 1.030387261789241061e+07
-4.211305995460136794e+06 -1.278432084836649708e+07 -1.046984141479307786e+07
2.793096490045514889e+06 1.404619282043014653e+07 5.602041032380833291e+06
1.928313227649767697e+07 -4.117477117288010777e+04 -5.580838387582142837e+06
-1.724013577726779506e+07 1.884150854796883464e+07 -7.561349573129510507e+06
1.561334843724639341e+07 -1.944719945484860567e+06 -1.647979982069607452e+07
-1.047342720246027969e+07 -1.476214417191573791e+07 -7.694174987124948762e+06
1.060682609721016698e+07 -9.995200132826808840e+06 -7.755273475399584509e+06
-1.163933864523220621e+07 5.405487869932297617e+06 -1.243596586991906166e+07
-1.869322649924030155e+07 -2.024760268785540480e+06 -1.158544158105389960e+07
-1.189897344197211415e+07 -1.837187114363989979e+07 -9.046668079290261492e+06
8.420216849264523014e+06 -1.389987652171085589e+07 -1.505074738960481249e+07
-1.122194202701184154e+07 1.218888288724422269e+07 -9.812758369446918368e+06
1.970661484586372226e+07 -2.042889858282511681e+07 3.113432310856859840e+04
-8.982643436887055868e+05 1.167555851288604736e+07 -1.003969720818520337e+07
-3.696041143256232608e+06 1.094481395306956768e+07 9.863111829775802791e+06
-5.261973917796733789e+06 -1.825535129905972257e+07 -7.982647021856756881e+06
3.950751813538514543e+06 1.544581641990943998e+07 -7.218836899315007962e+06
7.837458712149233324e+05 1.259238719722065516e+07 5.222305631304788985e+05
-2.859150237360129133e+06 3.670491315799125936e+06 -2.422574491720546037e+07
4.842566443559043691e+05 -2.310735704869304597e+07 -3.826232364923834335e+06
-1.761215606635172665e+07 -6.163383266751225106e+06 1.265624011643997207e+07
-1.265203009900277713e+06 6.075212372742150910e+06 -9.241247081123869866e+06
-1.114187412078979658e+06 1.153956483746246248e+07 -6.437095032910646871e+06
7.712432578181024641e+06 4.950062624024713878e+05 6.429038233624063432e+06
1.245216590731829591e+07 -9.134230882601147518e+06 -1.325661723192306980e+07
-6.875116117034181952e+06 -4.481735347863618284e+06 -9.658886565906791016e+06
6.207228181434146129e+06 4.932523837493230589e+06 1.019880550261692889e+07
9.541692670611962676e+06 1.279032519451781362e+07 1.032036178523594700e+07
-8.884828455269027501e+06 -1.154225716512798890e+07 8.524535257192591205e+06
-2.268186175246809423e+07 -9.776610562250906602e+06 1.427242158845368214e+07
-6.111084387713115662e+06 -6.764601164890962653e+06 -1.334364604120136797e+07
1.972465318263606727e+07 3.988456102302822750e+06 9.041753543793050572e+06
-1.248007421274146251e+07 4.822297968455342576e+06 -3.605384292077789549e+06
-8.350983897892053239e+06 -1.184491910868037492e+07 1.217647550939746201e+07
-1.188816915337712038e+06 -1.091596171203261241e+07 1.028116805273282155e+07
2.853709526305025443e+06 -3.664182173147839494e+06 5.855216029425750487e+06
-8.450136507018690929e+06 -1.446227485608195327e+07 9.345800824504989432e+05
3.231606261680397205e+06 -6.600052694698969834e+06 -1.500896519939079694e+07
-9.283204675008788705e+06 -5.357435509444690309e+06 -1.032731345188978501e+07
-1.184920855154222995e+07 -9.731840718220353127e+06 -7.968955926064210013e+06
-3.044744412779081613e+05 -1.329763565922517562e+06 6.835289731483843178e+06
7.424690795171534643e+06 -9.585437019543124363e+06 2.693867490018371493e+06
1.246918917446891218e+07 -5.243748606551500037e+06 1.023662624326214567e+07
-6.416874897534740157e+06 7.756297483485542238e+06 -6.781655450316482224e+06
-8.606225733862433583e+06 5.294270501104034483e+06 -1.208683231992016546e+07
1.074472527635719161e+06 -2.309298464273398742e+06 1.488337594028889574e+07
-4.991605605589658953e+06 1.996832365208159387e+07 -3.536209397592412774e+06
1.617147039408768155e+07 1.241971866300167516e+07 -2.227896801868349314e+06
5.800488035925498232e+06 5.137874763049960136e+06 3.750523336929521523e+06
-2.883607962245706934e+06 -9.308827835849160329e+06 3.004312967639635783e+06
-6.109615921025065705e+06 5.039873459827131592e+06 -6.268921702254726551e+06
5.816118700014258735e+06 -1.303022749155184999e+07 -3.187288061479189433e+06
1.375134854067388363e+07 -1.314532913529384881e+07 -1.611357551384920720e+06
8.676289390708811581e+06 3.256833721423499519e+05 1.225040447586880066e+06
1.163851079036604380e+06 -1.213102504077551886e+07 1.300184533484409191e+07
-1.243358796399392933e+07 -4.284113908546091057e+06 2.366798880647351220e+07
-5.466509808119052090e+06 -9.567848907255701721e+06 -8.814932074021896347e+06
-8.922039105174938217e+06 -2.980735834484786261e+06 6.795277211264425889e+06
-2.174226171927052364e+07 3.214608944032929838e+06 -1.635777655523209088e+07
1.409728065243503079e+07 -4.975959648292632774e+06 1.021445524045946635e+07
1.102653896748201922e+07 3.842951551738718059e+06 -1.726315537103588879e+07
-8.742404850267071743e+05 5.824355537070237100e+06 5.976015461282354780e+06
2.138925736505106091e+06 -1.817690058133785380e+06 -6.390430907161238603e+06
-1.170236541015509330e+07 1.077470268330712058e+07 -4.716732726669064723e+06
4.068528250491825398e+06 -3.056442107978898101e+06 -2.263562592137468979e+06
1.561235372980809957e+07 -3.145924415893402416e+06 1.095211995566388220e+07
5.144512731665171683e+06 3.219680867427719757e+06 -9.439174633992157876e+06
-7.673912001086613163e+06 1.244063167667396925e+07 5.177023628580942750e+06
3.954225153491870966e+06 7.334274002278870903e+06 3.603442939993117005e+06
4.745409658702652901e+06 1.229915698148123454e+06 6.484502774174795486e+06
-2.371220055271379650e+06 1.001854267110905610e+07 1.918560717387980316e+06
1.232759143298092112e+07 -2.859054187430783175e+06 -7.483905810398391448e+06
-1.003598475894626044e+07 -5.653387231463149190e+06 -6.026477689904334024e+06
6.957696113503200002e+06 -1.081377909713639319e+07 7.366632833250368945e+06
1.009337877707955986e+07 4.394185223483974114e+06 -1.279190560281084478e+07
5.940534426570805721e+06 -4.074383312693997752e+06 -5.399553844066177495e+06
6.453671195770956576e+06 3.258102486352362670e+06 -2.424433076200291980e+05
-6.486851328269819729e+06 -4.978946625005961396e+06 8.084881250410177745e+06
9.117781184138637036e+06 6.675933716554749757e+06 4.347816835728947073e+06
-9.902950195189194754e+06 -7.467511890261877561e+05 3.706464852593255229e+06
8.133807920509702526e+06 -8.003534105670983903e+06 -8.399048516167776659e+06
2.992621188029794488e+06 4.997747612545959651e+06 4.872156529776015319e+06
1.420561354528095217e+04 7.678158892585721333e+05 -9.352188272016700357e+06
-3.976508695626017172e+06 4.269478772601856850e+06 1.415287973222181574e+07
-1.774360212492520222e+06 -1.101595114004530385e+07 -3.769153759237383492e+06
-3.148824284145134967e+06 9.218872600175324827e+06 -4.127047934409101028e+06
-1.645865875644428190e+06 -2.336549773843938019e+06 -9.000829688176145777e+06
-5.087275909214882180e+06 -5.020511647710212506e+06 7.755557236173771322e+06
-9.054660693352296948e+05 9.258485459053317085e+06 -2.914740018320439383e+06
1.436016175438120263e+06 1.134976547889700904e+07 2.218131981049987953e+06
1.138674324818075821e+07 -1.301591422509936616e+07 9.975607160423377529e+06
1.344742792531249113e+07 -5.814059358020597138e+06 9.405814721371475607e+06
2.130077015966263600e+06 -7.764587668628612533e+06 -7.336098371952478774e+05
-5.422061266776704229e+06 -1.295228636278405087e+06 -9.635059683611061424e+06
-5.387469309026976116e+05 -6.190982879052517936e+06 5.210799770135904662e+06
8.258364047531501390e+06 3.719835184716153424e+06 2.606179876931932289e+06
-1.365558263662016951e+06 -3.172306301568520255e+06 -1.125505505770480260e+07
1.215997706946308352e+07 7.291094861215356737e+06 6.705552913006880553e+05
8.098670304524026811e+06 1.340474869643021375e+06 -3.466005231870552059e+06
-7.468549589004964568e+06 -8.426941566640315577e+06 -4.347937199232855812e+06
-2.309886149764903821e+06 8.612733961488360539e+06 -4.170595393466506153e+06
-1.181187004859879671e+05 -3.674713761649898253e+06 -5.678852948150846176e+06
9.834409979006040841e+06 1.747007664706551004e+06 6.165123401089020772e+05
3.911504953272259445e+05 -6.996819668732290156e+06 -1.173374054913597647e+06
-5.534084861027909443e+06 -3.881435434165507555e+06 2.083807133693028474e+06
2.573532575205877423e+06 -8.980917027200736105e+06 8.614134682951170951e+06
6.307993881959153339e+06 -4.957043455456564203e+06 5.763053722154828720e+06
8.622475808102108538e+06 -7.338670933670055121e+06 3.575065011627486907e+06
2.960154310752822785e+05 6.949657512582498603e+06 -7.161983168316953816e+06
3.766180642948484980e+06 6.327851729244004935e+06 2.287512469501672778e+06
7.282917577166128904e+06 -7.606977355267977342e+06 4.286176595405730419e+06
6.407046509262681939e+06 -1.081137384490286000e+07 -7.742662702243127860e+06
-4.166006177264030557e+06 -3.141111466944511048e+06 -9.318674141609037295e+06
6.357370582477781922e+06 3.741712820425231010e+06 9.450666610011529177e+06
1.260089826699385606e+07 -9.386387162611773238e+06 5.598861522750576027e+06
-1.393586088352065533e+07 8.948025245854225010e+06 1.867223110392323881e+07
1.277937955980478087e+06 -6.259564621834650636e+06 -8.233954171764874831e+06
7.451050576992784627e+06 5.557147895189678296e+06 6.873014463988194242e+06
3.017694746691801120e+06 -3.760334718647070695e+06 -4.368628526782404631e+06
9.148940768549129367e+06 6.904263810154670849e+06 3.721954551629723050e+06
1.446512518267468549e+06 -1.077114234827789105e+07 -8.031040608474916779e+06
7.360733169502482750e+06 -4.920400287115138955e+06 3.237703250449923798e+06
1.681359290476954484e+05 5.197554959764916450e+06 -6.097046360774101922e+05
-3.188497985532383900e+06 -6.580426893792297691e+06 -6.976843551556077786e+06
8.131658956574222073e+06 -5.098684054463313892e+06 -9.189255291412752122e+06
4.718523422243711539e+06 -8.327542500441767275e+06 3.788318241410412826e+06
-2.711432563317995518e+06 -6.953177457294678316e+06 4.642842919246803969e+06
-9.784352943968801992e+05 4.997674973674112698e+05 -5.424389226557096845e+04
5.363600180047059432e+06 -1.114847616441369057e+07 -3.069726826529778074e+06
-4.278050120427210815e+06 -2.823549471631618682e+06 2.527440291443667840e+06
-2.756206886462833500e+05 -2.996304795276287943e+06 5.724256145050201565e+06
5.395053203312062658e+06 -1.175601624317877460e+06 6.262957320106110536e+06
8.956888509208340198e+06 -8.390811033219588920e+06 -7.451827961146661080e+06
7.725295018845815212e+06 -7.439686354779474437e+06 5.278132025625418173e+05
6.941707825935350731e+06 -1.598418455743317027e+06 7.656340326308590360e+06
-9.808375856609787661e+03 -8.213790288087771274e+06 -2.703912560396952555e+06
-7.732818167501656339e+06 6.009975769784141332e+06 4.936827555010300130e+06
-7.293073598656054586e+06 1.349532950588001637e+06 1.075939101768765412e+07
5.316332565166766755e+06 2.256087921057269908e+06 -7.156508422760336660e+06
-4.205152381938925944e+06 -2.097164095505389385e+06 -2.009983218745919410e+06
7.153131909794803709e+06 -1.103501110638849670e+06 4.736351972834581509e+06
-6.848440739523268305e+06 -5.098469291418137029e+06 3.641066509819378844e+05
-2.310373758902377449e+05 -4.618436660627425648e+06 -3.632118822371593211e+06
1.744147615427747834e+06 -7.282945272477945313e+06 -7.579986965528270230e+06
-6.548196456726575270e+06 5.918765843873169273e+06 8.924659111165869981e+05
6.469085656360319816e+06 -5.139906309942938969e+05 5.515920131071050651e+06
1.158853573397287400e+06 -6.723843649144059978e+06 -2.191419966884410940e+06
8.063748758790262509e+05 -6.108664911086800508e+06 2.830969817173160613e+06
5.446453943627157249e+06 -4.324556735119568184e+06 -2.501671397752843332e+06
-6.354680943748982623e+06 2.523600406728338916e+06 9.022896783826142550e+06
-3.116636174066226929e+06 -7.281616792069188319e+06 -4.775898720757677220e+06
-6.982808001955285668e+06 2.326152190381150285e+05 1.069703102800594643e+07
8.450898593298187479e+05 -5.070628032668033848e+04 -8.083151141106213443e+06
-4.367849380919064395e+06 -4.287086062921323813e+06 6.042060702608915046e+06
3.177274801849878859e+06 4.029361164950293489e+06 7.491778544369890587e+05
-3.808736889706267044e+06 5.710383105670275167e+06 -9.758072953153701965e+05
1.921069293186747702e+06 -9.012771518215812743e+06 -5.172310529604843468e+05
-7.923899076122456230e+06 1.124267896301905438e+07 4.596286255219472223e+05
-2.262669132841700222e+06 -6.988930904379478656e+06 1.439632031377734151e+06
3.657488317876327783e+06 4.598209248816720792e+05 -5.883887779818263836e+06
-1.245923054205418564e+06 -9.050304746133524925e+06 4.184357985878598411e+06
5.378236400952313095e+06 1.803590758625786053e+06 4.038745220003566705e+06
3.031034772023316007e+06 -3.494567188257692847e+06 -1.208906643513626419e+06
2.937388701577200554e+06 6.477804017051065341e+06 -2.401264553297396284e+06
6.923619426980599761e+06 -5.935730652018007822e+06 -1.448226164201330859e+06
-7.147856873500040732e+06 2.984454096324101556e+06 2.659478204018838704e+06
3.487601156406033784e+06 6.887954821637357585e+06 -8.741752574368844507e+05
-2.255845451354562247e+05 1.813892218050017953e+06 5.766528127332161181e+06
3.182091245622362942e+06 -2.198677432262846560e+04 -2.949918835365161067e+05
-4.656792559092632495e+06 -1.718529446768761612e+06 -4.449649634429815225e+06
7.009975758267577738e+06 -4.785367472997710109e+06 -1.195715276121761599e+04
2.171554015879994724e+06 5.084068430793474428e+06 7.003000574083146639e+06
-4.383494812004273757e+06 -5.263873742333091795e+06 -5.973210145170645788e+06
5.806470218565248884e+06 -5.418279794146696106e+06 -4.553641835997149465e+05
6.327153239210883476e+04 3.370386053155786358e+06 -6.056761812042476609e+06
4.109229969582855236e+06 1.054571047139368951e+06 7.019404630379444920e+06
3.670132547819443513e+06 5.595779864049593918e+06 6.687226893003659323e+06
4.374800753126861528e+06 -4.992430595922978595e+06 -3.132824581782829948e+06
7.416321751910273917e+06 -8.723077306615125854e+05 2.244787037642916664e+06
-2.367066763150153216e+06 3.000385214281743858e+06 -5.125173260882186703e+06
4.361535953045856208e+06 2.079957883665423840e+06 7.485593178750244901e+06
-1.039965663121495629e+06 -2.189052749023747165e+06 -4.132475460814933293e+06
-3.818209597197553376e+05 -2.867736670545138419e+06 -5.070040269540475681e+06
-2.363410191308824345e+06 -1.845938472984934691e+06 -1.216581142422667654e+04
-3.298045228475449607e+06 -1.031344309053341509e+06 -2.127931656873725355e+06
2.044629276916444534e+06 2.060454733403734397e+06 4.694875075979297049e+06
-1.877275074493122054e+06 -2.653946684351664037e+06 3.298898725380041637e+06
7.140280309660616331e+06 1.816689150063951500e+06 7.358898884134101681e+06
-3.726887609389193356e+06 4.059000621638478711e+06 -3.637905321811126545e+06
6.072240846198761836e+06 -1.894451739627420902e+06 -3.924459755364099052e+06
6.051043441767855547e+06 3.124548137609216850e+06 1.613412609448307892e+06
3.604277636636711657e+06 -6.038252757864566520e+06 1.802077863674873486e+06
-2.713547369679303374e+06 3.713863119748973753e+06 -5.226533535244903527e+06
5.069170697119783610e+06 -3.320928361811841372e+06 3.073576992733446416e+06
2.768875594622262870e+05 1.652049606192640727e+06 6.621233211746887537e+05
-5.478822841005528346e+06 -6.766148422045286745e+06 -2.175282761833616067e+06
3.287339936854811851e+06 -4.385992245451650582e+06 -6.588938690355471335e+06
1.216013520472235046e+06 -3.825741133161547128e+06 4.063733208344158251e+06
-3.170316286019130494e+05 -3.634281721990006510e+06 -2.723274468758546282e+06
4.158609574542868417e+06 -3.385941749816510128e+05 3.674251141917974688e+06
5.694031244315055199e+06 -4.326393391637573950e+06 1.804210825192559510e+06
-6.251271810462581925e+05 -2.343268923583540134e+06 1.657574743620177498e+06
-3.563145767955482937e+06 -4.615850740057145245e+06 -1.659352184855970554e+06
-4.278469854169808328e+06 7.040293284073566087e+06 -8.375176706331043970e+05
7.086951973798767664e+06 -3.526776802596041467e+06 -1.306474689552556723e+06
-2.533883936638991814e+06 -2.659277119533936959e+06 1.046382711940864916e+06
5.896353036232599989e+06 3.798019566301829182e+06 -1.364963293949363288e+06
-4.283815115681283176e+06 -3.555272838169530034e+06 -6.106106730702848174e+06
5.624803662527421489e+06 -4.316476718948420137e+06 3.099202282227163669e+06
5.418869777887619101e+06 -5.696221003836494638e+05 4.795292927741598338e+06
-2.009250479221217101e+06 -5.337828130761974491e+06 -1.056495032124450896e+06
-1.016954684379926696e+07 -1.679573072421983816e+06 -1.405190918572235387e+06
4.885451266421617940e+06 -7.505165909977166448e+05 -7.393656095227436163e+06
-4.798278701732750051e+06 -7.753054311913433485e+06 6.338180411094482057e+06
2.729993173476852011e+06 1.376171486895238748e+06 -2.127139760809717234e+06
-2.843434833701793686e+05 -5.152037238403963856e+06 -2.505650958714793902e+06
-1.372580918076345231e+06 -3.747976301379140466e+06 2.826656181327319238e+06
-2.720272921809264459e+06 4.124324245112408884e+06 -4.748110807260698639e+05
2.214191006779590156e+06 -2.563712345013581216e+06 1.132417551459859358e+06
3.682653687636946328e+06 2.968086335629215930e+06 -2.819714581479923334e+06
1.219671628898227820e+06 5.049647116275461391e+06 -3.644552277982548345e+06
2.909224400821555406e+06 -4.433894897113065235e+06 2.953142337745919358e+06
7.448669391256659292e+06 -9.508274749576456379e+05 3.781667144897429273e+06
4.847248549344928004e+06 -9.209628702399753965e+05 -8.194516586556229740e+05
-1.790996467529336456e+06 3.535314309440794867e+06 -6.186282450078767724e+06
1.778348099796856986e+06 -6.766780268973937491e+05 4.108664673844134435e+06
-3.219731540966235567e+06 4.419393836453138851e+06 3.696346617963177618e+06
2.101187821907324251e+06 -3.615301062851638533e+06 2.796870998766193166e+06
6.210525577317759395e+06 -5.050314190205475315e+06 -5.124418828561430797e+06
-5.011562287797681987e+06 -2.436962920234185178e+06 -1.791867038806404918e+06
-8.780845669379780302e+05 -5.852071661376525648e+06 -3.076239966897453647e+06
1.605247316196481464e+06 1.478349527034973027e+06 -3.354084150693728589e+06
5.237377192107491195e+06 3.994201422326912289e+05 6.091165880266346969e+06
3.032948515071591828e+06 -3.955794884296757169e+06 -4.730215544352816069e+05
-1.985473367594960611e+06 1.909733798029602505e+06 -2.539304017936270218e+06
1.083991027526875259e+06 -3.485962164958807174e+06 3.524058622134639416e+06
2.443631923174206167e+06 -3.169879992670215666e+06 3.716036960353863891e+06
-4.609209970890932716e+06 -2.682061806838596240e+06 -4.514417282167714089e+06
3.115769069228767417e+06 -6.372847319279439980e+05 2.299561236010320485e+06
2.474634568971874192e+06 -2.911998582937004045e+06 -1.470343367507530143e+06
3.954490318368223496e+06 -3.978793903306481079e+05 -3.331784697253157385e+06
-4.385438369192045182e+06 3.132549085342128295e+06 -2.214010659347676206e+06
-3.491830364051011857e+06 -1.048988724028362660e+06 4.800549642905231449e+05
-2.833141982911023311e+06 -8.192817750626682537e+05 -3.528833807255696505e+06
-4.029854876903030090e+06 3.456346780301244929e+06 8.633607342392537743e+06
2.693603186858197674e+06 -2.463393267208261415e+06 -1.162066890979060205e+06
-3.664818301512811799e+06 -2.341369172644374426e+06 -2.720632065190910362e+06
2.747239291935971007e+06 -2.951832624260646757e+06 -1.734431538289679680e+06
8.340944952578896191e+05 1.391161507017816184e+05 -1.627452435143011622e+06
-6.313275227781131980e+04 5.543103522085230798e+05 3.154358061734664254e+06
2.117243325233142357e+06 2.240777840456738137e+06 3.789119188937181025e+05
2.829743888258026913e+06 -2.644717439508060925e+06 2.815010761279535014e+06
2.638471715702578891e+06 4.927222084693118813e+05 9.070348665669914335e+05
-4.881044164482404594e+05 -3.651780405027624685e+06 2.690696320852132514e+06
2.791866488612702582e+06 -1.927394898352141259e+06 -3.776761467981038615e+06
-1.306744752271135105e+06 1.001433844268430257e+06 2.093174420582035091e+05
2.646641252162829507e+06 -3.478836283364736009e+06 -2.379554622893649212e+05
4.163894091621669941e+05 3.591938755941584706e+06 1.036051038302481174e+06
-1.318758277159490855e+06 -3.230604169169943314e+06 9.874366679626319092e+05
-1.292240293779055122e+06 2.121691956881172955e+06 7.952532173102220986e+05
1.691081277649912285e+06 -2.389663420300892089e+06 3.735511682809338905e+06
4.797609902109932154e+05 -1.491869774902007543e+06 -2.352583025778396521e+06
-1.721648058029898209e+06 -1.968118369784666924e+06 2.891200140695895534e+06
1.977511161702525103e+06 2.415776354965339415e+06 -4.488190840940210037e+06
-1.584404133906196337e+06 1.906068352036090335e+06 7.612104229928473942e+05
-2.579849288296443876e+06 2.863491737270800862e+06 2.496002011253590696e+06
-2.364242758548004553e+06 3.292521769256267697e+06 3.858013123848958407e+06
3.492973681675468571e+06 1.293388969569476176e+05 4.863835120064095245e+05
-2.765295564984338358e+06 -3.153953882565085776e+06 2.303621358584193978e+06
-3.893905143541502766e+05 3.024722151222384069e+06 -3.769763572178783361e+06
3.261676894500851631e+05 3.179815607236399781e+06 4.114607108362173662e+06
2.761980940156858414e+06 2.701415229980364908e+06 -2.279094213206568733e+06
-1.845345023839883506e+06 3.368333441273870878e+06 1.253303369666887680e+06
-2.664463436762106605e+06 6.999656947905529523e+05 3.985150297231259756e+05
-3.106010074447762221e+06 -2.213354600783470087e+06 -1.452719966266984586e+06
4.912660100627083331e+06 7.383007745956686325e+06 -3.556594408499412239e+06
5.191105739565693075e+05 1.506622208039638819e+06 -6.824003556295864983e+05
2.636608668922886718e+06 2.878981733536648680e+05 7.365983141819175798e+05
-3.901033104818229331e+05 2.961129192324755713e+06 8.719902446981003741e+05
1.987651306538570905e+06 -3.297042587830350269e+06 2.765567034976119641e+06
2.016878691562895197e+06 3.250905482963949908e+05 2.354510752894945443e+06
-2.844384635686556809e+06 4.350069264830625616e+06 5.077098077971842722e+05
-2.879114247965128627e+06 -4.572039902878976427e+06 -2.889997172420213930e+06
1.676425547138285590e+06 -4.339116216953069903e+06 3.808766708870495204e+06
-2.455772146730415989e+06 4.578798852429029532e+06 -2.648536731965257786e+06
3.523441430365310051e+06 -8.456144832050231053e+05 1.257429669730179245e+06
-1.051348598243769631e+07 -1.599284963125450071e+06 1.117714672315577045e+07
5.483570896303633228e+06 1.705432693344313884e+06 2.080357248685047030e+06
-1.907418720741051657e+05 3.755684740505264141e+06 1.417536570977902738e+06
-5.135789026957564987e+06 5.663259875428094529e+05 3.068360942556366790e+06
-8.121639901838038117e+06 3.204448710166612291e+05 7.071832935022150166e+06
-8.927560117365112528e+05 -7.321268363244039007e+06 -3.005207256939309882e+05
-3.412127973178538494e+06 2.732055024503911845e+06 -5.126922540841000155e+06
4.453566308672737330e+06 -5.497733371872393414e+06 9.880905673137238249e+06
8.451628668391188607e+06 -6.853266037927878089e+06 -4.994702101606776938e+06
8.653502820475049317e+06 8.720889603033179417e+06 -1.051675878260215744e+07
8.532229757987387478e+06 -9.118672005510308081e+05 -1.013860384137317305e+06
-5.529979009260056540e+06 -4.419444175192613155e+06 -5.816099047792615369e+06
1.460718355008374201e+05 -7.152409116840355098e+06 -7.345343679340750910e+06
6.796656428101099096e+06 -7.117383946906250902e+06 6.895339312548279762e+06
1.393468001481076470e+06 -3.532345032771254890e+06 5.659154291074012406e+06
-1.112818624923477881e+07 -4.530901489836310968e+06 -3.447177821813491639e+06
-2.371548829451724887e+06 -1.656752502855559869e+05 8.090284459880221635e+06
6.143675715318773873e+06 7.348306964894119650e+06 1.682329594199118018e+07
9.512205613335322589e+06 -7.179155659406427294e+06 -3.947327868560377508e+06
-4.418366270211339928e+06 1.331168547774964757e+07 1.265941157990400121e+07
-1.193779678277203068e+07 6.651784448127428070e+06 4.383393138459782116e+06
-9.526309819232704118e+06 -1.061417536774013937e+07 8.757594431476375321e+05
-5.090945495780135505e+06 1.250090296600561962e+07 6.766745099023216404e+06
-2.570886040016153827e+06 -6.846348399339802563e+06 1.575127426820592582e+07
8.467345692662030458e+06 -1.377442044584141299e+07 8.500994018157307291e+05
-4.083510863189361524e+06 1.071281966714597121e+07 9.098433188743464416e+05
4.796661361542366445e+06 6.377485540868950193e+04 1.306134945446550101e+07
1.527845143136869371e+07 1.017932343112170510e+07 -8.281878494496919448e+05
-1.257963595140074939e+07 6.112875094580128789e+06 2.847277588534689508e+06
-1.002070004130553268e+07 -8.541206487596062943e+06 2.094469478238944663e+06
8.930985725646130741e+06 -3.548836834659179207e+06 -5.177473382664292119e+06
-5.058538698074097745e+06 -9.443214157102964818e+06 -1.360768435177880898e+07
-1.261890011336235888e+07 1.398047381237821421e+06 -1.360459854122688621e+07
-9.790973898885378614e+06 -6.118914207385795191e+06 1.974218148266825452e+07
-1.115316454594563693e+05 1.190490724694108590e+07 1.438454190006262809e+07
5.984904290028796531e+06 -1.399106697313502245e+07 -6.132739188408782706e+06
-9.699885217919217423e+06 9.982655668600652367e+06 -7.856820855801649392e+06
2.270868101008456573e+07 -7.521046974070702679e+06 1.510620509450031631e+07
3.082006725387319177e+07 2.840373531211779267e+07 -2.577455021715020388e+07
2.376104357669794187e+07 -2.016452729399046302e+07 -1.932908010311495140e+07
-1.720215539750986965e+06 -3.204450529594847187e+07 2.625239348093233258e+07
-2.789255554474986345e+07 -2.998242088564143050e+06 -1.888757032921959087e+07
1.446538377928807028e+07 3.157831334364476148e+06 -3.199995346526838467e+07
-1.219318029891213216e+07 2.024371929078493267e+07 3.533118201546294987e+07
-5.257058317032533698e+06 -2.783458856145086884e+07 1.329337522631960735e+07
-1.178445208848131634e+07 -1.016154654601701535e+06 2.518120789896128699e+07
-3.954208256660435349e+07 9.559863792032100260e+06 2.401085027866971679e+06
1.556719394959856298e-03 -9.424747295965006655e-03 6.138186615989430807e-03
-1.458456588061483351e-02 2.355527574257419016e-03 3.435562888229401566e-03
-2.018961771306287262e-02 -1.457880189509576374e-02 -9.008406139830721490e-05
-7.994073786679456797e-03 1.646225840156826401e-04 1.353055958043913529e-02
1.214122300095619653e-02 3.816191730887392736e-03 2.090552459314905590e-02
-4.766942716778104752e+07 -3.196384372146489471e+07 -3.858492377928370982e+07
3.851473383175574243e+07 -2.162350645285657048e+07 -3.506102853888681531e+07
3.943301817529758811e+07 -2.489221968517921120e+07 3.105022004694665596e+07
-4.053709204954840243e+07 1.281012060267223569e+05 3.060038738097273931e+07
-4.393853108264774829e+07 4.328354717277617753e+07 -3.228967315143002570e+07
-3.927764764841936529e+07 2.917359568299040943e+07 3.940187271221026778e+07
1.273608189063528087e+06 1.739992703411294147e+07 2.820559797661194578e+07
2.236141493108749390e+07 -1.370429020969431661e+07 -1.044843369623409025e+07
2.358607218821205199e+06 -4.735486072498492151e+07 -1.034339945537807234e+07
-2.121338879990776628e+07 -1.959664237132862955e+07 -1.766164990501706675e+07
1.737529635907706618e+07 -1.248414083135087788e+07 -6.266298682881684043e+06
1.272985364683921821e+07 5.952050954563092440e+06 -1.645945420804211311e+07
-4.602364397947711870e+06 -9.808346672254275531e+06 -2.762980588929576799e+06
-1.080290439233181812e+07 -1.705370477126105875e+07 1.524072542450347543e+07
3.303144312157086097e+06 -9.799019972264657263e+05 -1.863986452211716678e+06
-1.488070748583532311e+07 1.805884737684726017e+06 -4.492446158039434813e+06
-2.081205882642435655e+07 -3.613251876693587750e+06 -3.885827971536790486e+06
-1.548320995281634666e+07 -1.241095145670944639e+07 -1.543954286966283992e+07
-2.077453539876192063e+07 1.102992730259721540e+07 1.457809820896697603e+07
-2.886731070920240134e+06 -5.881685934719678946e+06 1.447692289073403180e+07
-1.807223360725813359e+07 1.061927539009720460e+07 1.943752767508891597e+07
-2.221710604512225091e+07 -1.920184651222988591e+07 4.188474380567603279e+06
3.999925072537153494e+06 -7.220834130300547928e+06 -6.581686845944955014e+06
-4.630617477814557031e+06 -1.224509872005819902e+07 2.142367871479499340e+07
1.120490615967169404e+07 -1.429594005912589841e+07 -1.031141772195587307e+07
5.380717731094148941e+06 9.980601569828845561e+06 5.929799689788175747e+05
-3.398385671467007603e+06 2.375543420299158897e+06 7.000725882394338958e+06
6.193455849092551507e+05 7.767937311101357453e+06 2.136896323923173477e+05
-5.651541174555908889e+06 -4.520176558781650849e+06 3.192082209614961408e+06
6.461841258210980333e+06 9.735222265313070267e+06 3.963760654810248408e+06
-3.266011218374820310e+05 5.076970657778859138e+06 8.287761428858101368e+06
-9.937996772031376138e+06 5.622671798561867326e+06 -3.108380072337271180e+06
-4.743525148887393065e+06 -2.238573647182529792e+06 -1.475555620403194043e+05
6.788197545527089387e+06 9.392143502598131076e+06 2.028319763497168897e+06
-6.069264102283463813e+06 3.292935331524998182e+05 1.979417342198890867e+06
1.753667265063038096e+06 -8.128841314478049753e+05 -8.731381097662184620e+05
-2.296122214212325867e+06 2.706259763118166011e+05 4.390476156172785908e+06
7.920925047010867856e+06 3.231987940923319547e+05 -3.935034292378338054e+06
1.690069869338597171e+06 5.223674094915443100e+06 -2.358077035265020095e+06
3.761639834865008481e+06 -3.379102869217956439e+06 -3.067676406122699380e+06
-4.296382988259129226e+06 8.309091326721606310e+05 -2.595136520437753759e+06
-3.106297788882912137e+06 -1.490559847601292888e+06 3.205903487720304634e+06
9.761871365541393170e+05 6.811496798060775734e+06 2.901007596375302412e+06
1.779041110234734137e+06 -4.170335794918434229e+06 -3.313089921070392244e+06
2.672865527555235662e+06 -5.342250131904548965e+06 -4.097667053715638816e+06
3.471867856839285698e+06 2.665263633184423205e+06 -4.864128568988092244e+06
-2.659130489619276341e+04 2.736594958284319844e+06 2.626819818599999882e+06
-1.479199363808471011e+06 2.403496517493382853e+05 -1.478788320761264069e+06
-3.708119328983983491e+06 3.486395421147599816e+06 3.407333594329219777e+06
-2.561593527386316564e+06 -2.327740641699171159e+06 2.032176231985093094e+06
-1.142362251949341735e+06 1.260416111053512199e+06 -1.673544860789943021e+06
-8.664376179439468542e+05 2.831651969821286388e+06 -1.239748257478070445e+06
2.910195054699809290e+06 5.194718963422035449e+05 3.866716273203756660e+06
-1.117467148373065051e+06 -7.739867260388820432e+05 -4.481643879200239317e+05
-4.918655367187654600e+06 -3.948862926738277543e+06 3.721721510602733179e+04
4.034684578827590682e+06 2.046119614177821204e+06 -2.316280373028880858e+05
-3.497505103617637418e+06 -2.860040403118204791e+06 -4.017380011007768568e+06
-1.201919605268307729e+06 1.077522102616229560e+06 -1.987957784338244004e+06
-3.342693494527470786e+06 3.696613816693224944e+06 2.571130511589305243e+05
4.787086971204260364e+06 -3.197187441986567341e+06 -1.940982724624641472e+06
4.096888380974273896e+05 -2.897154735220226459e+06 -2.460426917676690791e+05
3.904077217745634727e+06 -2.973351031995360740e+06 -7.104738135247169994e+05
2.353160396608692594e+06 1.027331857408890501e+06 -7.863397715048766695e+05
3.585736683698527049e+06 6.289030173770358786e+06 -6.340646377296167426e+06
-4.615185807566215284e+06 -2.261977484181136359e+06 -5.084549077326487168e+05
5.168573209118097089e+06 4.895030146408677101e+06 -4.744917211566844955e+06
-1.643080687870149966e+06 -2.769035421499734279e+06 -3.130633665708533954e+06
-2.900855994801008143e+06 -1.639391655096400296e+06 1.655412370292966953e+06
1.703761045085060410e+06 -6.879318059768651146e+05 2.921236028959926218e+06
-3.076717073236811906e+06 -1.227442929048609454e+06 -2.243519909216665197e+06
1.474128099638804561e+06 2.203411754863115028e+06 2.826242056590688881e+06
-3.474336931769572198e+06 1.562282458381214878e+06 -1.131217639083007816e+06
7.274334241354254773e+05 2.436034783723589499e+06 -1.646969029288356192e+06
-1.423127639486285392e+06 -2.293541573310809210e+06 -5.116617342272420414e+06
-2.754440174740823917e+06 1.899347529772538837e+04 -2.880062435344058555e+06
-1.180529355844065547e+06 -6.352104078869819641e+05 -3.490454670245469548e+06
1.895229983755160356e+06 -3.120648323379193898e+06 1.174946570382524980e+06
-8.874903576322220033e+05 -2.304525365441346949e+05 1.972778452270932961e+06
3.377519773477217648e+06 4.167759874382716604e+06 3.979727548843110446e+06
4.552799853913197876e+05 2.082788819846792845e+06 -3.463161887270215811e+04
-5.540774381277876906e+06 5.288144780314221047e+06 1.070815666245217901e+06
1.150368716476005735e+06 2.592819828183078673e+06 -1.606872391432784789e+05
2.882300928389106877e+06 5.005654419970601797e+06 -3.056967089548469055e+06
-3.229909863809974864e+06 1.539203362740836455e+05 -5.530368189170567784e+05
-1.544982033281847835e+06 -1.640299684436922194e+06 -4.871204544889781973e+05
-1.972392691375877010e+06 3.262117094982781447e+06 -5.388121780634663999e+06
-1.995135394767449703e+06 2.506077969731061254e+06 -1.801859036807157099e+06
-6.432236388103831559e+05 3.974280379627468996e+06 -3.318974747000578325e+06
3.663981349315684289e+06 -1.104196002766711405e+06 -4.988967110183526529e+04
2.938813117777178530e+06 -6.027518347853883170e+06 -4.630440207537260139e+05
-4.234303867395701818e+06 2.269665935235396901e+05 3.639372908853961155e+06
-1.234983351445416221e+06 9.726629735874605831e+05 -1.289780353911691811e+06
3.433793100415860768e+06 -1.638492087024009088e+06 4.085220035965049639e+06
3.056242705926882569e+06 -2.121041322554178536e+06 1.054915421357335988e+06
-1.541053751647114987e+05 4.558057477269168943e+06 1.320091829034359893e+06
-2.081447768758399878e+06 -2.807920613251585979e+06 2.210469562546242960e+06
-5.122935349121125415e+06 3.804518110340615734e+06 4.022788214809721685e+05
-9.414770208567413501e+05 2.003068740428414429e+06 2.222703497554065660e+06
-2.565922398669200484e+06 3.204009734939462505e+06 -6.482012801508855075e+06
-6.886692826356173027e+05 2.563030282996358816e+06 -2.089349158393504098e+06
-1.344077126557518030e+06 -3.380366882574877702e+06 -3.327971992795626167e+06
9.150662536091075744e+05 2.686092239940760657e+06 4.857704580484532751e+06
4.386690101578438771e+05 -3.997860547427662648e+06 -7.086819088253512979e+06
-3.779222204935409129e+06 1.389555478639896493e+06 3.084567722713248804e+06
1.633784507927966071e+06 4.033947549024047796e+06 5.798448476018982939e+06
3.580592733778572641e+06 2.917457431379458867e+06 2.708957458919021767e+06
-1.815087356745074969e+06 -1.607493184819531394e+06 4.054442122623631731e+06
-2.384900157816234510e+06 3.039091224371816497e+06 2.691934729121006094e+06
1.805416410734810925e+05 -1.783255916658972157e+06 -4.482529610611117445e+06
3.354849010371768847e+06 -4.647320010128540918e+06 -1.132278351017620647e+06
6.444239714423484169e+06 6.086644554549929453e+05 -5.790047338987619616e+06
-5.860213978004351957e+05 6.443322866117126308e+06 7.084299997159224004e+05
-1.102918573036016198e+06 1.024494099368881783e+06 3.724217948754895944e+06
-2.530931815287902020e+06 -7.577167699344112771e+05 1.327734396834736690e+06
1.471791081823389104e+05 2.001268276227582013e+06 -1.160519275345613569e+05
-4.962882838169381022e+06 5.944466050552083179e+05 -3.397049416286165360e+06
-6.947717965674214065e+05 4.796088790746258572e+06 3.845627625392736867e+06
2.555136493710447568e+06 3.807369999407332391e+06 -3.632838265675710980e+06
-1.481935921424518339e+06 -5.132828603479410522e+06 -4.809182103746190667e+06
4.432079975168734789e+06 2.635910702476178296e+06 1.118203804873773879e+04
1.821885045360964490e+06 -2.791205866727059707e+06 4.244844707549518906e+06
-1.668253711061590118e+06 8.005511578498756280e+05 -2.639826991982641630e+06
-4.629620889854086563e+06 -5.583058488261275925e+05 2.479066544395046309e+06
-2.323509869450916070e+06 -2.035108464236836415e+06 -4.599562161623167805e+06
7.083805897052747197e+06 -2.836290272406313103e+06 4.474035480002979748e+06
3.776361514376461040e+06 -3.049395667132892646e+06 1.754589750540464418e+06
-2.124013622174358461e+06 -2.612675464819528162e+06 -1.089173493760566489e+05
3.707809572485043202e+06 -4.288215245595474727e+06 4.309957338289660402e+06
-2.839750418056374881e+06 3.285647799565033638e+05 -7.745804654841452138e+05
5.665760044801670127e+06 -2.421420710609442554e+06 1.204643119233962381e+06
-3.717880170113341883e+06 -3.443704877014062367e+06 2.865254970896210987e+06
-9.904963323397677159e+05 -1.290604052327795886e+06 -8.726307114633919671e+06
-7.401228198836302618e+05 -1.367431939797300147e+06 6.449370067740211962e+05
4.310551423731243704e+05 -3.751646786550960969e+06 -7.084635588224220555e+05
-1.521746762971085554e+05 -3.620342276889819652e+06 9.528541842590438901e+05
3.977710096805149689e+06 7.314174207367887720e+05 -1.045927821282697609e+06
4.119732730603263248e+06 -4.511494214001080021e+06 3.286160040487609804e+06
-3.747004003590972163e+06 3.634636569589057937e+06 -5.900661221925205551e+06
5.549495601794917602e+05 -2.752103171674729791e+06 -2.981061520400794689e+06
-6.384495634796482511e+06 -2.070851280739363283e+06 -2.023764355724260444e+06
8.260407193454755470e+06 -8.843468937972357497e+06 8.585304955307712778e+06
-9.428376868286660174e+05 6.202174340167453047e+05 7.481903240449179430e+05
6.223623728234398186e+03 4.521125296359543689e+06 -3.497444832037279848e+06
-2.865247520893111359e+06 3.415673708611581940e+06 -2.886756554048136808e+06
-5.512174526243234985e+06 9.063405315030497732e+05 -3.858445809445695952e+06
-4.026323104364268016e+06 3.511061725237576757e+06 -1.798314397094203159e+06
3.707360410172220785e+06 -2.321532394506234210e+06 -5.794511346797270700e+06
4.730273264195512456e+04 -2.443676271451123990e+06 4.388140066631471738e+06
1.018520321865370311e+07 -2.642718451526530087e+06 6.473426218081396073e+06
5.613213634756983258e+06 -4.227647406140530482e+06 -4.295598598953004926e+06
-1.270956876809746725e+06 -3.130342461790162139e+06 -5.890018789645795710e+06
-5.838617947515641339e+06 -6.376352220006701536e+05 1.504646797221767774e+05
-3.694943011593525298e+06 -1.827733431706469273e+06 -1.903440040686629945e+06
-3.711585418013769202e+06 2.618255617725546472e+06 7.004515187664171681e+05
-2.380307071353156585e+06 -6.967143121217509732e+06 -1.338352835642633494e+06
3.683603819970512297e+06 3.370666073359088507e+06 -1.389307602298085578e+06
-2.356496310345469974e+06 4.525710666455138475e+06 -3.088512347135866992e+06
2.888697290331786964e+06 1.462850388239497552e+06 -3.485545700615771580e+06
-4.168278807293527760e+06 6.504660972038160544e+05 -8.902685717472832184e+05
-1.664189313244912482e+05 5.461373449951139279e+06 -1.197942293844562257e+06
3.334020059766938444e+06 -4.933708121309183189e+05 3.262891599276337773e+06
4.675773743294982240e+06 4.693288127164775506e+06 -8.486241539301953744e+05
-5.529721949591415469e+05 2.218388665639406536e+06 2.984369547695288435e+06
-3.386737166242080275e+06 1.861197831792247016e+06 -4.609545658583759330e+06
-6.829509369644193910e+06 5.309732534343003295e+06 2.373373577448937111e+06
3.433885988140408881e+06 -4.049945758486841340e+06 6.684572130038921721e+06
-2.273850173785364255e+06 5.379821257010425441e+06 6.204551643457042053e+06
-1.298907398329245625e+06 -3.771049839306819253e+06 -4.695756269151857123e+06
7.338279592805484310e+06 -8.579367037076851353e+06 3.658678564285994973e+06
-1.148784001240259781e+07 -6.177677473156452179e+06 -1.222802145802218281e+07
-7.671991680662408471e+06 1.664293009002560051e+06 1.243778241349621862e+07
1.828684266233338043e+07 5.895347627324483357e+06 -1.452381890809621103e+07
4.091244383956228849e+06 1.634598706776838936e+07 2.150247814141144603e+07
-1.994617698040715186e+06 -1.454808994381081499e+07 -3.968693589644608088e+06
-6.131242437826981768e+05 3.715329122363300622e+07 -1.104339958404823393e+07
-2.100550574312904477e+07 -7.432169164345919155e+06 1.869662427954303101e+07
-1.054002812953049317e+07 1.008569875345352292e+07 1.403786090536325052e+07
-1.602437863463787362e+07 1.133868705958190188e+07 -3.324079286493831500e+07
1.333130772171306835e-02 -3.409223979204443946e-03 1.375153907392506411e-02
-7.155024003848133030e-03 -1.556538863733207025e-03 2.404337951665758144e-02
1.971451258707295970e-03 -2.423963044127322095e-02 5.638575267971761805e-03
4.022660223270157522e-03 -2.143190402544084897e-02 5.284065988840078512e-03
-6.866668960157948546e+06 -4.586709073714613332e+05 7.380135796654119156e+06
-8.577970398976560682e+06 -2.543409533473749459e+07 1.721772286033731326e+07
5.204400634571867064e+06 -2.620973995192981511e+07 1.820030157755663991e+07
2.010846890310197696e+07 -1.356604207280304842e+07 6.898495320365545340e+06
-1.139713072237198800e+07 -2.514169561093717057e+05 1.931410990462637693e+07
2.621958300912532024e+06 1.890976085878158733e+07 -6.035185316547910683e+06
2.241931817068294063e+07 -2.625355598024372011e+06 1.654598461632608203e+06
-1.052726005690812692e+07 -1.768767211490169913e+07 5.312011054382119328e+06
2.069179893301376374e+06 1.055011670978131890e+07 -1.041462820971926861e+07
-1.025839074768937938e+07 7.203867628832438029e+06 -6.072933373509533703e+05
1.151128973421596549e+07 3.684806037009198684e+06 1.055210846993330494e+07
9.532471592545678839e+06 6.640414258978216909e+06 -6.572707594697080553e+06
-1.473949309528560145e+06 -3.745371620058380067e+06 -1.601855306485154666e+07
-8.451943367951080203e+06 1.389543841454169247e+06 6.069287556990426965e+06
6.140146077694598585e+06 1.955916381077647966e+05 -2.131014740486661904e+06
-7.182828846158611588e+06 7.993488309699429199e+06 -4.787401355441763997e+06
3.402634663543982897e+05 7.033539310391879641e+06 -2.185405529592765495e+06
-2.008093437167797005e+06 4.454663994744051248e+06 -4.578690813337878324e+06
-5.630770530672739260e+06 -8.529141990569469053e+05 8.157982713718703017e+06
-1.804893105159788392e+06 -4.275941011307361536e+06 -2.778371023742830846e+06
-1.068283114958672319e+06 5.358266195275248028e+06 3.492137126307247207e+06
-4.560705583713972941e+06 4.386262164041282609e+06 1.683628518490440678e+06
-3.731887329614701681e+06 6.409090438396111131e+06 -5.443065046965532005e+06
1.923321039338620030e+05 9.736890954625068698e+05 3.011982835015140008e+06
-5.305393463782651350e+06 6.912328061097764410e+06 1.060664552158386214e+06
3.191997215672067832e+06 -3.896497442721236730e+05 -5.432467097779035568e+06
5.441552271079017781e+06 -4.611349141806920059e+06 3.255698777373124380e+06
1.641909658846723381e+06 -3.642736179280691314e+06 -4.760657015387920663e+06
-5.865311700477086008e+06 -6.962839826887096278e+06 8.442116940838388400e+05
-1.791580313698822865e+06 -9.968245680685367435e+06 2.415126132365658879e+06
1.904481357657259563e+06 5.697661840954408050e+06 -3.905444380684213247e+06
-4.169297783656452782e+06 -6.305330915445541032e+06 -6.461197402937008999e+06
-1.438272630934755085e+06 -1.153312411214601435e+07 1.966538721926864469e+06
-5.199137877346092835e+06 -1.883725059744268656e+06 7.266415333882428240e+05
2.063411872450502589e+06 2.883719914047664963e+06 1.936024891669531586e+06
-4.707013564807881601e+06 -4.820066761072236695e+05 4.749492447373063304e+06
5.506083126760658808e+06 6.110759745348303579e+06 -5.980806443527028896e+05
4.180298323036586866e+06 -3.010984244689442217e+06 -4.212045314874235541e+06
4.079727185434866231e+06 -3.821896334450590890e+06 1.157474311021057889e+06
6.152075033876823261e+06 1.564689579914560774e+06 -1.246889796464696759e+06
4.362144620796587318e+06 3.777839046996381599e+06 -2.383840172587784939e+06
1.946659090822740109e+05 -6.520279938163289335e+05 -3.811324876330498373e+05
-3.182448149536829907e+06 3.008989326935952529e+06 -1.228030825776881073e+06
3.916594634833709802e+06 1.102900177665768657e+06 -5.088752309100435115e+06
3.043199602361145429e+06 -4.111128133530165069e+06 1.280402278182081645e+06
1.442354489678302314e+06 -3.231964986057810020e+06 -3.338227196568271611e+06
-1.649852996909715235e+06 -3.660785453088896349e+06 2.211931345893859398e+06
-1.010620032069471781e+06 1.351936076242732117e+06 1.230483756011517020e+06
-2.710665172289120965e+05 -4.642604485843533650e+06 3.195130266217820812e+06
3.907734422987830359e+06 -1.828438998152982676e+06 -5.270921578794687521e+05
3.012741781019603950e+05 -1.787738701305441791e+06 4.619258080727596767e+06
-3.195210998773250263e+06 -2.469520324236492626e+06 5.487370377804694697e+06
2.725318795102673117e+06 -1.364186830177458469e+06 1.890128003934817854e+06
7.532413900962298503e+05 -3.043436176517810207e+06 -3.113873529469160829e+06
4.679907110901705921e+06 1.697101221658461727e+05 3.745828771197394817e+05
3.192464198551893234e+06 2.861739631933153607e+06 1.216318060920347925e+06
9.539473353380832821e+06 2.950632221869063098e+06 -7.452694749253844842e+06
-3.977993609178942163e+06 2.388682748219553381e+06 2.179323605602161959e+06
-3.916754669136556331e+06 -1.972410110429845750e+06 -1.368327012653195066e+06
-3.701908315151627176e+06 -1.908661961230415385e+06 -2.882542245013617910e+06
2.457490406269336119e+06 2.677229664391428232e+06 2.608206771177622490e+06
1.877864966734960908e+06 -1.024662821834570495e+06 -3.174434755149917677e+06
4.546987467920794734e+05 -1.870983870310352882e+06 -6.212385735439347336e+05
4.076491215402022004e+06 -1.753834223270565737e+06 -2.315871215526951011e+06
-2.302521862054354977e+06 2.254647783843712881e+06 1.410156113794089993e+06
-3.769660580688207876e+06 -1.914791591510885861e+06 3.516851767984270118e+06
2.204796943030381575e+06 -4.565503496173796244e+06 5.227213221870348789e+06
2.499177413381519727e+06 1.277751024948385078e+06 2.619858314799537417e+06
4.868403716995821451e+05 1.549688171108972747e+06 3.553095710464527365e+05
3.645638807643351174e+04 1.773970259318696335e+06 -2.042463961282450939e+06
2.771080418647400569e+06 2.871935291544288397e+06 5.038507616510654916e+05
-3.621268785682384390e+06 -1.106820885588655248e+06 -3.517209850095029920e+06
-1.537737866077772807e+06 1.718378013374414295e+06 -4.655717476674051024e+06
-1.792669221241706284e+06 2.566870787750009447e+06 2.575857020646510646e+06
-3.291596248661752325e+06 3.547968793037449359e+05 -2.606948721155571751e+06
5.448425058693620376e+05 1.869475010017432738e+06 2.645514550654148217e+06
-1.609745435493078083e+06 -2.936271350419427734e+06 2.792794516965981573e+06
6.506182022623408120e+05 -3.343699555889274779e+04 -3.524528119419574796e+04
1.418137794083303772e+06 -1.280935106968365610e+06 -4.325555758415383287e+06
2.237455894537345506e+06 2.125859595196242910e+06 -1.626778593646058580e+05
-1.720480100525737507e+06 2.900163565916009247e+06 1.348633129478927236e+06
-2.130680060396412387e+06 -6.624992352231080877e+05 2.152338437681350857e+06
-2.335275390349280555e+06 -9.302494203607108211e+05 -3.193153421731128357e+06
-5.400818940609323792e+06 -1.707786132869108813e+06 4.276628013599734753e+06
2.331783393403407186e+06 3.718156977634163108e+06 3.812804732686550356e+06
2.481647372561511584e+06 1.267775169430578593e+06 2.813937199713055044e+06
-3.209987829292254522e+06 -3.981515012269488652e+05 1.525982018400581554e+06
4.931956984987523407e+06 -2.625446435997068416e+06 -2.438601365488700103e+06
4.375172460854687728e+06 -4.709755479494005442e+06 2.892327390412557870e+06
-2.755780928179065231e+06 4.041965059714002069e+06 -3.533689859053577296e+06
-4.232290454104764387e+06 -3.987622139066702803e+05 5.204819890321539715e+06
-1.402608549590622541e+06 -7.289964485471266322e+06 -2.412153822488604113e+06
-2.165376525802945253e+06 -3.570988891433602199e+06 2.509369291982609779e+06
2.714620266839795280e+06 -2.090504164845178020e+05 -4.381026496932292939e+05
7.515628908534600632e+05 1.547085661931006238e+06 -1.503137405424142024e+06
-2.949106907925105654e+06 -2.692947099365897942e+06 -4.269050619494393468e+06
1.363522463772797026e+06 8.201103304061974632e+05 3.029918050401919987e+06
6.626883390060305828e+05 4.288138011768250726e+06 3.310772648261737078e+06
5.503098308223292232e+06 1.548896204813309014e+06 2.604607131256587803e+06
-6.881076008946042566e+04 5.815191323307805695e+06 -1.512837368357193889e+06
6.187430345057836967e+05 2.398425211955799314e+05 2.294547621042816900e+06
1.507767201647309586e+06 1.837899365164110204e+05 -2.212297703801936004e+06
3.091229019312714809e+05 -1.894895474819002673e+06 1.124201830148467561e+06
-3.884782066121746786e+06 2.874008920120752882e+06 3.239193350877549965e+06
-2.622617353398323990e+06 -3.126092470260644332e+06 3.052370601677225903e+06
-4.376242427559485659e+06 2.867777518150098622e+05 -3.368125136910457630e+06
4.343829643406050280e+06 2.534004142138631083e+06 2.024821927221561316e+06
2.286584171210496221e+06 2.486067383898553438e+06 -7.778813725500119617e+05
-3.776090258466097526e+06 -2.590382009812275879e+06 -3.410061880734333768e+06
4.608110856344745494e+06 5.273308206841129577e+05 3.111565308112105820e+06
3.372804262218297925e+06 1.476978971625070553e+06 -2.074566919691430172e+06
-1.443090470266024349e+06 -2.481950236753422767e+06 3.226690128328773659e+06
-3.104124069509910885e+06 2.875503751458603889e+06 -2.051220803240209818e+06
-3.810003716100144200e+06 4.211242473072837107e+06 1.112232956358260708e+05
2.910598491951296572e+06 1.460680041149392724e+06 1.173854237393100280e+06
-1.356805089212534716e+06 1.996255513275973964e+06 -8.118555124531762674e+06
2.961381265382291749e+06 7.922012823139744578e+05 -2.228911649108147249e+06
3.774466330401215237e+06 5.469881251487450674e+06 -1.120863197067124071e+06
4.964489957504577003e+06 1.594083197674696799e+06 -3.334871498444372322e+06
-2.558383864280263428e+06 5.789288633503204212e+06 6.022631952789622592e+05
-8.133926631339510204e+05 -5.474784708918778226e+06 -2.443019609909871127e+06
3.540096187770022079e+06 -5.804305327851830050e+06 5.526146556806361303e+06
-1.199734462683027086e+05 -3.611746954509238247e+06 7.463761714063861873e+05
-2.516794388277603779e+06 2.257196013633296359e+06 3.574832849437653203e+04
-3.679369068882724270e+06 2.913516687600929756e+06 3.048765646188551094e+06
-4.084192855383147951e+06 2.740211232200565282e+06 3.920479092933034990e+06
-4.376735698800562881e+06 4.647521614984380081e+06 -6.382169405448570848e+06
-5.939006039590334520e+06 1.856863738005623454e+06 -4.386089667107565328e+06
2.066241695660599275e+06 -8.851091418101454154e+06 -1.138779351438391209e+07
4.831829171523189172e+06 5.170137788227776997e+06 9.191774099327983567e+05
4.617289866585546173e+06 -7.020712205162170343e+06 3.438041782032742631e+06
3.628481256409253925e+06 5.021536142701999634e+05 -4.905008520982040092e+06
4.865072858562795445e+06 2.754851899431446800e+05 -1.596370046705738874e+06
-3.301296192386028823e+06 -5.925223110632739030e+06 2.909266904421190731e+06
2.372863437951574568e+06 1.132705278636391275e+06 -7.967068290044832043e+06
3.888109561990672257e+06 -4.802963370161516592e+06 7.440362272845892236e+06
-1.769992097489827545e+06 7.054940498502824455e+06 4.518318621875880286e+06
5.986278914972989820e+06 4.714551334206984378e+06 -9.121749322345027700e+06
3.926883189561083913e+06 -5.247737401181750931e+06 6.972894173103240319e+06
7.977065363539576530e+06 -6.844075864407174289e+06 1.754183036045671673e+06
-4.692656751379347406e+06 2.138420938110426534e+06 7.249896174342686310e+06
-4.391183924660292454e+06 1.397044466783188656e+07 9.950418922711420804e+06
3.932206993508757092e+06 -2.970976776889625471e+06 -1.090927142844636925e+07
-1.378257558059693314e+07 -1.074379733168663085e+07 5.034730505601061508e+06
-2.193420772230044007e+07 1.464862080211084895e+07 -2.548200178532075509e+07
-2.955040458119027782e+06 1.726877872804768756e+07 2.194393767112497240e+06
-8.843403326780172065e+06 -3.392194082251869142e+06 -7.678226991745674983e+06
1.331865516882264428e+07 1.167465560025282390e+07 3.512477655029469752e+05
6.353276569271377288e+06 7.263533182466781000e+05 1.639883584828137606e+07
-1.746990082541123033e+07 -2.480217212216833234e+07 -2.942115210439215973e+07
-1.188162980654385872e+07 1.372533519756859355e+07 -2.135965077226904407e+07
2.475119105012200773e+07 -1.922385721055006608e+06 -2.332645291141623165e+05
1.207534354258847423e+07 6.752830653413924389e+06 -1.696547981675483286e+07
-2.003712708806009591e+07 -2.795313221750459820e+07 8.491514197844086215e+06
-2.167235438794557471e+06 -1.188900850140177086e+07 2.369028662206436321e+07
1.097536683875131048e+07 -1.722349558690662682e+07 -2.907154833771219011e+06
6.436310511423479729e-03 3.479786261718037770e-03 2.471739142547951448e-02
-9.458914526434826844e-03 -1.091037239996784335e-02 -4.530873164085536214e-04
-1.522152109216935723e-02 -6.919013243307280472e-03 2.401184874082782500e-02
-7.016340980729394647e-03 5.575533769568908303e-03 -4.774942132421616976e-03
-9.405196171415348277e-03 -2.067956466324379419e-02 -4.118017540866607436e-03
1.230067610952729172e-02 -8.507035381051740106e-03 2.381323041105913932e-02
1.245873342533024400e+07 -1.859030189024532214e+07 2.025173168106026575e+07
-1.475734210417583585e+07 -7.021770458491042256e+06 -3.081209405860801786e+07
4.095822021810977906e+07 7.740750174016452394e+06 -2.627886486061034724e+07
1.761784963864272460e+07 2.544358652905895188e+07 -8.501235488504808396e+06
1.637210151954494603e+07 1.332334556251453608e+07 -9.755893729765957221e+06
-6.913040760099615902e+06 1.573850075953860953e+07 1.961554675703759491e+07
-1.960669311503047124e+07 -1.900929059097575769e+07 2.576697101041425020e+07
-2.222600010075601563e+07 -2.934197729751994368e+06 -4.497049801519891247e+06
1.420761579196182825e+07 -1.287502297474803776e+07 9.613744004764163867e+06
-1.258673866998539492e+07 1.279049259431189671e+07 1.781904524560326338e+07
-3.131658961249753367e+06 1.731155670853256807e+07 -1.017545697687681951e+07
3.737782569017414935e+06 -4.822515597148588859e+06 1.980314775323703140e+07
3.206332687848136574e+07 7.786573833851878531e+06 2.649715304640994221e+07
-1.949110941271681339e+07 1.864518669353529066e+07 1.102128056065270491e+07
-2.121030193665284291e+07 2.462387265335115138e+06 -2.100721446482412983e+06
-2.624783049859759957e+07 -6.659431393442076631e+06 1.315248582005454972e+07
2.250254850823889300e+07 -7.904545969406991266e+06 -1.337783973794904165e+07
1.579840197378216870e+07 1.310050574539727904e+07 -1.277097391601696238e+07
2.604184735090822913e+06 1.032653221337697469e+07 1.343614190646502934e+07
1.380590502575506642e+07 1.765982025111472234e+07 -4.233394983965014108e+06
-1.840249876503508538e+07 2.047216595500839641e+06 -1.049461777028377354e+07
9.184003398065034300e+06 4.333604328168277629e+06 -8.820106387304026634e+06
-1.097373734429153614e+06 4.241719436523237266e+06 4.104205471624091268e+06
9.032013749273622409e+06 7.093932011209052056e+06 1.045154150378616899e+07
-2.298112223064134305e+05 -8.374505856600319385e+04 -5.665922192178709432e+06
-2.921489835982500110e+06 -5.418944854053976014e+06 6.133382878969907761e+06
6.957344802392873913e+06 6.216311302369330078e+06 -3.589588261256536003e+06
5.102759235606236383e+06 1.131584345829875208e+06 -8.426111979817463085e+06
4.661867246948023327e+06 -3.845838650823269039e+06 6.886418920996588655e+06
-4.613753103350364603e+06 4.130054853612148203e+06 -5.899354668571745278e+05
-1.320676659740926698e+06 7.818642633278826252e+06 3.871171983276247047e+06
-5.180089686155182309e+06 -1.273690123972580768e+06 6.315355612975808792e+06
-3.743510566633860115e+06 6.064242558243167587e+06 5.357977358237595297e+06
3.327053564159259200e+06 7.044123297796465456e+06 -8.791381177976086736e+06
-1.936546823159425752e+06 9.842029445550970733e+06 3.060732456648256630e+06
1.568428001099112676e+06 5.468846474106896669e+06 -3.652726308421966154e+06
5.965812048769499175e+06 -2.901317904907017015e+06 -5.896306037338664755e+06
-3.862488916992055252e+06 -3.193026263197483495e+06 1.048909244773279177e+06
3.429507362053466495e+05 -8.049495713863547426e+05 -2.944340841479225084e+06
1.456039033019416034e+06 -3.763630881591903046e+06 1.906431589637073455e+06
-3.348045731125600170e+06 5.394143189359512180e+06 -1.299989859499805840e+06
2.678356757602869766e+05 1.915165457008923637e+06 3.022572096717102919e+06
-3.626241961854714435e+06 -2.705287673361084890e+06 -3.370876666709518526e+06
-2.867437367254068609e+06 -2.171775246982453609e+04 7.069964373370845802e+06
1.283280688998102909e+06 1.739290257041594945e+06 -2.566780447539270390e+06
1.997400116206893232e+06 -5.627380305093608797e+06 -1.990140802695597755e+06
-4.986381339687444270e+06 -1.354324159697465831e+06 -5.444305370621761307e+06
1.308866767885406734e+06 5.707328443096263334e+06 3.297891565009119455e+06
-8.748712958421863616e+06 -5.381103173342548311e+06 -1.321492751695823157e+06
3.699953418719356414e+05 -9.364536103763739811e+05 -3.708413589205855969e+06
5.656530558443935588e+05 -3.527867968174024019e+06 4.007570016795446165e+06
-5.200979736415137537e+06 -2.792532035929486156e+06 -2.792288136915278155e+06
-4.902466697674947791e+06 5.800116570870697033e+05 4.836548799314885982e+05
-2.165561671782600693e+06 -1.111480047509630211e+06 1.989159257785483031e+06
-2.188688289153098594e+06 3.546172925723897293e+06 -4.076947811836761539e+05
-2.760399238926414400e+06 -1.754411806249086512e+06 -1.525004771958030295e+06
-3.814467849890873767e+06 2.571334512388858013e+06 -2.988968344419932459e+06
6.346463143776400248e+05 -4.031027631399847101e+06 1.866325893156621139e+06
-3.929671240686262026e+06 -2.539844160540133249e+06 -2.926278212256149389e+06
-2.568029377933137119e+06 3.865931362033249345e+06 -6.289725161248306977e+05
-1.628461952771091834e+06 2.278901217822846957e+06 1.974522299091515830e+06
8.185066807113717077e+05 -3.383003859405628406e+06 -4.334386547203092487e+05
2.426829137296594854e+05 -3.683311084759478923e+06 3.031249228755980730e+06
-2.762158530413626228e+06 -1.454992292123766965e+05 -3.910667405012190808e+06
4.865748140050658956e+06 3.804509047594756819e+06 6.433673788005377864e+05
-1.034289060384678654e+06 2.253453472068511765e+05 3.189691030283852946e+06
-2.253618641181339510e+06 -1.677171027548957616e+06 4.094724660778098274e+06
3.599524216787061305e+05 -3.712661088141219690e+06 -3.397535913551490754e+06
-4.839701469514288008e+06 -1.367479421156038065e+06 -4.290193159766799770e+06
2.179656462458061520e+06 2.869310003324481193e+06 5.109322156040223315e+06
-7.206761397801647894e+06 3.899258379653477576e+06 2.054704592468755785e+06
-1.289299799458636902e+06 -3.050658525772221386e+06 8.626157555790789193e+05
-4.630453905744348303e+05 -2.832219623717505950e+06 3.771555791132354178e+06
-2.501764435956975445e+06 -3.152084440015736502e+06 5.038915127667040215e+05
3.148785445537373889e+06 -2.051218020115839550e+06 6.391604000514147338e+05
-2.496261137800301891e+06 -1.073615423548565712e+06 -4.532597280657354742e+06
-3.059783810453283601e+06 3.924802041212851647e+06 2.136154587935653049e+06
3.297932572226146003e+05 -3.946393308208810166e+06 4.762142971039434779e+05
-4.255765549027107656e+06 -3.328513402574905660e+06 -2.812027117849794449e+05
-3.219135398942646105e+06 -1.466856367127093254e+06 4.114986924482189119e+06
-2.763116378552882466e+06 3.260083112450366374e+06 8.737209053402531426e+05
2.231911406441621017e+06 -1.537312382793708472e+06 3.268061354514319915e+06
1.656362910870929016e+06 3.504760985696439631e+06 2.809946816935328752e+04
-2.663717438212652691e+06 -2.623155202940423042e+06 1.354065868709930917e+06
-4.749135251270008739e+05 -1.433925762724289205e+06 5.116430466702644713e+06
-4.410119155496953987e+06 4.120141437123764772e+05 -1.987709383292523446e+06
1.691124851253791247e+06 -3.715688863320824690e+06 1.665298437517940532e+06
1.596708206454376690e+06 -1.742216089019203559e+06 -2.302469155033127405e+06
2.366752938766550738e+06 -1.824629554320016177e+05 3.903239056642456912e+06
3.054371187914634589e+06 3.532799072966240812e+06 3.755972187332626432e+06
-6.818756027501783334e+06 7.761135509717211127e+06 -7.191593040190937929e+06
-3.361042159835997969e+06 -7.080781727377421921e+05 -4.218778087292908691e+06
2.208950575012453832e+06 -2.263848937481159344e+06 -2.113471953581986483e+06
-1.023618312175282626e+06 2.069472092812554212e+06 4.390067485949742608e+06
2.426568577040324453e+06 -2.674888894906392787e+06 -2.029844246090340661e+06
-2.388314204174136277e+06 -3.146301704070684500e+05 7.876766538293877384e+05
1.104724247850408545e+06 4.799307188165963627e+06 -1.185928427458636463e+06
-4.072574163309491705e+06 -1.766729407553810452e+05 -1.536674544973882381e+06
-3.191615104238553904e+05 9.659642105453100521e+05 3.637953464715250302e+05
1.760378575711769983e+06 -4.189298754796398338e+06 1.805646135445259744e+06
5.387646813239463605e+06 -4.270060722098119557e+06 1.779795480474607612e+05
2.225824092896891292e+06 2.632570337341398001e+06 2.222080411924081855e+06
-3.856644753610476851e+06 -4.258705516017450136e+05 -3.312540859285381157e+06
-2.470248262552695349e+06 -2.274371891265006736e+06 -1.445541264312225685e+05
4.593560560662440956e+06 4.207999078351649456e+06 -1.156098378279238474e+06
-1.623632406804997940e+06 2.946895410536466166e+06 -3.228175498563650530e+06
-4.639500475623941049e+06 -8.910321429199799895e+05 -2.149894414874503564e+05
1.173973432812750340e+06 2.378895324809216894e+06 -2.373809441660757177e+06
3.014455471295207273e+06 5.473256777641493827e+05 -2.519525910189802758e+06
-8.876783440556179266e+04 -5.018797304913076805e+05 4.748532394925804809e+06
7.787555844435840845e+06 7.716740808842411498e+05 5.551824666297784075e+06
-2.646320849374597892e+06 3.328651736410133075e+06 -1.023240954968603910e+06
-1.717206865016683703e+06 3.587137130346353631e+06 -2.660164281554831658e+06
3.340834895589796826e+06 2.577998012854544446e+06 -2.815011760749770328e+05
2.499334921006245539e+06 4.100712344278754201e+06 -7.914516180789422942e+05
-7.541745837294704688e+04 -3.862726423927582335e+06 4.381211267346314155e+06
-2.900995534521265421e+06 1.601456640443783253e+06 1.688091187099655392e+06
-3.332556434377998579e+06 -4.452454572976818308e+06 9.553203804959277622e+05
-4.218205228051170707e+06 3.027596567190888338e+06 6.044881521052509546e+06
-7.036223404819537885e+06 -4.262425245606660843e+06 -3.279906872004790697e+06
-2.138345567765033804e+06 -1.143179030213233083e+06 1.934808118728781119e+06
4.436056364415726275e+05 3.818029479250370059e+06 9.307716601255474961e+04
-3.963407284177718218e+06 7.766854453317711595e+05 2.025009109103261726e+06
-3.035004544312927406e+06 -3.909520014103784226e+06 2.675457985643831082e+06
1.608390132940077689e+06 3.169817353009433020e+06 1.192291508116114885e+06
-3.201010372864197474e+06 2.837853473762098700e+06 1.548719733499233611e+06
-2.701457866464043967e+06 -1.559299703029875178e+06 -3.577581353712206241e+06
-1.731906420000208163e+04 -4.209401259833465330e+06 4.974900135091829579e+05
4.924385727615877986e+06 -3.881318402525491547e+05 5.097932575614960864e+06
-4.909614275706352782e+04 -2.179587997492356692e+06 -4.821705317170400172e+06
2.886790006747146603e+06 1.167197596361179836e+07 -5.024054519265533891e+05
3.235071997122657951e+06 7.559557276270056143e+06 -3.858658095447423402e+05
1.131676122432069154e+06 -5.951607262827225029e+06 3.910580740809511626e+05
1.778445587225552183e+06 4.382056724999029189e+06 -4.990149772947078571e+06
-3.586315811638259911e+05 3.565415476602289360e+06 4.072243908098048996e+06
-1.780673142085402651e+04 -3.110733096160281915e+06 -5.488854944659452885e+06
-1.396050322295883670e+05 -5.075878131887747906e+06 -1.203807506354398094e+06
1.065911821709333174e+07 7.980493453364442103e+06 1.390279364564966527e+05
-2.089691501306985738e+06 -4.340364862934401259e+06 3.641506202602399047e+06
2.579096968966589775e+06 3.501030436120220926e+06 -3.476466636617804877e+06
3.707731180449933279e+06 3.651599565686633810e+06 8.035262920318794204e+04
-3.565718736279741861e+06 6.692859901286816224e+06 2.924350434668466449e+06
-1.353230347310554236e+06 1.706014412814037409e+06 -6.176310866915718652e+06
-1.178381195231310325e+06 1.193997419307488250e+06 2.916630325906021986e+06
2.955828198304993100e+06 3.353852098427839810e+05 6.023521302569737658e+06
-3.192053334766285388e+02 7.549938362749647349e+06 3.018564736124432180e+06
6.589031816344105639e+06 -2.917761137479348108e+06 1.549419338791465154e+06
2.414984658748357557e+06 -7.031158149493372766e+05 5.500319736727315933e+06
1.629822963908585953e+06 -2.148603065541171003e+06 2.838005125098646618e+06
-1.985193325147852884e+05 -1.003538450272535905e+06 -6.159912639650298515e+05
-1.436182678892335156e+06 5.773899204981324729e+05 2.246409708268003014e+05
-4.158011438791319262e+06 -3.489127422112581320e+06 -1.502910136362564052e+06
-5.292390693522766232e+06 -6.651748095527257770e+06 -2.536005389174323063e+06
-1.216260678145780694e+06 4.271286200504909270e+06 4.275594054877469316e+06
-2.203401937080532312e+06 -1.770695849070378754e+05 -7.312509972536160611e+06
1.641221281286318041e+07 4.386519864330830984e+06 5.514160912088164128e+06
4.128428803901906125e+06 6.801629482329466380e+06 4.722026120913036168e+06
1.768498521098817466e+06 -7.742465319354976527e+06 -5.155632523763945326e+06
-1.316718644723518519e+06 5.090275467705273069e+06 -7.203129430570778437e+06
6.210105762242308818e+06 1.515753713856854665e+04 3.989341236262480728e+06
-2.054863050913959742e+06 3.102847431997496635e+06 1.301230576741803437e+06
2.759338954310253728e+06 1.135814404179004580e+07 -1.584445962073194608e+07
-8.801963222404960543e+06 -5.806703002448363230e+06 3.811241151498185936e+06
-1.271468595369580435e+06 -7.288650395659385249e+06 -2.979620012511381065e+05
-7.173756470543771982e+06 1.496045617396672424e+04 -4.977112266479008831e+06
6.588674477629412897e+06 -4.367138833081549965e+06 9.617641764227123931e+06
-1.217695266058093403e+06 6.027791269230581820e+06 6.314586450193858705e+06
-7.846616259094896726e+06 -5.419889586545848288e+06 -4.661439519232273102e+06
5.532177374891722575e+06 -7.819288185307193547e+06 -5.562862371512856334e+06
-3.517267308778052684e+06 6.486793392307677306e+06 5.883631536545737647e+06
-5.298400500335252844e+06 -5.648148134673733264e+06 -2.352907381262355018e+06
3.184253208363374695e+06 5.907352710282547399e+06 3.251550931227860507e+06
-8.648622641018491238e+06 -7.806488978868043981e+06 2.898154750033003278e+06
-7.903905291325453436e+05 8.737592605580402538e+06 -1.952474841681058984e+06
6.907256090405207127e+06 -5.545502369072275236e+06 5.331847870725070126e+06
-5.822196002858492546e+06 -8.246438272935951129e+06 3.729655055842150468e+06
-3.435732600644998252e+06 -5.958979649686891586e+06 -1.060237963141069282e+06
1.380304692660316359e+06 -1.840333874035010114e+06 -8.659809557567361742e+06
4.864122429682812653e+06 6.206346473887058906e+06 5.003442427097031847e+06
-3.306143468732050620e+06 8.784390750358134508e+06 7.862464499643786810e+06
-5.639707872875046916e+06 6.574085528609229252e+06 -2.571877628503917716e+06
1.300677032891588286e+06 1.396462625189506216e+06 -8.507309108238976449e+06
-9.469565043537419289e+06 5.918947226854128763e+06 -1.176361235826788098e+07
1.022817206372768246e+07 1.262615253124130890e+07 -3.106780081669608131e+06
4.730187044037305750e+06 1.119688272635064321e+06 2.390073114486576058e+06
5.719997487326019444e+06 5.876689713179478422e+06 -7.315822711737531237e+06
6.300785198450700380e+06 7.036072296497469768e+06 -5.445046735848394223e+06
-2.697313929741834756e+06 -9.563547219325665385e+06 -3.038227189882039675e+05
-1.245284809048336756e+05 1.127783223467792571e+07 3.095417238413353916e+06
-8.982934815317198634e+06 3.714408010483884718e+06 3.686326437947224826e+06
1.056445086654507741e+07 -4.971517999686923809e+06 5.253459938205667771e+06
1.157690900099112839e+07 -2.472886367885861080e+06 1.604481763062321348e+06
7.440920100024715066e+05 5.446907679871817119e+06 6.292118631508931518e+06
3.951113111722453032e+06 -4.630454224654222839e+06 -1.085740008135375008e+07
8.406319353060545400e+06 9.847415308929638937e+06 3.992916619234928861e+06
3.634215156713881530e+06 -1.096529022014210001e+07 1.197700778202317189e+06
-1.483170473392033949e+07 3.657164024546394590e+06 -2.006218864621847868e+06
-8.259457342250780202e+06 7.652554687062943354e+06 -2.260348326892247424e+06
-7.734727133223282173e+06 -1.062959042130975053e+07 -1.454784675969578791e+06
-1.402243501449619234e+07 2.858140651591561269e+06 -1.269587864162859879e+07
-8.685373069191785529e+06 -8.447466283569106832e+06 -1.233493207411261462e+07
-1.835912219956713961e+06 -6.150824642802967690e+06 1.315763585289720679e+06
5.145525673336945474e+06 5.614905198643151671e+06 6.103607543450738303e+06
1.438192988508279435e+06 1.247578877265069605e+05 1.205176606225280277e+07
1.360760666727810726e+07 -1.296124177697964385e+07 -2.092367628175426973e+06
1.444048510304054059e+07 7.446266773174840026e+06 -1.916557437218190869e+06
1.916226898089623824e+07 1.085981690367919393e+07 8.983888149954475462e+06
1.521190369363887468e+06 5.027266243246583268e+06 2.956082477914099116e+06
1.055444398159473576e+07 1.082160752403130056e+06 -1.921470950195053359e+06
8.719291150759914890e+06 -9.588399823766022921e+06 1.448807954862158000e+07
5.436292051755860448e+06 1.872735875169315143e+06 -1.166573156232173555e+07
-1.200422097789479606e+07 -5.269745836216902360e+06 8.256459491684909910e+06
6.394101312826048583e+06 -7.404212605562339537e+06 1.523783245870978199e+07
9.556604711434673518e+06 1.035580762788115628e+07 1.730426278513959795e+07
5.282510107831272297e+06 -6.929977298382750712e+06 1.001512702188167907e+07
8.783732324392603186e+04 -5.711089648095535114e+06 -1.522184625533612818e+07
-9.910928598756692372e+05 5.270991212687086314e+06 -7.155135323424494825e+06
1.225302165815226175e+07 1.232617504172005691e+07 -1.315396145328571275e+07
1.447225294088077731e+07 1.260086252698824555e+07 5.287662212726091035e+06
1.038236241609259509e+07 1.217705501419692114e+07 3.321280251971696969e+06
-8.945302952687200159e+06 -5.141543493116852827e+06 1.227963186178992619e+05
-1.284630570181850344e+07 -1.367979111199690774e+07 -1.010013507498410158e+07
1.923034333272692561e+07 1.703610205833853921e+06 1.119707676107621082e+05
6.739852882930133492e+06 -1.271992352467693388e+07 -5.335411531788195483e+06
-2.923541169036217034e+06 -1.094193879370448366e+07 4.013243869002498686e+06
7.711595254281651229e+06 2.128879493498995434e+06 -5.858249308977526613e+06
1.140599939602389373e+07 -9.133197877941740677e+06 -2.266435848661952186e+06
-4.218697944938962348e+06 1.084917787749030069e+07 -7.084082734670560807e+06
-8.119582226001699455e+06 6.889629869974727742e+06 1.669746944904940575e+07
2.236945530902268365e+06 2.981513120773104019e+06 1.043854771345819160e+07
-9.665501989761067554e+06 -1.348080105745583028e+07 9.753134891341641545e+06
-6.943772368227105588e+06 1.746922788369883550e+06 -1.419496556264140457e+07
-6.207947330670190044e+06 -5.604665477161860093e+06 1.145300749632301927e+07
2.688899214370713569e+06 3.356272545306980610e+06 -2.100926647684007138e+07
3.846367710043376777e+06 1.249359309677845612e+07 9.100387283514274284e+06
-1.414689781983801723e+07 -1.484921103971112706e+07 -4.542790374312746339e+06
3.318730590005707461e+06 1.038084523298107088e+06 -9.405310906109202653e+06
-1.204520910467296280e+07 5.535179694073416293e+06 -5.280717233036110178e+06
-8.690459770563200116e+06 -6.362338925345782191e+06 1.186321992443132401e+07
1.006350829541497305e+07 -9.378012299852883443e+06 3.072360029532395303e+06
8.060922742009895854e+06 1.423674813408652879e+07 1.080246787663146667e+07
1.054891141836988181e+07 1.295185359345543385e+07 -8.571434456331506371e+06
-1.227590801110399701e+07 -9.084589847500031814e+06 -3.736519906986301299e+06
2.513004871499123424e+07 7.943343067782869563e+06 -1.454873698655904457e+07
-8.322061039395952597e+06 1.222018928900152259e+07 -6.831421035331510007e+06
-1.911443170170439035e+07 4.703342872846789658e+06 -5.092702544525099918e+06
-7.503580448497328907e+06 -1.096806802919504791e+07 1.958393930482396483e+07
2.075959980472926749e+06 -2.507248746776013449e+07 -6.548009137388439849e+06
5.275045948316356167e+06 -1.080052441554263001e+06 -2.382219228130898252e+07
2.202569757522105426e+07 1.760327330251904950e+07 1.689400560504242778e+07
1.490859929472394288e+07 8.669004630225410685e+06 1.343025499501538835e+07
-1.150416548694764078e+07 8.090669898510851897e+06 1.533171174187488109e+07
-1.132156794874540344e+07 -2.289079313201659918e+07 -5.044243679965137504e+06
-2.486920019270844758e+06 2.573854597224983200e+07 -2.132337028944194689e+07
2.055144135356649756e+07 1.434376597286530025e+07 -6.130199049593691714e+06
1.551863400498171337e+07 -1.805776484965129569e+07 1.984596959247066826e+07
-6.146289547071978450e+06 1.720341880979020521e+07 -1.008805924584148079e+07
-2.082368311101436615e+07 6.401085793607251719e+06 -5.783532222088376147e+04
1.251126014261020720e+07 1.041637364711385593e+07 -1.996062944222880900e+07
-1.373095233073229156e+07 9.768579357832787558e+06 -2.052907596095772460e+06
1.018144154137433879e+07 5.434324853316364810e+06 -3.173700563874168694e+07
1.559301456312217936e+07 -1.998747104561979324e+07 2.666633016509005427e+07
1.523498902190983668e+07 -1.845576991516311839e+07 -9.082694346562623978e+06
3.763461498542219400e+07 -1.049745371881732345e+07 -1.405465640889558196e+07
-1.648122226280029165e+06 -1.850347896928707883e+07 -2.277188159881373495e+07
1.604471711991850287e+07 -1.821801926854816079e+07 -1.211485762156544439e+07
4.404642495212910697e+06 -3.460307081598682702e+07 1.884037903555014357e+07
3.104686590322922915e+07 2.249931441579535231e+07 1.057281977530799061e+07
-1.286341498417227529e+07 2.077634777244666591e+07 6.397161237949430011e+06
8.113227037936562672e+06 -1.747464815985584259e+07 -1.144563279499932751e+07
-1.586752095032965019e+07 -8.678185214853629470e+06 1.647430611883658357e+07
-2.180216599548833910e+05 -1.980588288816625252e+07 4.341836471553714015e+06
3.623784422460936010e+07 2.839262242562786490e+07 -7.931403293185624294e+06
-1.271797340058284625e+07 6.602721822085644118e+06 2.990591588761925697e+07
-8.307417691694525070e+06 -1.610517346293222345e+07 2.017216198286815360e+07
1.670703175977007486e+07 1.232929137795331702e+07 -5.346870130580817163e+07
3.513405859970429540e+07 1.987279924392044544e+07 3.487522568368836492e+07
2.263676425595986843e+07 -3.473203407009116560e+07 -1.688899203271789104e+07
-9.974194551529804245e+06 -1.159510794247566909e+07 -4.072735960802369565e+07
3.374239759606188536e+07 3.918204563143470883e+07 -4.035957846171072870e+07
-3.703830623477496207e+07 -5.829530405027901381e+07 -6.604675026255751401e+07
-6.497773064422389865e+07 -2.169646360964610428e+07 -5.661878124929944426e+07
-3.583002467283532768e+07 4.255601568576047570e+07 2.156346984727317095e+07
4.282757210584551096e+07 7.649589366809364408e+06 2.570129761027613655e+07
3.104426907973767817e+07 5.774680929984634370e+07 4.062083186171640456e+07
-2.052335128029122296e-02 -1.426462453914033486e-02 1.258278063765581184e-02
2.848357773097464664e-03 -1.847282722744676697e-02 2.095877765746092386e-02
5.755466262429241413e-03 1.058701899225054227e-02 -9.345159744892597058e-04
1.166729503115333496e-03 8.764167382198302311e-03 1.332938223556682372e-02
-5.615091190120673550e-03 -2.027591928303490790e-02 2.432291927059844483e-02
-7.414850163262478797e-03 -9.385383879001412202e-03 1.329427482689914120e-02
1.895350518540319263e-04 -1.765538766425112701e-03 -8.798982083871888932e-03
-4.923692873450032435e+06 3.403766824038136285e+06 9.510597136888620444e+05
-4.651255200316756964e+06 3.492168863742748275e+06 3.257110728451114614e+06
-2.662693052265925333e+06 3.505859179163782392e+06 2.752006919433640316e+06
-3.872739728082001209e+06 2.509812515444515273e+06 2.111920122941566631e+06
4.073497698149133474e+06 -1.308732173609062796e+06 3.427005039599367883e+06
1.632447391343046911e+06 -1.877421437068211613e+06 1.623148886625734158e+06
8.770212249449931551e+05 -2.432464392898204736e+06 -2.524207560712749138e+06
2.569017269509934820e+06 2.791960724419476464e+06 3.149548866164653562e+06
1.173786183116341475e+06 -3.957032385706954636e+06 -2.004935088703625370e+06
1.247746771277901425e+05 -2.833438749447753653e+06 1.222249053528280929e+06
-1.811237086570584448e+06 -4.859046232992212288e+06 2.788143457490179688e+06
-3.587495297602990177e+06 -4.208772621392086148e+06 -5.930495197798708454e+06
-1.533073513351081870e+06 4.253607442726067966e+05 -3.191264286622316577e+06
-4.074181567342406604e+06 -2.495448831985908095e+06 2.307814790751469322e+06
4.606296705997911282e+06 -7.362478912117107539e+05 -3.171143850104959682e+06
-3.349969611317287199e+06 -5.974756063134022057e+06 5.122286248529566801e+05
2.679397063286717515e+06 7.064139362555279149e+03 -4.107374098304262850e+06
2.575325243643432390e+06 5.064468494589505717e+06 4.987719636063023470e+06
2.156478145563446917e+06 2.819242440341871697e+06 5.073047631824047305e+06
2.756918263552025892e+06 5.567437227491026744e+06 -4.734549500446736813e+06
-6.647333180612174794e+06 4.481065883678427897e+06 5.377528395667593926e+06
1.192277938971774420e+06 -4.075081786394043593e+05 1.730352519773217617e+06
2.539037401769966353e+06 6.324902310737062944e+05 -4.089625222390104551e+06
-3.518704600653354544e+06 8.865788172775598243e+06 2.603617978809723631e+06
2.293476183600318152e+06 -7.072128683330049971e+05 4.060877968744183425e+06
5.015922357691345736e+06 1.838981550971617224e+06 -2.031624208854357712e+06
4.313509897960376926e+06 -1.889535784824215574e+06 -5.674942668460560963e+06
-3.100315309821148403e+06 -5.288304372674496844e+06 -9.650857233938566642e+05
2.569533599833304528e+06 7.716449676996622002e+05 -4.823627750153272413e+06
-5.048653990730342455e+06 1.880913937439000932e+06 3.993779257716814522e+06
5.350389567957832478e+06 -2.185784242649392691e+06 1.391041085593149066e+06
1.001376211374368751e+06 -6.168631017159665935e+06 -5.369188243874546606e+05
6.099668376808597706e+06 3.825394808727825526e+06 6.184662482457493432e+06
-4.252979969782882370e+06 -5.362508760242586723e+05 1.125239543897491880e+06
5.875006115937258117e+06 -4.884043666812744923e+06 2.622210595482259057e+06
6.280170056673972867e+06 3.581988840089664795e+06 -3.889910555390594527e+06
-5.753013776581578888e+06 -3.787962247038495727e+06 -1.104683509461797774e+06
7.617445686591319740e+06 -6.529135126766200410e+05 2.047170326184638776e+06
2.055097561475657159e+06 8.058698630202859640e+06 2.227140866778875235e+06
-3.488928224931902150e+03 -4.036605996844648384e+06 4.311019515747950412e+06
-5.439946485985789448e+06 -4.073603386821145192e+06 -3.527090112414847594e+06
1.996916845520017669e+06 -3.262093686413526069e+06 1.580381750017351238e+06
2.869627496255974751e+06 2.168709035494302865e+06 5.242092486526405439e+06
-3.681155906867092941e+06 9.976047419499935582e+06 9.706869841319307685e+06
-7.420689540922219865e+06 2.034263622181796934e+06 -6.268931164562906139e+06
-3.189976106004448142e+06 4.729947519547116011e+06 -5.449640186466529034e+06
1.622255037694282597e+06 9.456251118041662499e+06 -8.173837701499979012e+06
-2.681804069046670571e+06 -5.926150048185370862e+06 -6.678874017127754167e+06
-2.437092220088205766e+06 4.282439559729336761e+06 1.508918195184674812e+06
-3.562037838920422364e+06 5.072749885086645372e+06 2.891723674982429948e+06
-1.096850411516210809e+07 -1.021408624096968211e+07 4.724044091367105953e+06
7.978275429244277067e+06 1.066984167929706164e+07 1.824696381052258890e+06
7.399432191270184703e+06 3.887264175916515291e+06 -3.315151819945176132e+06
6.330134680108491331e+06 -4.576778506862170994e+06 -4.214602836370135657e+06
8.862506476906584576e+05 7.688664635969103314e+06 1.171622241853707703e+06
8.458084035787608474e+06 6.637365909358336590e+06 -2.263643686660362408e+06
-3.551312886538370978e+06 2.702698237824915908e+06 6.925312763321677223e+06
2.372827417374958284e+06 -2.617354270670777187e+06 -3.866638983588878997e+06
2.906353083653520327e+06 1.452213411956378445e+07 -6.724375384624784812e+06
-2.254256148177837208e+07 5.140866460317973979e+06 -5.160295972368462943e+06
1.412642662660832750e+06 -8.339747478446098045e+06 7.220168163551382720e+06
1.236676681083864160e+07 -8.357546494187508710e+06 -8.345033794571168255e+04
-8.482173376472817734e+06 -7.550848868281052448e+06 5.270086297519638902e+05
-2.841165349318596069e+06 -4.181169440639386419e+06 1.400016670576859964e+06
-8.985959356741741300e+06 6.851035993665184826e+06 -6.943793122097179294e+06
-1.154026650760666840e+07 4.739159080311932601e+06 1.080161738822567649e+07
-1.268485981057764217e+07 -4.998898484526499524e+05 -4.303126301819858141e+06
-1.538699925365661830e+07 -1.650780576576502528e+06 8.415046596361745149e+06
2.533607292946548201e+06 1.067767204710994102e+07 -1.091700775434559211e+07
1.394512774570098519e+07 -5.083175570490245707e+06 6.737030481234746054e+06
8.381140369684850797e+06 1.171928425379083678e+07 1.364304623285062984e+07
5.428744151191226207e+06 -8.826383252038372681e+06 6.761212368571656756e+06
-1.066914257623152807e+07 -1.214702299807745777e+07 -1.377958757092158077e+06
7.088112864947267808e+06 5.781364337432380766e+06 -3.459048166904119775e+06
-4.130962935252747033e+06 -1.482498621352718957e+07 1.490702869681674428e+07
5.314055404322416522e+06 1.368942931495621987e+07 1.388862061877365038e+07
1.608040053888774291e+07 5.613095279887968674e+06 9.092339530297830701e+06
-8.221507452436306514e+06 1.210719294621708803e+07 -6.451471254237858579e+06
8.637841458081115037e+06 9.158524570489427075e+06 -1.255577832064023800e+07
-1.887002047894093022e+07 -1.520829164138493873e+07 1.003654114208854176e+07
-2.941259615316114575e+07 -2.138385018055235036e+06 -1.045317441651480645e+07
-1.425719646640687063e+07 1.021834258586741867e+06 -1.452855822030193731e+07
-2.182537224622129276e+07 2.566352932562543545e+06 -1.317553629716503620e+07
1.874456219681454822e+07 -1.290786253404732607e+07 -5.951619272731481120e+06
-1.870544837130624428e+07 9.924973130459891632e+06 -2.782286095871528611e+07
6.077129058632325381e+06 2.056954305040911958e+07 -7.794544703851797618e+06
1.406959498906015232e+07 -1.676512673747121356e+07 -2.063508969953508303e+07
-1.788988069994356111e+07 1.649287302305624448e+07 -2.262824551993353665e+07
1.108082224287816323e+07 -1.282058260578347556e+07 -1.886610757429698482e+07
1.932182854112480581e+07 2.496273537926739827e+07 -5.301507716080760211e+07
1.570160739500089781e+06 -2.269728047189554200e+07 -1.347562550511286035e+07
-2.455511612346408144e+07 -2.250718346828602999e+07 2.427307785166024044e+07
-1.922852129477507249e+07 -1.942444679865961196e+06 -2.835929506922137737e+07
-4.041985847223772109e+07 2.024462037451583194e+06 1.895392255593657494e+07
6.424953254857625812e+06 -8.631477435142548755e+06 3.678837027842027694e+07
-2.135752058031532913e+07 2.062718286408894882e+07 -3.114922589905288815e+07
-3.279676250576224923e+07 -1.017461912938804552e+07 3.253172368283688277e+07
1.037805023925991543e+07 5.431441916535200179e+07 2.655257671109604463e+07
-1.214400377656617947e+07 -7.131193599169646390e+06 -3.098991339598263800e+07
-1.595670325915716030e+07 -2.251261279638378695e+07 -3.612746380036722124e+07
2.388560643673691526e+07 2.632520166831106320e+07 -4.894335287784884125e+07
-9.630549054726524279e+06 -3.510022083412975818e+07 4.097474243818626553e+07
2.451652495557744429e+07 5.292936428136201948e+07 -2.059104304962017923e+05
-2.019446875546202988e-02 3.498439663217217579e-03 1.883005775777814306e-02
2.755668656368147514e-03 -1.310439433877201403e-02 -2.017963754052901938e-03
-1.318421801140737953e-02 1.363450055518768307e-02 4.075623662712540667e-03
-1.533540853598587723e-02 1.204747830347086684e-02 1.590068507917044918e-02
-2.178941931797332907e-02 3.563757139636010082e-03 7.771604327983634708e-03
1.314360717836170894e-02 -1.842046019837783460e-02 7.460521661429457552e-03
1.434452170520553183e-02 2.747165310011223487e-03 6.101924038214409825e-03
3.540810879904747726e-03 9.025022365014282637e-04 -8.422608384396321896e-03
-2.483479260970564187e+07 5.172532293401349336e+07 -5.844853513181439042e+07
3.333984674335461855e+07 -1.743150989832863957e+07 4.477873112314805388e+07
-1.050824657578661293e+07 2.752271388273426145e+07 2.596270927773708850e+07
-6.082826482038142532e+07 -1.115783967446488887e+07 9.607816484803179279e+06
4.196281625563320518e+07 -1.573730946989626810e+07 2.819703864444464073e+07
-1.767935032666870207e+07 1.220990395409467258e+07 3.621425632513444871e+07
1.812300941400509700e+07 8.820353361769858748e+06 -2.171506402451337501e+07
-4.187848246266174316e+07 3.742152218725685030e+07 6.169827092253116518e+07
-9.284207210524313152e+06 3.418043578576616943e+07 5.090785585073352605e+07
7.292556312784199417e+07 -1.347305438106066920e+07 -1.320978559485461935e+07
-3.423180323951420933e+07 -4.851245182511643320e+07 -7.223926130568644032e+06
2.953199437070119008e+07 -1.282605583483568765e+07 4.277867597266213596e+07
1.932928150587737188e+07 8.445152001314217225e+06 -1.804473427079219371e+07
-1.254995094165400229e+07 1.379469015179460496e+07 1.339137823948521912e+07
1.021144421221493930e+07 1.486329285303116590e+07 -2.639028417653489858e+07
1.763119424906407669e+07 2.875798756874794886e+07 -2.106479777691723779e+07
-1.815118471784497052e+07 1.747484592716762796e+07 -2.455025719129161164e+07
-4.031881809686625749e+07 2.368061279079195485e+07 -1.794825795896649361e+07
1.579140689755216055e+07 -1.167934609341072850e+07 2.106261289602895826e+07
-1.341544837360947393e+07 1.100075369432958961e+07 -1.655734996483168192e+07
1.352591453364735097e+07 8.905299934887552634e+06 -1.745399662207898125e+07
-1.001086308854541555e+07 -9.970139299000741914e+06 6.665594344171095639e+06
1.445702801066157408e+07 1.285980325673056394e+07 -8.660269152534531895e+05
-1.663632095817586407e+07 1.990903544643725501e+06 -1.593172454084349424e+07
-6.383620887682317756e+06 2.161730329224848002e+07 -5.658330960861010477e+06
-1.925976259459384158e+07 -2.037630387988442555e+07 -1.522200622386793233e+07
-3.405136970076301135e+06 -1.376049888501751795e+07 -1.252917443762569316e+07
-1.150056743390600011e+07 1.842592431473696604e+07 3.221806537106050178e+06
-9.699336810047458857e+06 3.010833173938677181e+06 -6.607676423559502698e+06
5.256068587696243078e+06 -8.578475925664084032e+06 2.039349758510247048e+05
-8.427619100795755163e+06 9.369361387831492350e+06 8.707033178170936182e+06
-7.590010454851062968e+06 -1.470750907045086473e+07 -1.235048353892546520e+07
8.326137254309375770e+06 1.789232913580233976e+07 -7.769426017152979039e+06
1.117363124360153452e+07 9.481011188079800457e+06 -8.329368106758756563e+06
4.749179265877969563e+06 -5.807816401808628812e+06 -3.706125915603982285e+06
2.137963729196463246e+06 4.099829348049114924e+04 2.198586927116970718e+07
3.774020935194355436e+06 1.378856732379648136e+06 -1.243639603309240006e+07
-1.788173315343065932e+07 6.927859149461994879e+06 9.206367110614901409e+06
6.011673091274041682e+06 4.174539009380283300e+06 -9.138278233877334744e+06
-6.920344686752823181e+06 2.726385051463596174e+05 1.049918827464380674e+07
-1.196897876203459874e+07 2.432637133031545207e+06 -1.156276714574194048e+06
3.856938460759483278e+06 -4.188819300962057896e+06 9.401952924940040335e+06
-1.006294192707619257e+07 -5.425487788742062636e+06 3.924796799406090751e+06
-7.857393330849840306e+06 1.242433352674751915e+07 8.351051491360260407e+05
-9.254049719874771312e+06 -9.073391232817202806e+06 1.560527537998726126e+06
-6.469614394237259403e+06 -5.573876611322859302e+06 -5.702644404985906556e+06
-1.299654305397695675e+07 -1.247847344508634647e+06 -2.025721715339791263e+06
-1.141882860240012035e+07 2.474853197329668328e+06 -6.307796132046267157e+05
-8.445297106805510819e+06 3.110820883207889739e+06 -4.193069702875886578e+06
1.127308979780634120e+07 -4.353047635659689084e+06 6.949884316128875362e+05
-7.566922490862374194e+06 3.339085333070565481e+06 -4.649987772703604773e+06
1.347064998858478479e+07 -1.194197572290929733e+06 5.406926900129102170e+06
-5.504316261217849329e+06 5.899946623289240524e+06 -7.541427250495231710e+06
6.917060957534482703e+06 5.891754715810667258e+05 -1.526194165180481970e+06
7.250438081828393973e+06 1.731319712013180368e+06 -5.990043822929711081e+06
1.269663821581214899e+06 1.019396755182944424e+07 -3.904017586190246511e+06
8.413416046210462227e+06 -3.826918936188980006e+06 6.056978339828966185e+06
-4.826902877219694667e+06 1.104986536355452379e+06 -5.252473490483763628e+06
-7.542149796381705441e+06 -2.148271952793349978e+06 -3.301472696386204334e+05
-7.159956985767281614e+06 -6.759333359417246655e+06 -4.200982640426461585e+06
8.947023906116059050e+06 5.547206213842032477e+06 1.618238589304323774e+06
-3.344276763968422543e+06 -3.189964765951097477e+06 7.680098892275079852e+05
-6.768971023357845843e+06 1.013009641565674683e+06 5.449700907203878276e+06
1.145623558446932957e+07 -4.922661750087639666e+04 1.170038259862332791e+07
3.130212537536083255e+06 1.844687557635393925e+06 6.814054513159225462e+05
2.523069813939192332e+06 5.849658065472158603e+06 1.043512474806467630e+07
-1.405405637759820791e+06 -7.181045599731262773e+06 6.441873656936603598e+06
-8.558814134191183373e+06 8.511516006471009925e+06 6.292696292877173051e+06
1.269991645100255264e+06 4.087623295448428020e+06 8.745879624537693337e+06
-5.033959233514302177e+05 2.563698207931634970e+06 -6.992759397007144056e+06
-3.697251932325507514e+05 5.321598387541024946e+06 -6.494995202992720529e+06
-1.181081112036553910e+06 -4.286128698950604536e+06 -8.668710682757111499e+05
-1.012177558086866513e+06 3.110187044439405669e+06 -3.457063467174383346e+06
-1.948375728924515133e+05 3.836424412802659906e+06 8.194883283073407074e+04
2.408527623518071603e+06 -2.766503153973293025e+06 3.488659774470216595e+06
4.111606456524753477e+06 -1.017866519316551648e+07 1.309614051637060940e+06
9.904662520754974335e+06 3.624464591326388530e+06 2.176278615854474716e+06
1.636020696362905146e+05 -1.145337280794110894e+07 1.168013123850959912e+07
-6.804061748470127583e+06 -6.711611906599286944e+06 -3.011026607425309718e+06
6.061054115016566589e+06 5.247018447897098958e+06 3.072611986181263346e+06
7.190513471570523456e+06 -2.097866488663671073e+06 -3.452476869735260960e+06
1.450601316092076246e+06 -6.524436996206472628e+06 9.021714597955634817e+06
9.061010369025380351e+05 5.160069486006256193e+06 -1.543400172517250758e+06
-5.361909192175758071e+06 3.092857030011700466e+06 -6.428475754390275106e+06
6.034494704307192005e+06 -4.478763361355715431e+06 8.592426395865578670e+05
-5.322820950608008541e+06 6.500765990936055779e+06 1.850904068158276379e+06
8.018171177904880606e+05 -5.757995393499960192e+06 -1.007968101972613949e+05
-1.246762313949922536e+05 -3.130769145335204666e+05 6.099543090803574771e+06
-3.983533948818459641e+06 1.285659487218338065e+06 -3.891049032988208812e+06
-1.993376290592080681e+06 7.549832294200172648e+06 7.456848493253114866e+05
-4.814903577800887637e+06 5.631681734688925557e+06 -6.660671368351309502e+04
5.370441492902555503e+06 -1.083556969846190652e+06 -1.105003640181004303e+06
-7.373069032860265113e+06 -1.047579053953903494e+06 1.566938064411122585e+06
-7.303904320001425222e+06 -3.171876382061912213e+06 -1.712546441543912515e+05
-2.001029552824212704e+06 4.460502508672605269e+06 7.056663533812703565e+06
-1.726262878767319955e+06 -6.833166230982459150e+06 2.950639568171593361e+06
-6.107879490116069792e+04 5.167097658858026378e+06 5.060251871116357855e+06
-5.050622676543313079e+06 5.021243106404527090e+06 -2.657764725421939977e+06
1.537881815425451472e+07 -4.171074271545947064e+06 9.652999819324010983e+06
4.945440267481610179e+06 6.760551117118789814e+06 1.414448141934787855e+06
7.160362426545115188e+06 2.455814059670776129e+06 -3.694128801427917089e+06
-6.639896066894751042e+06 2.292134999125150498e+06 -4.855994140822475310e+04
5.383217327130556805e+04 6.749744935818923637e+06 6.035135531637935201e+05
6.477932146555399522e+06 5.114393503342224867e+05 3.147289855050452519e+06
-3.753791696007792372e+06 3.596665466848556884e+06 3.615280497223520186e+06
-1.642852651629514759e+06 3.621618925643756054e+06 1.764044891873443266e+06
3.110471200478336308e+06 2.016665803750201594e+06 3.277157757745623589e+06
4.918106672562608495e+06 -2.704920064132623957e+05 -2.480277752176989801e+06
1.718555868481758982e+06 4.848155127843477763e+06 -5.742938722024668939e+06
4.102380883447010536e+06 4.071579961228178348e+06 -2.862173497417977545e+06
4.823069210692018270e+06 -3.824462948351742234e+06 -2.637345803013193887e+06
3.622141407025099266e+06 1.186450950972695369e+06 -2.689318852896830998e+06
5.078136761224232614e+06 -1.952194923321851762e+06 -1.985738945439453702e+06
-3.496571306190570351e+06 -3.571759776999008376e+06 2.601748867504535243e+06
5.558521666462262510e+04 -2.434212768702140078e+06 -8.962726230664367322e+05
-3.770282801659349352e+05 1.854956947104216553e+06 -4.480367941959952936e+06
-3.326650041933290195e+06 -4.649868250017570332e+06 -1.657406196716141421e+06
2.329635400611249497e+05 1.310394401427762117e+06 3.431560773764339276e+06
-5.095616418584054190e+04 4.954534106813743711e+06 2.720825266178101767e+06
1.771713923017776338e+06 5.873655361626488157e+06 -5.775127795453449711e+06
-1.552540192418588325e+06 -5.661750544050285593e+06 2.454264304496769328e+06
-2.955749923624170013e+06 1.468090124878319446e+06 6.771569610075029545e+06
-3.943346255361481570e+06 -4.365698451683009975e+06 4.695129817972037941e+06
-2.944665645929173101e+06 -5.738463181631108746e+06 -5.542894589520664886e+06
-4.472399757663500495e+06 1.222419018256922020e+06 4.730187864128692891e+05
3.550359229608455673e+06 9.503241090691094287e+05 6.354962408982659690e+05
-6.471187271727239713e+06 9.315336313331967685e+05 5.125475908197934739e+06
-3.871614647635842208e+06 -4.317946855088832672e+05 8.552489653595361859e+06
7.391147896594728809e+05 7.278831154857390560e+06 9.507520222952973098e+06
-1.483958645207520167e+05 -1.957776297710017487e+07 1.746419437699317560e+07
2.623241711577927927e+05 -1.525087654554367473e+05 1.075723402345288778e+06
-1.136305592082534684e+06 -1.299554707718257792e+06 -2.251661190489083529e+05
