-3.157175305932465870e-01 3.372218615803653230e-01 5.526536872649483179e-02
-2.625137099820787964e-03 -3.424769896298708316e-01 2.722833626919081706e-01
-9.473399354027570163e-02 -3.417276447658481042e-01 2.706155344381659944e-01
2.315538472532307213e-01 -3.101941166755267099e-01 -1.423777254537338943e-01
2.409959837260717552e-01 2.431024626560133739e-01 1.782082891930561741e-01
-5.727819917795380633e-02 -3.763988995467595355e-01 2.483632786046937879e-01
-3.886345063129482136e-01 1.561298837071598833e-01 -1.699053248600799759e-01
4.134804592930693135e-01 8.939068626546504970e-02 -2.041973478007981860e-02
-3.716391985657804264e-01 -2.811415294980499358e-01 2.015394511690762891e-02
1.441341538213363749e-01 1.495937163587649499e-01 2.492551829071366354e-01
1.033631550368446228e-01 1.689553766940528612e-01 3.099127870775424398e-01
1.894659815035454609e-01 7.520877300359821160e-02 4.059974834215046569e-01
2.904678965649877889e-02 -1.891574082325868100e-01 -3.741984647519054907e-01
2.891571760267290792e-01 3.180286259342588462e-01 1.890805903501427965e-01
1.359636380594374250e-01 1.297841303776026134e-01 1.213506550663661782e-01
-1.825277517871908839e-01 -2.245280641482121919e-01 -2.590418862423783941e-01
1.517861066526434988e-01 -1.806158404581321986e-01 -3.812862033144305274e-01
-1.678218472463301469e-01 2.820961700914079717e-01 -3.119653210233215845e-01
-6.812267702233823496e-02 -3.339900604813055840e-01 3.150613929675308289e-02
-2.630778100270114717e-02 3.840357747412356249e-01 2.252691329061949077e-01
4.009360391036557725e-01 1.074167998366977045e-01 -9.587120456140581226e-02
3.203813594618928340e-01 1.219773293441481915e-01 2.882840368117523533e-01
-1.372598994348348256e-01 1.326812615696718878e-01 -3.851812262902303829e-01
1.878194057093551250e-01 2.642358246907405284e-01 -1.819660628027705840e-01
1.639760629696374594e-01 2.962598905687673367e-01 5.707261593850428139e-02
-1.073079083731028754e-01 -4.149462477032792584e-01 1.208534147932532749e-01
1.257394177140788161e-01 -3.082174563166854564e-01 3.311149506260301356e-01
-2.104805324624448304e-01 -6.342868263391412964e-02 -4.023991910498682656e-01
-9.782028531025936668e-02 2.420200265809348619e-02 -3.935701740352549050e-01
3.596616236974119890e-02 -1.022691948632104136e-01 5.266654641839914330e-02
3.068383144053292710e-01 1.916766976814252010e-01 -2.373919246547810946e-01
3.026792908173675523e-01 2.139944489531604987e-01 -2.680195981737124589e-01
1.689854072075122060e-01 2.114135373508122806e-01 -2.900139922825961669e-01
3.323069306969400061e-01 -2.956125554877168105e-01 1.426853467368167094e-01
3.505600499366648415e-01 -7.309293131798397236e-02 -7.582463248588998395e-02
3.609153717202616130e-01 -2.198659160994836381e-01 -1.506607747610225201e-01
-3.481055352821508242e-01 2.601880319072641390e-01 -1.437628447927762898e-01
1.517995420676140038e-02 3.875551558062038660e-01 -1.141640477345451238e-01
1.325479240928625624e-01 -2.032960095987072502e-01 3.362188458546427339e-01
2.430977620275236173e-01 -2.900666271248799055e-01 -2.725702163820036272e-01
-1.598316181317086804e-01 1.957449635444296621e-01 3.744564835603831909e-01
2.762027043408824545e-01 1.706060203659552077e-01 3.300800391362099795e-01
2.084470867724640686e-01 3.454119746659746193e-01 9.362094211920486686e-02
-3.279105634086725840e-01 2.096973532418556496e-01 2.453416149774543253e-01
-9.336949535103268583e-02 5.788956018395514935e-02 -1.662580322047706727e-01
3.278773166115381277e-01 1.909137923958882654e-01 -1.182815588600659440e-01
-2.287772168979460008e-01 1.110742125761030596e-01 -3.247876534828537665e-01
-7.217910546494323010e-02 -3.066062180741324639e-01 -3.500833333314141149e-01
-3.250886406143529417e-01 -2.256481610570238161e-01 2.577291665044054159e-01
-4.017561860560545095e-01 1.674289836714055735e-01 -1.003170987345981674e-01
-4.745604060795730744e-02 -3.991356734760735381e-01 -1.620095378939989117e-01
-3.825208567175751861e-01 8.038349134271319252e-02 1.548578115953079537e-01
-3.674523126363893333e-01 -1.840689051446741109e-01 -1.992171012609175729e-01
3.321679842709274744e-01 -2.347166160226060450e-01 -1.366346498251860830e-01
-2.389778509252596106e-01 4.352880746753666659e-03 -1.201366885357779135e-01
2.251566292570995331e-01 2.126437974031275893e-02 -3.688235962058750150e-01
-8.317050011291668432e-02 3.861401938381014420e-01 1.724234882746107644e-01
3.588572365912689466e-01 2.062886573033597126e-01 1.720418926217805455e-01
3.948605340340733405e-01 8.481553178433190454e-02 1.462118082434893662e-01
2.334616520059616673e-01 -2.793594635496895462e-01 2.980205682514487919e-01
3.349211848275032710e-01 -1.813825914149904406e-01 -2.443018390394149919e-01
-2.145815954822003491e-01 2.693793551755661597e-01 -3.159613526271293216e-01
-2.509612155534069258e-02 -9.402730786001931018e-02 3.703610881530386978e-01
-2.835255260655538123e-01 1.832109594730222946e-01 -1.051013946498251250e-01
-3.077868699820302534e-01 3.355758214152897434e-01 2.078083690572998029e-04
-2.605534933183883406e-01 3.626025160803165170e-01 -8.728614153016535371e-02
-2.893397808245855574e-01 -4.493293934693769892e-02 3.610657042842864706e-01
5.554062766410598068e-02 -2.772848598926923036e-01 3.661862759383850419e-01
2.471411139465604367e-01 -2.537629126869936358e-01 3.480298149934546448e-02
1.942214456057794877e-03 -3.366736978098788108e-02 4.557209923227728554e-01
-2.166423866812729193e-01 -2.473246558463544076e-01 3.253661055662058765e-01
-2.699890679976993391e-01 1.400354338285392068e-02 2.829700377705938186e-01
-1.524150093457750377e-01 1.141224387890752701e-01 2.634428220254382835e-01
-2.282648058078233511e-01 -1.894500426571444490e-02 -3.112380913637207650e-03
3.335698369254509466e-01 -3.326809826500577993e-01 4.098270337330119084e-02
3.094239937666511953e-01 -3.563237676021837053e-01 -7.008033940060780231e-02
2.451226199978589204e-01 7.236747639893524597e-02 1.547395180592704422e-01
-1.778729097164178652e-01 -1.659907532644994133e-01 -1.024223566772459043e-01
-1.490916682755758227e-01 2.426388353822784075e-02 4.339023104037259548e-01
-1.158250788668455621e-03 3.180533886829259305e-01 -3.079627902933279593e-01
2.789662648413187562e-01 2.184481379321248640e-01 2.157427937629578241e-01
6.592344451367640468e-02 -1.815124295268425239e-02 -2.601460955105724948e-01
-3.256682362056689262e-01 4.564839644794015106e-02 -1.897185367106539455e-01
-1.237777461153873881e-01 -2.087019490293026414e-01 -3.839840233045577755e-01
-7.041546112835803117e-02 4.284506043613313039e-03 -1.285783340055374480e-01
6.849007342059190706e-02 1.060144966224761676e-01 -4.306707215367070463e-01
-1.836023109422798283e-01 -3.987262741891666185e-01 -7.224142656503564075e-02
4.065262788594915522e-01 1.490619448697544092e-01 3.540232336146138109e-02
4.260420191405520640e-01 6.771281660347645837e-02 3.025881379688868250e-02
3.645838546095817589e-01 2.380119311287232781e-02 -2.214160712549805010e-01
-3.752744859567910818e-02 -2.057239501593896847e-01 -4.142220261577519991e-01
6.939218767409254668e-03 3.802721321504641816e-01 1.545536175973633575e-01
3.347201806510110567e-01 -2.918341981729503654e-01 1.742957522739215781e-01
1.942045832788464599e-01 3.719547246190222367e-01 1.952363159478576471e-01
-2.442708439879203719e-01 2.809617529610102804e-01 -7.433627145109171497e-02
3.568181031873164655e-02 -2.075292247338252349e-01 -1.133105431885388231e-01
-6.953088630653937730e-02 -3.322180187515534344e-01 7.373244921069382896e-02
-2.680502040165810840e-01 -3.248229102509787025e-01 -1.435330367697562615e-01
3.058979234186300356e-01 -1.806825506919305380e-01 -3.236738044531548009e-01
2.482557686996314239e-01 -3.443939099845731988e-01 1.747203960305877823e-01
-2.926339537457809392e-01 2.557452239068793154e-01 -2.808615748431821380e-01
1.165659447784280628e-01 3.389856113147184380e-01 -2.341294696581482926e-01
-6.344171125852268722e-02 -2.422911938018949274e-01 -3.681896996952295220e-01
-2.227972929570577743e-01 2.854107499468557796e-01 2.398915567836196749e-01
1.219602733395519778e-01 3.647662156222892804e-01 -7.926675480709019506e-02
-3.973514397373881790e-01 -2.095238307331860061e-01 -7.853078684380955521e-02
3.263617251146295195e-01 -1.504782654468080905e-01 3.262305881135782459e-01
2.765081190643279285e-01 -7.086925242731614838e-02 2.626311982774182652e-01
-3.767972710591366292e-01 7.138084055921268536e-04 -8.946948283312390615e-02
-2.924499184845129607e-01 -6.364104061065456452e-02 -2.641620791197210050e-01
-2.877898187022780996e-01 2.189250605322584295e-02 7.670979764516924759e-02
-9.034043878124037308e-02 4.280149860157329011e-01 -9.639169870809692620e-02
3.586341676537996848e-01 1.284931960271536999e-01 2.690327996000231314e-01
1.620272340528880473e-01 -3.422192255612063055e-02 3.221051294408976973e-01
-4.196218825284381282e-02 -3.723786596587677078e-01 7.752535357909375036e-02
-6.086793556528597576e-02 -1.274741931838274112e-01 3.511197805488330270e-01
-5.284004686843490894e-02 -2.020351845505942157e-01 3.962594232582113962e-01
3.009933338039060824e-01 -9.717687479465737799e-02 2.274892496149369392e-01
1.028112644551752025e-01 -3.944945463542351982e-01 -1.916795725884521129e-01
9.479588806247103705e-02 1.993175697835223026e-01 -2.718110416276967589e-01
5.842028564956992104e-02 -2.239761958223994084e-02 -1.867507314486474557e-02
3.111621420378355429e-01 -3.441949784687106106e-01 9.950072074333250749e-02
2.681585401352784004e-01 -3.159710567211099774e-01 2.173093858855998928e-01
-2.706342908758306853e-01 -1.795277349053647775e-01 -2.858754381048872473e-01
2.843867271997233548e-01 -6.532671428955466597e-02 -2.341100002700022831e-01
-4.075955863968962478e-01 -2.243943672115636390e-01 9.016781553298637564e-02
1.736842420884485982e-01 1.575456465069732248e-01 3.656381707140065607e-01
-1.589158512875327722e-01 -1.254349359165058408e-01 5.190918944895245996e-02
3.986556038099169086e-02 -4.338942912127671248e-01 1.436598042038708112e-01
-1.725760767660992068e-01 -4.149735034485217966e-01 -1.621114710382045090e-02
-4.932002467286981939e-02 5.146474489548231307e-02 -4.489327955948733684e-01
-1.436572570187577280e-01 2.002078093189262886e-01 -3.168213083470581282e-01
1.064815269921743218e-01 5.868480884395891467e-02 4.030485028916901968e-01
-1.299124675871755896e-01 3.562003310123602606e-01 -7.238499636021927808e-02
-2.123455332563130848e-01 -3.511219088796628807e-01 1.135199688748216584e-01
3.416425343276455751e-01 2.060653653273049335e-01 -2.805558495520281692e-01
2.670059175270205754e-01 -1.890455677712568616e-01 3.318750850252166207e-01
3.129517651558949565e-01 -1.517800512600884499e-01 3.131978285806505946e-01
3.803521115180987233e-01 2.247399814725862810e-01 -5.568219746904148892e-02
-2.234429511011127301e-01 2.136903678633844950e-01 7.814121960644801468e-02
-1.380432465081798954e-01 3.090658940920468223e-01 -1.872369752794362796e-01
5.388390520400036798e-02 3.162039608143795699e-01 -3.077938476227025100e-01
2.866935338669499567e-01 -3.665000338855067263e-01 5.171918352055961815e-03
-1.043799116055103421e-01 5.422087735811161047e-02 -4.267695499538686765e-01
-1.820463280637948378e-01 1.850515531578327544e-01 -3.007682821392022032e-01
1.005533351892430594e-01 -3.052791735201824119e-01 -1.477164343904733557e-01
2.787693149557093353e-01 1.486341750591502198e-01 -3.413438896458305671e-01
-1.044400559661411848e-01 -1.942826454798569219e-02 -2.682333708676272743e-01
3.260549054743183128e-01 -6.292790023510874686e-02 3.328394495081772875e-01
-3.559150688584772348e-01 1.431248949875342791e-01 1.879380260101154720e-01
3.094286249584334014e-02 4.075334822354589881e-01 1.302921637807641919e-01
1.912572887549898182e-01 -3.602090290667468997e-01 -1.993760931766186129e-01
3.063403788813790496e-01 3.504189189272752802e-01 6.329102743972749023e-02
3.572219507421844908e-01 -2.018905771386195480e-01 -4.571522059131541416e-02
-2.281134373215483180e-01 3.902136744688959880e-01 1.458449615228552543e-01
-2.009541397432869081e-01 -1.958338559070562368e-01 3.128664111267049908e-01
3.482587200950813117e-02 -3.757005338106901848e-01 2.740913270444649275e-01
-2.455473550877355082e-01 7.308867119063505724e-02 -1.515819470966545679e-01
4.396999026073138139e-02 -3.000006747826552966e-01 3.459211220386769203e-01
3.891254847651918758e-01 1.720308866230017830e-01 1.504596223940855848e-01
1.501569915708726721e-01 -3.535811383955697607e-02 3.668115443582290469e-01
-1.728308398283641967e-01 2.264827978791868757e-01 2.126115582761123057e-01
-3.459022128735305124e-01 -7.241881968247020074e-02 -9.750600403475385980e-02
4.569993985988275026e-02 -2.446792610386850919e-01 -1.060684724423317932e-01
-2.886137246305415030e-02 -1.870753403741660381e-01 -3.756081986750060553e-01
-1.864287497769469837e-01 -2.899531744390493326e-02 -4.143738752454043661e-01
1.366129998026680004e-01 -3.387736490535367406e-01 2.723797865574986710e-01
-3.381467927577342381e-01 -3.320937415274571869e-01 -1.225472058274852949e-01
2.812605832626902114e-01 3.044579135155150440e-01 2.295865576141656594e-01
7.683146320413788977e-02 -7.596099757250214524e-02 -3.030793548679652782e-01
-3.380548551701394455e-01 2.544928776665590364e-01 1.886507126767278109e-01
-4.042725904957986671e-01 -1.818113023411810081e-01 7.335793905028355211e-02
3.025264810899615520e-01 1.261118322988696583e-01 -3.403718723656871115e-01
-1.860389090073395757e-01 3.298044805577842742e-01 2.307325168356877121e-01
-1.910528672511362103e-01 -3.159753242053986999e-01 -3.117565500641017451e-01
-2.646026539958163948e-01 -2.785890787573690464e-01 2.874325966512691344e-01
-3.213067451435628885e-01 5.457830518019325672e-02 2.644648489778733125e-01
-3.145474819256182525e-02 -4.000536623221753046e-02 1.566794872860267918e-01
2.387985572729094674e-01 -3.669966231022963599e-01 1.850300525367734039e-01
-2.525639289937961496e-01 3.473420204034862180e-01 -1.881024070542230975e-01
1.606946102483595637e-02 2.539327459981270407e-01 -4.013370514284306245e-01
3.166282194895139734e-01 -3.068189267234054940e-01 -1.086553774657871840e-01
-1.286556990674947998e-01 -2.004285642783429355e-01 6.639125772496236311e-02
-2.197206641052899534e-01 1.575244083761260516e-01 -3.688932448132959396e-01
1.863575440430621788e-01 -1.142621635629684218e-01 1.861229604129724102e-01
-2.331569760750541384e-02 -3.502760147826552428e-01 -3.067180397847104611e-01
3.310236851037761663e-01 5.718112082964100368e-02 -1.348030240539473679e-01
-8.213786371472137082e-02 2.924441492265242859e-01 2.015690925645418907e-01
2.220852895980970632e-01 -1.798526450880413297e-01 2.458264266575467538e-01
2.178977652377829533e-01 -2.184435590545243389e-01 -4.463833940018276103e-02
-2.588073340710435044e-01 2.286845168877867929e-01 2.920831666512306302e-01
-7.488921708281895406e-02 -3.179336590410515861e-01 3.164397947662816457e-01
2.400267192998293830e-01 -2.883920563489841271e-01 -2.644730594699671311e-01
2.090079270842359338e-01 2.595816248592556219e-01 -2.597245185127201594e-01
3.171958121348444348e-01 3.015467386909814751e-01 -2.116757034221505573e-01
3.282588550189736165e-01 -2.082519581716697210e-01 -8.067593162546145280e-02
-1.963123743350263517e-01 -3.409620877761243007e-01 -2.185558518641270431e-01
-2.784451129256703128e-01 1.589737934265955388e-01 -2.510527730079902264e-01
2.305934730459007487e-01 -2.112594550633945800e-01 -2.876297319917420769e-01
8.345348608181540895e-02 3.915314910184312658e-01 -2.770724769116567621e-01
-2.294769164955359209e-01 -2.912550287159222928e-01 -2.472692658232711616e-01
-9.138619408004881872e-02 -4.072470056937610439e-01 9.840443027373256546e-02
-2.725969166669616750e-01 2.474988706586519482e-01 -3.252526165097270883e-01
-2.882748529115670144e-01 2.628126179618891500e-01 3.096475044997978876e-01
-1.945787352961216854e-01 5.189798015251422328e-03 4.196438043847101618e-01
-2.789101802637916072e-01 -2.536793876141482107e-01 -2.929289714214625695e-01
-3.436772691046911521e-01 -1.041985880651620233e-01 -2.822562574052180917e-01
2.779491803847415343e-01 3.884492474226404757e-01 -1.791371654309916947e-02
-2.918381869428398057e-01 -1.352370960809637923e-01 -3.580681280836655045e-01
4.343595339811111566e-01 1.742449109448807043e-01 4.572856236163539562e-02
-1.288611187559540218e-02 -2.918910935077707602e-01 -3.551511890829867624e-01
2.930421593111610101e-01 2.724089161859136743e-01 -2.805987249494067137e-03
9.036601195723988067e-02 9.084241044132411458e-02 3.368143518105394252e-01
-1.933864571541758781e-01 4.240871977471407650e-01 6.261776337852396901e-02
4.158287582386206993e-01 -3.053886529701422756e-02 6.390261897687633807e-02
-5.201119947191065740e-02 3.251573954848596126e-01 3.296708949353187590e-01
-4.419589923419497968e-01 -4.966638423113174661e-02 -5.481108914125613907e-02
-7.079750332906202537e-02 -2.546845656161058485e-02 3.487450458191185265e-01
1.717185299461894965e-01 -4.140981413408976186e-01 -5.513340989935719416e-02
2.534120663628766645e-01 -2.415133770686496983e-01 -3.450659418398590583e-01
-2.889785747285575912e-01 3.497630675319888249e-01 -1.399350444371462443e-01
6.311986221921671303e-02 -4.123549948613217664e-01 1.452202597305012229e-02
2.849761636177223223e-01 -2.914850468124558502e-01 2.569458869423508207e-01
-2.088785863231527040e-01 2.320113677290764342e-01 3.489274872903785352e-01
3.344668475366465721e-01 -3.104936092218120169e-01 9.341886905627697080e-02
1.960479939478448896e-01 -3.380539774900269134e-01 2.716824274947542417e-01
-2.958273192025754894e-01 -2.582384630434240713e-01 -2.833124259089803698e-01
1.849498678301733368e-01 1.595075390092057233e-01 3.970195587822855643e-01
-8.863000649950303345e-02 2.397480209970918597e-01 -4.043857994703257130e-01
2.337074218332381437e-01 5.797975542421097278e-02 -2.060506261236053072e-01
-3.362265364142363877e-01 2.420883201024094655e-01 -1.602796047846642979e-01
-6.637053302918016762e-02 4.231313911705517627e-01 -1.620023274063620011e-01
-1.149912930193954380e-01 -3.692845084709172609e-01 -1.512704305444591280e-01
-2.544493095168401942e-01 -3.295794409317687190e-01 -2.176268914988698788e-01
3.677954839514740448e-01 2.198285891492235411e-01 -4.416177341136381246e-02
3.072001876733541081e-01 -1.136539389355998575e-01 8.953835127251544290e-02
-4.863978767643353796e-02 -2.575809909007619192e-01 2.616575809806209740e-01
9.948292426003546574e-02 -3.034246584650008294e-01 3.602894880080879658e-01
2.994167185406167997e-01 -2.498532661566434943e-01 -3.093561554679755132e-01
-5.446430313085276476e-02 -5.676915626684938404e-02 -3.488068963641725584e-01
1.681077838176120998e-01 -1.061722462851391047e-01 -3.911176417540075945e-01
1.460915902142574940e-01 -1.726880641723040066e-02 2.954763885346107233e-01
2.823500098600218444e-01 1.130643275234481937e-01 -3.568047730387842176e-01
2.661002605510547070e-02 4.310570892583948654e-01 1.742950979989597027e-01
-2.744266596285045434e-01 1.947038163726098059e-01 3.026546553527743044e-01
1.399421465495170047e-01 2.360716987533990341e-01 3.136618326789187838e-01
-3.705870179909089845e-01 1.122102027094616372e-01 9.736926487131369878e-02
-2.132111355875498382e-01 -3.091949179674112202e-01 -2.799066876372201529e-01
7.010476024490955305e-02 -1.315756651672053967e-01 2.874803959105480256e-01
-1.478014872076931774e-01 -1.046126082552954750e-01 3.650372129974602808e-01
-2.951115626797469818e-02 -2.132254977880452818e-01 2.234375626060756959e-01
-3.684218441918371001e-01 2.510220552041189102e-01 -1.831955601460486249e-01
2.009108251886936036e-01 5.499977696954903156e-02 2.852154982651268766e-01
2.603611954936411732e-01 -2.845837504905450177e-01 -3.027947634956988376e-01
-3.664698507318761012e-01 1.483394365609451149e-01 -2.915375577741162183e-01
8.747176783977016201e-02 3.982834250496720685e-01 4.026595002149486319e-02
-2.861386702722351072e-01 2.178568929737549620e-01 -2.567599563051162215e-01
-1.426491399054701792e-01 -3.054529289501463074e-01 3.505747052393695107e-01
-2.667152783382910064e-01 -2.221630091828000475e-01 -2.481270394739047355e-02
4.263615709747017313e-01 7.011805683124661126e-02 6.258358687734083547e-02
1.855218790226086101e-01 3.794282985266377306e-01 -2.606833653964594003e-02
3.746842505788686162e-01 2.353935110463145353e-01 -2.037010261021996727e-01
1.049561146151962304e-01 3.067025282479247106e-01 2.622491685739992695e-01
-2.739994449916822727e-01 -8.143443669757158276e-02 -1.447664168723398759e-01
-6.579011447492402569e-03 4.271262240434871016e-01 1.483541198961352559e-01
-3.137972716282903529e-01 2.359319855833574842e-01 -2.473088394600951589e-01
2.548601515223483660e-01 2.853875103468591634e-01 -2.797219682301502752e-01
3.935421738034594052e-01 -3.784276206059134211e-03 -1.684341747057507555e-01
1.830832137773352186e-01 2.285054660989490338e-01 3.898684558846641779e-01
-3.668411909344432287e-01 5.303207976315931632e-02 -1.558392368358164914e-01
2.919895876273555513e-01 1.881080090739868371e-01 -1.055280395090774570e-03
-3.051131621741551281e-01 8.488727633214757096e-02 -3.211632329633062888e-01
4.859806603321735474e-02 -4.446942923454607066e-01 -1.742105332466274345e-02
-3.647908682660690460e-01 2.190652179300350555e-01 -1.287231540517128070e-01
-2.847245156156881785e-01 -8.657829095268500252e-02 3.952157694528445342e-01
-1.123734526827475794e-01 -1.873661128170756029e-01 1.679951480345527881e-01
-2.862461482909174904e-01 -1.706741573690986613e-01 -1.182301140913374626e-01
3.899100587303798715e-01 2.644453887584806151e-01 -9.640712009470166211e-02
-1.055436776551338940e-01 -7.206813473938011860e-02 2.204290580934923915e-01
-2.151793782819568790e-01 -3.896219604210230392e-01 -1.958473916233985923e-01
-2.726219567600846397e-02 -2.763811505045626893e-01 -3.746749426315368892e-01
-2.943943788842773301e-01 -1.278791519175860314e-01 -3.742603293525054164e-01
-3.870757369959608729e-01 2.321276369194762990e-01 2.867920993502965851e-02
-2.874297898644284088e-01 2.893776294750151634e-01 -2.896307061091071278e-01
-1.344347051727466354e-03 -4.384593803227025965e-01 1.471126134813945940e-01
-3.290316178613300058e-01 -1.103350053141244694e-02 9.246793791557077202e-02
-3.776551418640736180e-01 2.548129611332743960e-01 1.016461927424289619e-01
3.941601096745134813e-01 2.736463730982078291e-01 -2.202038953147543096e-02
-1.299004614435502747e-01 -2.348420408805280413e-01 3.447555242737427861e-01
3.781346168892464332e-01 -9.093537896068706883e-02 2.126861413797860589e-01
9.606154847427300636e-02 4.341871043300798427e-01 -2.969757854365942876e-02
1.466786221714674876e-01 1.041897031101620547e-01 -4.356241961681869279e-01
7.506619530503046145e-02 -3.356179980156474563e-01 -3.140757780135987054e-01
-6.926455691503530243e-02 1.080305710626858207e-01 -4.293212389305140486e-01
7.228389506281708392e-03 4.256240775945115407e-01 -2.055113327821676550e-01
3.500152292620649641e-01 1.744753394714643191e-02 -2.535909388792296770e-01
-2.747139658324572464e-02 3.832566690132980236e-01 3.124168468711317481e-01
-3.349530922868793059e-01 -3.933042117779447094e-02 -3.638962583747810675e-01
2.694084483573715438e-01 -1.990669902703968708e-01 2.668966754682665088e-01
1.269302570248306006e-01 1.742632019767267545e-02 -1.963462848767788538e-01
2.256799905409349327e-01 2.945718341479675040e-01 -3.011556037574630307e-01
-3.425313778242963791e-01 -3.271748754685150917e-01 1.556957259443910446e-01
1.142372329672939196e-01 3.995714723379273359e-01 2.435029131737767027e-01
-3.540043982064683403e-01 -7.190081770940517925e-02 2.911818774349256844e-01
-1.465365301710416790e-01 -2.552284923348018819e-01 -6.051109378926249581e-03
-2.760162525357453545e-01 2.105965995390068901e-01 -3.307096670194084043e-01
2.085895562460636787e-01 2.495614022957118872e-01 9.528437675885598201e-02
-1.833549529040491011e-01 -2.149516802083465405e-01 1.900216672041685484e-01
2.849779785356754136e-01 1.243866597533248991e-01 2.810518069371474303e-01
-3.892066494534903165e-01 -2.926024112392076049e-01 -2.056047657629346201e-02
2.358359015788920043e-01 -2.233698498598886070e-02 -3.995286476936891207e-01
-3.453859179303282456e-01 -1.697592275400237050e-01 2.680652996207525396e-01
-3.390861827449734855e-01 3.453493182766874114e-01 1.478059395702261969e-01
-2.852801390796293468e-01 9.805698552369353227e-02 3.848370778114644786e-01
2.945997231592124566e-01 8.711474696147054886e-02 3.955072140464371833e-01
-1.239511737342034181e-01 1.878428287865398505e-01 -3.275983834278851092e-01
1.483097099748647840e-01 -4.213772773341169509e-01 8.411615697898680577e-02
9.297218743340607272e-02 -3.570463957338460004e-01 -3.202456227891918861e-01
-2.420199438410247650e-01 2.707828669282457690e-01 3.454096224956960670e-01
3.431426801854688402e-01 -1.852036996645229361e-01 -1.965737630571640637e-01
3.875506081774299783e-01 1.346767148301547534e-01 -1.152910731507579695e-01
-6.260165189065355906e-02 -3.865245594710812194e-01 -2.430781717526938057e-01
-3.221903620634196108e-01 -6.615235418916935728e-02 -3.543161497832356122e-01
3.245585348334516229e-02 -2.797842945887366595e-01 -3.471141903013607588e-01
3.075495174742465254e-01 -2.610748949656329643e-01 -2.488377433051344179e-01
-3.540421649968651142e-03 -1.364116821852528194e-01 -3.108261961502769566e-01
-1.253298040925048540e-01 3.529864312042852448e-01 2.419932364326313201e-01
-8.063021892097804733e-02 -3.059997094500657155e-01 2.812939303373832023e-01
-5.738138817705566719e-02 -2.478885496546543998e-01 2.674123950574430753e-01
-2.399082576812059109e-01 -1.609129082906571584e-01 1.410476062603331915e-01
-2.504686952851657433e-01 2.099697970217913046e-01 4.696437739318694987e-02
-3.140448157315965938e-01 -3.382806154616987970e-01 1.886466219398149347e-01
-3.575151914079959803e-01 -2.323506967028927395e-01 -2.244748116858768239e-01
-1.319397215727012296e-01 -2.992478858058065794e-01 -1.477343373813525262e-01
-1.869616743185976426e-01 -4.197734875538876587e-01 2.113172133771196171e-02
7.628615980538014374e-02 -6.094434276839131442e-02 -4.261817768390028793e-01
3.309376795631248092e-01 5.677956799942688454e-02 -3.881185818089243761e-02
3.169604465966626705e-01 -3.223049330400346024e-01 -6.589262841758872224e-02
3.002890912669228252e-01 3.506114486973150868e-01 1.221477134651930002e-01
1.795738029231147836e-01 7.715506698744825642e-02 1.909582056239377268e-01
-6.813854754597455099e-03 -3.184789099347984931e-01 3.860054004866630972e-01
3.561182045032258436e-01 -2.409167992153953344e-02 3.505964627339824280e-01
1.061409073274948850e-01 4.071408509208062076e-01 2.420255278044053660e-01
-1.765703080360577215e-01 -3.343998722890240138e-01 -3.311857194097750923e-01
5.946055502016543703e-02 3.990005689847697101e-01 -2.956578149159083124e-01
-3.054819020707725818e-01 -1.139954366878282166e-01 3.308199623810812451e-01
-2.221247437010592518e-01 2.915561161427799863e-01 -3.457910849317017976e-01
-3.454494941756941495e-01 -2.054936979201321956e-01 1.584300057095882341e-01
2.121502435483093862e-01 1.201489269113686226e-01 1.800854176965365760e-01
3.361062334991019585e-01 -2.199185932226522810e-01 -2.681755159321569937e-01
2.194388190398979532e-01 -3.428302387808724316e-01 -1.444170646705309757e-01
-3.087976280666944184e-01 -2.475959241944414024e-01 3.122644108446349653e-01
-2.949006646434057521e-01 3.189315985043841145e-02 -3.610530841405590330e-01
-2.972060840058679543e-01 -3.625888432940923001e-01 -1.131974305262216651e-01
-3.297624907263378424e-01 -2.837843090099651522e-01 2.671809302860361779e-01
2.000910483952368646e-01 -2.793455064866120011e-02 -8.974653817782253518e-02
-2.035447408769970878e-01 -1.237871924773277232e-01 2.053366134964321188e-01
2.545921001522770122e-01 -3.122109163875476101e-01 2.062408033146801156e-01
1.991090075273905802e-01 1.691372427215135366e-01 2.387641679215995461e-01
-3.463645886492893733e-01 2.021453063393210126e-01 3.190708213189479836e-01
-3.243267426965690814e-01 -2.945411464456900719e-01 -1.632614528192346814e-01
3.722474219040751708e-01 -2.154184229436495179e-01 -1.802845939750046533e-01
-3.558588570544262142e-01 -1.334465870237187823e-01 -2.194361118557988100e-01
2.912501278935313298e-01 3.505775593331562634e-01 2.381684871159401307e-01
1.582223179522509460e-01 1.569424702278408024e-01 -3.255751145339088604e-01
1.695143329231307283e-01 -1.237942560890948340e-01 2.087942822997322645e-01
2.192150256123537033e-01 -3.339930471622235553e-01 -3.336947116828751225e-01
3.253393694361538802e-01 2.915794603328930035e-01 3.912538348080307760e-02
-3.560896465316709669e-01 -1.586072055113730006e-01 2.536689186705886057e-01
-2.791216321474578321e-01 3.411144242492823997e-01 1.282957812197741410e-01
-3.774771566931359734e-01 -2.442172801518070480e-01 -2.268826724586346932e-01
3.097967712501288329e-01 -3.389684591962001114e-01 8.448834944544487968e-02
-3.694927004643243640e-01 -2.936110533689557656e-01 1.108570022389109427e-01
3.959315852136502389e-01 -1.565390480583661870e-01 1.340488802299446280e-01
2.522908742874326316e-01 -3.516221441168229656e-01 8.220786022364165446e-02
2.495466889335020699e-01 -1.348359769311707236e-02 -1.913013520102956749e-02
-2.510295401320741249e-01 -4.029666775287538694e-01 9.422671656168428445e-02
-1.482838937467844398e-01 -1.372766059146330597e-01 4.785282631943807430e-02
3.444239939396396832e-01 -2.851326582261503040e-01 -2.388046292603418497e-01
1.598400126764113749e-01 3.603084381361750799e-01 -1.759737789036759370e-01
-9.527117264467865887e-02 3.901064882684678325e-01 3.397173532101443929e-03
-1.948296969751465713e-01 4.272924333918738937e-01 1.258161275506157473e-01
-6.911354464237752515e-02 -4.206500431922043370e-01 1.660996414574744673e-01
4.590678389468565990e-01 -7.948804095605893627e-02 1.526251460662667037e-02
4.181868678898995606e-01 -1.141903758240245675e-01 -1.603901865485304759e-03
3.250630921984059007e-01 -3.099127282840615782e-01 2.537260197516801319e-01
1.340385087383386131e-01 -1.662437472395694449e-01 3.027163390308232893e-01
7.576572520742323735e-02 -5.907516270132779496e-02 3.730213347416409531e-01
1.928550912834756936e-01 3.805045916607743828e-01 -3.158206491451873155e-01
-2.468659262749157424e-01 -3.552272968883279924e-01 -2.202989004255364314e-01
2.024255485774488494e-01 -1.653289046129224060e-01 3.170287042848135561e-01
2.912170648093677094e-01 -5.251865218365437543e-02 -3.862750037624861355e-01
4.060954244900880639e-01 -2.617841349010022745e-01 -8.789934922070004319e-02
-3.824553141461188854e-01 -2.863315996208392611e-01 -1.798598457584592858e-01
1.970540904379478042e-01 3.461661933441029793e-01 -3.182637886939176375e-01
-5.518087334069031458e-02 -3.400979169582587502e-01 3.424089137488783852e-01
5.755184393176982632e-02 1.347386900356569439e-01 2.158918256452457829e-02
-2.595584198653506647e-01 -8.660984422324297105e-03 4.040459384497558926e-01
3.428784903384469729e-01 2.228767288214078546e-01 -3.443915920407206732e-01
-3.247390851186262029e-01 1.586858519613764396e-01 -2.003123982203540432e-01
-3.480377849877842045e-01 1.439737951022056484e-01 -3.603103370025628194e-01
-2.745995795233033276e-01 3.784073831225099882e-01 -1.762733198128334233e-01
-9.099102783935053562e-02 -1.413027346105467652e-01 -8.731498669177241434e-02
-9.533607592352320859e-02 -4.081099654843132751e-01 2.581023952866267068e-01
1.644384469053798703e-02 -2.485449551226092679e-01 -4.045418931390343809e-01
3.687600651706967048e-01 -3.365090415650435207e-01 6.146357943940952001e-02
-2.928052215732196983e-01 -2.997242318732414312e-01 3.225024395043150915e-02
1.289703661941728197e-01 3.144525058680201490e-01 -2.688930356548649980e-01
2.638510518355380863e-01 -1.458849103037742900e-01 -3.149576601958041788e-01
3.425440990282350717e-01 -1.310682619305902075e-01 4.684907576519835304e-02
2.630668592444707632e-01 1.793457958987867695e-01 -3.024483888701214318e-01
-7.177752163238437788e-02 -3.557936699187364549e-01 -6.652895621964355355e-02
2.462196276054948174e-01 -1.940428661826303081e-01 -3.936425125587978413e-01
1.361513159826742703e-01 4.632737798717588840e-01 -4.459337788792813034e-02
4.425677313424816184e-01 -1.947904152681664558e-01 1.669596324141361943e-02
-2.001508408436905029e-01 2.242768770412315871e-01 2.407861625199813060e-01
2.352344956607569371e-01 -1.552992768152686720e-01 -3.525408574110861504e-01
9.079268931043596447e-02 4.029965107885538633e-01 3.241565901135481376e-01
-2.426471812323417188e-01 -5.127830259610504857e-03 3.504371756112584779e-01
-2.517514716473777114e-01 2.979458293108052658e-01 3.414595227629998453e-01
2.712661957581988803e-01 3.850562099165251162e-01 -2.525288906179762316e-01
3.362642803267932856e-01 -6.761321178030577084e-03 3.322349505368631939e-01
-1.967204914986458997e-01 -3.409828586758774649e-01 -3.474371106289141364e-01
3.449203556324469400e-01 -5.940058149480636346e-02 8.112916642382286825e-02
-2.029176931102628367e-01 -1.495917283082829341e-01 -4.108481620783285271e-01
1.597183925826617112e-01 -1.635305999540939137e-01 -1.486066580601932419e-01
-4.206551699865689053e-02 -1.947635969300600400e-01 4.256582278661482088e-01
-2.113068135664878180e-02 3.281858627877232704e-01 -3.278696694948387003e-01
2.064698295784239412e-01 -3.329332047599764532e-01 -3.342006478160731708e-01
-2.308662003952061670e-01 3.696118474885143335e-01 2.580077261692154122e-01
3.947888105634697609e-01 -1.610217501244491922e-01 -2.371961038124301979e-01
-2.849854565457917155e-01 2.028061172460670081e-01 1.529186653418006525e-01
-2.514816198130395697e-01 -1.949948074615788160e-02 3.598692452431778710e-01
2.176066233006147474e-02 -3.545628276892225927e-01 2.677117404886614760e-01
-3.327473494810363475e-01 -2.813100312699489680e-01 -3.044755273603060863e-01
-2.514102665636812062e-01 -9.022969882203026037e-02 4.197703131845695323e-01
2.346345327431868799e-01 -1.266047823206495337e-01 3.615805785567442754e-02
3.375122658675985821e-01 -2.958157022739266728e-01 -1.492253386169556106e-01
9.625972355600961872e-02 -3.831455013531877007e-01 3.181074682472322390e-01
4.209892526106290278e-01 7.168503068204858109e-02 1.852668030454558967e-01
-2.791531297348805452e-01 -1.152152947734414873e-01 9.838005621621231933e-02
2.704127678327152839e-01 -2.504929715706868398e-01 1.768784050678305908e-01
1.816691851474703245e-01 -2.527332675327008046e-02 4.125101394663044929e-01
1.459869646517517328e-01 5.821824951842971552e-02 -1.345141060779583494e-02
-2.307666141899558654e-01 -1.789413502046697801e-01 -1.573677346766003959e-01
3.619633497316231963e-01 3.004218690924870816e-01 9.745168101616658030e-02
2.977062627573736076e-01 3.107325701871755386e-01 -2.093618332126407910e-01
-3.427747502686613879e-01 1.961765949032680256e-01 -3.531017601437115294e-01
-3.701171377792967232e-01 -9.235393238577485620e-02 1.055217900892023788e-02
3.878284536569867602e-01 -2.387389144116208728e-01 9.414777885493727516e-02
-3.792645679377094625e-01 1.876009852657222615e-02 -3.643031062352671268e-01
1.453878084015129968e-01 3.571462070047722315e-01 -1.368227931721020529e-01
-1.520107091712865344e-01 -6.236812473010332203e-02 3.205978352404857679e-02
-3.506218493612230924e-01 -7.865276637681625771e-02 3.131732199019646723e-01
2.757653300264281682e-01 4.625751511922026465e-02 -4.168387487456124973e-01
-2.826033471733294666e-01 -3.172179625494133681e-01 -2.919886833069693099e-01
-4.126637114227300202e-02 1.495120865387386012e-02 -4.217861819852104510e-01
-2.045058554245803295e-01 4.561449623068500325e-01 5.208885167187187609e-02
3.675970110217292586e-01 -2.618708336828824979e-01 -2.672339715177336483e-01
1.196941953840380546e-01 3.816538771373592098e-01 3.447852202426684998e-01
-1.199633712223665549e-01 2.025712844644417532e-01 -3.617885878800379262e-01
3.048147326709282345e-01 6.617702178005217817e-02 -2.611074000698710429e-01
-3.328463076240349983e-01 4.391912178169884301e-02 -3.413205520893778377e-01
-1.626246387583763220e-01 4.257933401150735819e-01 -4.129805751760814991e-02
-1.055782133067790646e-01 -3.452952230485483720e-01 -3.561519520146774198e-01
-4.280408931319473753e-01 1.752270276678602190e-01 -1.911006220564643032e-01
3.959409338179488702e-01 1.720214806797388252e-01 3.835466070350531439e-03
-2.977982148625307190e-01 -1.282225283572016039e-01 -8.747258593250134551e-02
-6.581703348102538320e-02 -4.267304124589494929e-01 1.921262230633707102e-01
9.342538353150704744e-02 2.522427352272036960e-01 -1.873175814725640820e-01
-3.357416207894604598e-01 2.970877938280927499e-01 6.969381968031962069e-03
-7.218664897825083360e-02 -1.769076044401249603e-01 -4.444384186369754741e-01
2.217478649850337380e-01 -1.792835628980957996e-01 -1.925092399364745910e-01
3.152779254754409233e-01 6.729762491062751817e-02 3.886063066235658781e-01
-1.300859210327413307e-01 3.543949353732655516e-01 -2.683301716350224853e-01
2.856164319494979842e-01 -3.393853626102105725e-01 3.172323471166412223e-01
3.009358471212840169e-01 3.657942005756774084e-01 -2.632681292040885968e-01
2.698641946605287445e-01 2.083284798496164436e-01 -3.582768936831858819e-01
-3.547985556273208774e-01 2.757514952728519764e-01 -3.134167216752068996e-01
-9.862350275933680355e-02 -4.294618027216871858e-02 -2.252169527013851147e-01
8.993460598752116286e-02 4.748366261816217015e-01 -6.153478062236665026e-03
3.916706693982184850e-01 3.021702475583920022e-01 -1.701763232963448835e-01
-3.858927142852117131e-01 1.699361813228389140e-01 2.665944018933393833e-01
-4.120535743869144785e-01 -2.331439013490935741e-01 1.891045084940577159e-01
3.469710772663237575e-01 -1.331769962433987028e-02 -2.774405980597013377e-01
3.755084609876174206e-01 6.409995763767277477e-02 3.524566285259094628e-02
-3.951603690603811003e-02 -4.077497271713256821e-01 2.963118977321803627e-01
-1.321247726591337768e-01 3.448179275530742216e-01 -2.048530750818334523e-01
1.012867603740494199e-01 4.429029911288671073e-01 -2.373344501487183456e-01
-5.548392614252888044e-02 1.461203858670361289e-01 2.041410537587989502e-02
-3.450842894523654669e-01 2.647189491881883350e-01 -1.444821270502728572e-01
3.476484324698396189e-01 7.623764452635617417e-02 3.514580702529314649e-01
-9.709153503470110969e-02 3.266342524702141592e-01 2.648073646447874907e-01
2.909194216055037141e-01 3.273161972446218121e-02 -7.466498109228775215e-02
1.262428827106426010e-01 3.248301378580266685e-01 4.002751781960448008e-01
3.948863979569041116e-01 3.012779478053908000e-01 2.002164899057503333e-01
1.090935653276208089e-01 4.663246893596259546e-02 -4.307950265623914921e-01
2.854857874872120949e-01 3.842185840729309687e-01 2.857143990773407527e-01
-2.805474982973876763e-01 3.812680953632289760e-01 -2.753032751393765798e-01
-3.167412036272692077e-01 -3.824058849795231585e-01 -3.131270698614826292e-02
2.083736982729150478e-01 3.615653571197273153e-01 -2.226097133579686693e-01
-3.280179099373536911e-01 -1.296155242474278102e-01 1.410378290930128231e-02
-4.208350519600311257e-01 1.710563194984259239e-01 -2.306232638395860624e-01
-1.487861217149576143e-01 -3.835959946086385797e-01 2.236072683574519826e-01
3.776338150865967136e-01 -7.618319916031185413e-02 -2.734593299976847414e-01
-3.391290661864059669e-02 2.996378383218925578e-01 -3.769639858726924198e-01
-3.916487523836942874e-01 1.788709259743501423e-01 3.887585001220385944e-02
-1.720984015791638677e-01 -3.039514945749835495e-01 -3.691288491055927379e-01
-3.392034150345142329e-01 -1.269142484276517269e-01 -1.963447204997276208e-01
-3.840689570382952445e-01 3.890023966431856439e-01 7.901231781531385667e-02
-3.575792118431735944e-01 -3.467801452170298226e-01 9.983453456814819771e-02
-7.615297868047139762e-02 -1.498960985375285548e-01 1.732399993947171535e-01
-3.161161202961544903e-01 -2.622323080286361741e-01 2.912709175268841655e-01
1.180051411118563376e-01 1.280996242043296041e-02 -1.197881537161627208e-01
-4.116162539690111366e-01 -3.667565055237272456e-03 3.096959448482124455e-01
-1.040706325209484473e-01 1.651361859219008521e-01 2.172949435561929987e-01
2.827908433357266549e-02 3.774235976473159782e-01 -3.521689150328401463e-01
-3.408015764319105578e-01 2.789127385572584550e-01 3.254711843040990482e-01
3.327311910998999034e-01 2.875904983995160591e-01 -2.930017458034679390e-01
-2.875683892944799203e-01 1.032137279235883220e-01 2.170267768443443768e-01
-1.753159523845984058e-01 -8.594203407934927763e-02 4.280605776582833144e-01
-4.558555342795233001e-01 1.385662306431632296e-01 -1.466379483196034172e-01
4.498307931999173670e-02 4.798618280027578398e-01 -8.310046904969183024e-02
1.159218583652896206e-01 2.471382926115311962e-01 2.828205317998357393e-01
-2.886209223927010958e-01 7.700653407558674668e-02 1.451347035546638950e-02
-3.401324332833094433e-01 -3.515225190921386078e-01 4.342958051744244541e-02
-1.642896346899195836e-01 -5.580521752407480857e-02 6.793751806702921781e-02
-7.401156622643720318e-02 -1.348498716509800022e-01 -1.814715483129326346e-01
2.010443988529376017e-02 2.732971952854423847e-01 6.288774344713213282e-02
2.077264278283946497e-01 -1.832346580525418267e-01 -1.763039051536463842e-01
-2.534586351931938375e-01 -4.207026583576548018e-02 9.911331657413448293e-02
2.856436423553687654e-01 8.184163801345989420e-02 3.947570242577706501e-01
8.282948172167733936e-02 1.776823773730948075e-01 5.707539198047856949e-02
2.289815090135534359e-01 3.542555532420058606e-01 -1.976779088769789750e-01
-8.234457959276289540e-02 -3.165155165286940853e-01 6.231716844188738003e-02
1.178716081937804250e-01 -1.109391380615651485e-01 -2.478022470092379748e-01
-2.902103868688303834e-01 2.776007698763571785e-01 1.802071790396460871e-01
-2.405581833629455990e-01 2.571785354243981067e-02 3.117584542870887598e-01
3.524683347135862954e-01 -3.654412159039852614e-01 1.569488954758707089e-01
-4.490716095835969313e-01 5.587933173700455891e-02 2.118445355329319768e-01
2.788981664831932106e-01 3.721274724608800155e-01 1.686470260747968408e-01
-4.097318886577560604e-01 3.091203658409594768e-01 -1.097387339074721441e-01
-6.006884067380195008e-02 2.359023096692395849e-01 -7.062198999206463663e-03
3.263807497071890551e-01 -2.948972375888250785e-02 -7.352393847838022134e-02
9.307388991686783852e-02 -3.359241173043357453e-01 -9.599345681425497379e-02
3.459689649304024117e-01 -2.144369387029663176e-01 -9.932038184779017065e-02
6.937264151844521609e-02 4.504197903883800369e-01 -2.242647398104820333e-01
-4.091025380168639702e-01 -2.651655604672090716e-01 -9.384513258955010095e-02
-4.842263899812116468e-01 -4.843466620962401381e-02 -4.603005120300474734e-02
3.531720950021367544e-01 -3.361560071294434904e-01 1.986154718232887029e-01
-2.483204792473990563e-01 -3.868492744189728771e-01 3.045385800285845268e-01
4.441994306925630687e-01 1.889469882802687906e-01 -8.245558336695846258e-02
3.928578764644923838e-01 2.918879511453676412e-01 -1.947782797292509360e-01
-4.669986051871247157e-01 -8.607457901578097204e-02 1.071521265751251284e-01
4.262802718439475669e-01 2.444209633629578493e-01 1.022269291927941498e-02
-1.539425247852342638e-01 -9.303044155488059130e-02 2.559423688500734317e-01
3.790078560100750282e-01 1.343526853872823446e-01 -1.764462884000620457e-01
-2.852212851245634617e-01 7.294987948654553522e-02 4.355405514419262158e-01
-3.997969844855998600e-01 -1.266004738783661210e-01 -3.153723356722449300e-01
-1.233121877509339576e-01 3.843044433274868110e-01 -2.155446215460478376e-01
-1.747642277484822565e-02 4.625262134617150883e-02 -4.262066359890613332e-01
2.440824469748370806e-01 -1.488918047270698652e-01 3.432044917494113112e-01
2.906841554915358117e-01 -3.528690326956153145e-01 1.790512268769341719e-01
-3.633252962443682121e-01 -1.243647556833975126e-01 3.467703110342532646e-01
3.556474026762729834e-01 3.452337659680788096e-01 -2.487453493859579506e-02
2.815535263446194980e-01 4.229498362341544970e-01 3.659266175768915996e-02
2.760428858815041075e-01 -5.231438605354715721e-02 2.555983285191142929e-01
-2.827721096654221555e-01 -9.400500179049593730e-02 3.845245865964846965e-01
2.478360336132885422e-01 3.776451457375561427e-01 -3.507930879894360365e-01
-7.026223480082481425e-03 -6.831790403690420066e-02 -4.680588713185752092e-01
-1.596084740138283692e-02 -2.401609564678572426e-03 -3.590561247329772110e-01
-2.982331376140202536e-02 1.368204908105462303e-01 -4.228695158522941533e-01
-3.762720989652980630e-01 1.722736191788882751e-02 3.130452424563164304e-01
2.818909878935119129e-01 1.596838910856259175e-01 3.264271285615810148e-01
3.328135989935790962e-01 -2.876739448875172966e-01 -3.729329178352501495e-02
2.665664513942651581e-01 1.253058711935838843e-01 -4.304190296419221906e-01
3.530692823580146578e-01 3.318386657826921105e-01 -2.323778454834213303e-01
-3.715196065797259362e-01 -2.215577212115055206e-01 2.728613696162497382e-01
-4.509902603067891258e-01 -5.553857425078908422e-02 -1.081092008953589700e-01
-7.206974474756726312e-02 1.125390912995846149e-01 2.909851035617611603e-01
9.567042036542348915e-02 -1.021816426759412089e-01 3.452013329693774391e-01
-1.904128307785588892e-01 -3.923178291965639941e-01 3.210979294231327552e-01
4.240856411177266194e-01 2.821117035845082666e-01 1.961848433087859112e-01
-3.070101888134910140e-01 2.641371546100620415e-01 -3.709166725329924308e-01
-1.692988762558871874e-01 -4.350498769242660546e-01 -1.421124130036644784e-01
2.249767953250944585e-01 2.016132140796038918e-01 1.532607358514143370e-01
-6.686462747332128087e-02 -3.112656392892933499e-01 1.582810129187051940e-01
1.430461063210635431e-01 -3.460985958365450643e-01 -1.747391844577614595e-01
3.014284808154885087e-01 -2.134421546043253348e-01 1.605844979014624530e-01
3.642749749757191458e-01 5.024857963025038121e-02 -4.021693811459599588e-01
-1.330086163107507650e-02 7.629614385981021984e-02 -1.642425562111954063e-01
3.777333657962260727e-01 1.902751597561021246e-01 3.813886271022540742e-01
-1.389322760056976858e-01 3.996741051540380618e-01 8.997049912589005771e-02
-3.777939207028850888e-01 -4.214751756463847726e-02 -3.085710785569705239e-01
-4.054114549481951379e-01 2.308401889529131112e-01 -1.550362920672998350e-02
6.451578259073958987e-02 -1.969572933541103021e-01 -4.483902124197902128e-01
2.677316974739327171e-01 -3.107099840740603636e-01 -3.200681066726929758e-01
4.111749494018256401e-01 6.730672582154625938e-02 2.319553730933158475e-01
-3.328704847655545307e-01 2.686964753799382932e-01 3.181546763705860870e-01
-2.840782605947673178e-01 3.227783167456712010e-01 -2.016737012920866712e-01
-9.478703256062850913e-02 2.600038730777056162e-01 9.774965858218999382e-02
3.776490802557569970e-01 1.738573536056941399e-02 3.942032827346569346e-01
-1.464829185094363717e-01 1.137165104916548208e-01 -1.312470320108130861e-01
-3.965469523993019885e-01 1.017024782688774887e-01 2.843209244935840929e-01
3.182989361526071259e-01 2.921413824383371494e-01 1.351763370308223799e-01
-2.018327222676552513e-01 -2.626270352671868091e-02 -1.434129569949437466e-01
-8.899321975677909613e-02 -3.508681739453947124e-01 5.792662723862446184e-02
2.603701895641082342e-01 -1.726709482254847328e-01 2.054069781876063094e-01
-3.587016937552846563e-01 3.978421428499210877e-01 -1.961545649502246802e-01
1.713985222112487661e-01 -3.784925511011496546e-01 3.946213122124023753e-01
1.106003442039340257e-01 -3.844109351400352981e-02 2.971225105299802327e-01
-3.681405603322921438e-01 1.454587006022945994e-01 4.096791703681642582e-01
-4.107463232537885700e-01 -1.699676748311263197e-01 -6.949475601839238958e-02
-3.356333859074896453e-01 3.562174863893518562e-01 3.264330586255559385e-01
4.184873890623870274e-01 2.972412309317305074e-02 -2.618522773352967015e-01
4.071382967446679491e-01 1.431974923998272364e-01 3.494350120775258639e-01
-2.380931390097298372e-01 -1.565320730300218122e-02 3.154843971382111922e-01
-4.397929778152236957e-01 -2.086582970282052363e-01 1.600617594343403949e-01
-2.409412759279187799e-02 -4.436958511621283408e-01 2.729327380894974037e-02
-1.610797979620108011e-01 -3.808339582466068185e-01 3.637779073886485692e-01
1.917343562141625435e-01 3.417129894479997709e-02 8.151176354706525518e-02
-1.934127786684353978e-01 -1.818882499337650394e-01 1.173986085601141788e-01
7.209111970083501193e-03 -2.209620619803664976e-01 2.488496128226530546e-01
1.545003401430918299e-01 3.975161226188088093e-01 3.468391276003147117e-01
-1.089963533454294115e-01 -4.682543397544889352e-01 -1.822265473361668608e-02
-3.234317860732425776e-01 -2.468033112248437522e-01 -2.449167752693471034e-01
-1.276956343709115260e-01 -1.115415861065288533e-01 -2.964504049798707963e-01
-1.344039241651437677e-01 -3.481398729031570660e-01 -2.991692625048016918e-01
-4.108182994625153572e-01 2.737862166653508011e-01 -2.340252320708601230e-01
-4.036947511981694992e-01 2.018755589274811024e-01 -3.123229578524801542e-01
-1.014082944267294950e-01 -8.154795140217871441e-02 -2.189672230906282158e-01
-1.444631291304156739e-01 -2.052121541384026859e-01 3.697982077582742111e-01
4.012768367495183619e-01 -1.851612167267439879e-01 -2.555689620104560911e-01
-3.851564986817338498e-01 -3.305096972889409734e-01 2.437232933172097382e-01
-1.715539321866690059e-01 -3.838761746348557380e-01 3.979565162560464997e-01
-2.688723865971565444e-02 2.249098810232649237e-01 4.396310724666724901e-01
-4.378668053131593019e-02 4.340139562405945783e-01 2.658101668381436800e-01
2.506546259129778798e-01 4.560418479226491795e-01 -9.996919696420551726e-02
-1.776056457857802251e-01 -3.997697622772725112e-01 -8.465808220954115781e-02
2.360128691811228530e-01 9.831286853050759389e-02 -1.081346788849231466e-01
-4.213303163429204523e-01 8.558515846930879467e-02 2.115825727991927363e-01
3.019402675070513853e-01 1.810903409488181237e-01 3.197353211172068721e-01
3.412235923087243439e-01 3.777145485666724700e-01 2.236924342860970027e-01
4.011496085107262854e-01 3.475748120128597241e-01 -2.335554040382023244e-01
-9.444348072875964617e-02 -1.977650288379138865e-02 -3.098338491201054756e-01
4.676607466665462787e-01 -5.279895503244792787e-02 -1.948297684725668055e-02
9.733987666109431003e-02 -3.631561893030519350e-01 1.981762998917139806e-01
-1.228496612725782644e-01 -3.602945825281719805e-01 -3.007913516336256365e-01
1.123487492453383585e-01 4.246588972417131291e-01 2.076901594931617745e-01
3.569252533783198733e-01 -3.927243146671125507e-01 -7.575987966430135223e-02
-4.433191077872911667e-01 -1.357313849203184708e-01 1.903012030233758034e-01
-3.132351589190583430e-01 -4.044817700773192803e-01 1.841633545641029046e-01
3.799550609775084742e-01 -8.269991624456447810e-02 3.674484477560475137e-01
2.090386478023314454e-01 -3.560575606295476869e-01 -2.865883527341477333e-01
-3.940477656511365279e-01 1.394639172563395257e-01 1.498628310442863543e-01
4.731941678475226065e-01 -1.860543507624537810e-02 1.650129644846042715e-02
1.137114315023983885e-01 -1.015811263646666518e-01 -1.337837918589078468e-02
-7.081817961883721778e-03 -2.259805231001171463e-02 -1.993954621969543928e-01
-2.043060019724464160e-01 1.007769735270602346e-01 -2.355188290885339153e-01
-1.688210181671597754e-01 -1.776773653415096299e-01 -3.087765342795494861e-01
-1.048007591315887471e-01 -3.461547366037494022e-01 2.509951844703169344e-01
-2.256880350258637924e-01 4.665882239893434091e-01 2.331417903557495008e-02
6.079583449626788094e-02 2.718478962016551703e-01 -4.454272222967859407e-01
4.687571203280276322e-01 -1.272010902114458775e-01 -3.536046261141758545e-03
4.529901101181388334e-01 2.891939466266065795e-01 1.136700556602854989e-01
5.384224263030782526e-02 8.771457297208481996e-02 2.822027578685269988e-01
1.408874478015056074e-02 -4.298865330074634894e-01 1.340562235845208505e-01
-6.728945053177964875e-02 -3.137673545889997362e-01 -4.351563672922780235e-01
1.485594269513295651e-01 5.030672369848812608e-02 1.746390129845133143e-01
1.053936416847869734e-01 2.953893255029030329e-02 8.430242017732057780e-02
1.290993808308033841e-01 3.485151452238409164e-01 -4.115904654922040717e-01
-2.066045317817304383e-01 -3.910131277456470045e-01 1.075899639904656369e-01
2.250838625963005601e-01 9.171400100321773496e-02 3.873147778906230188e-01
3.318599722682662456e-01 9.841827960818598509e-02 -3.483181977207426838e-01
2.101146364438420677e-01 3.043248443434879991e-01 2.328655128095033222e-01
-1.383727313329389808e-01 2.702786040667899403e-01 4.058210081604846087e-01
9.847847087218342121e-02 -3.214462947677859117e-01 -2.333872175124506732e-01
2.318193611960885775e-02 1.053213360938829862e-01 -2.477440796494917441e-01
2.609665513491367661e-01 -3.764456189605882019e-01 -2.531239356673066210e-01
5.864786664329754706e-02 -4.334934840001897216e-02 3.411892970404508119e-01
-4.134787958103300909e-01 -1.740042399431362408e-01 -3.286578901336015823e-01
-3.478793738153742043e-01 -3.158681890365382938e-01 2.344164823190176272e-01
-2.916596710589109409e-01 4.216646941671908788e-01 1.200749595274872988e-01
2.587532507296095297e-01 -3.363512830933951814e-01 3.985137476795592160e-01
2.091883807513015558e-01 3.134075256347912397e-01 -4.214929986784982097e-01
-1.613170433495331180e-01 -1.349238742161365523e-01 3.272041658750624027e-01
2.609983992506176853e-01 4.274603043456375318e-01 3.305762842421122727e-01
-2.638462578187734109e-01 3.980452399264416963e-01 8.943838844133789046e-02
-3.844848640808085638e-01 8.155211154553768105e-02 7.805183153463302048e-02
-3.870508864217205719e-02 -2.625407671132710674e-01 -3.097685707185310333e-01
-2.928082003635421038e-02 -3.735282731300988007e-02 1.435170805648162962e-01
-1.964546103753332384e-01 4.091534741721530311e-01 -3.188574875949303777e-01
-1.113149832584686139e-01 3.875517642192124468e-01 -5.790051078449975908e-02
1.131156427856797181e-01 2.761493382700790367e-01 -3.644304723408785529e-01
-9.173493612244409956e-02 -2.228287721758732132e-01 1.241587808936741727e-01
-2.188957094041062146e-01 2.306219928131639507e-01 4.146389919612131214e-01
2.120625106728344089e-01 2.885549685252113417e-01 3.158187290363718980e-02
2.471665080378999402e-01 1.457354271070781526e-01 -2.568444672050447242e-01
4.318435903978644075e-01 -3.568076734757727464e-01 -1.040158333448801542e-01
2.150437643016032130e-01 2.776725037907405991e-01 2.368879256385255649e-01
2.477858450378731814e-01 -4.258765412090030900e-01 2.578142574892384187e-01
2.413748369083644763e-01 3.483256934714660247e-01 3.822479985097188560e-01
-2.634651076017257010e-01 4.106091472498841211e-01 -1.382916935000921277e-01
2.889089804507425363e-01 4.605886939506046579e-02 1.596103157955692242e-01
-4.701560439143810943e-01 -1.025112781896753977e-01 -9.306276073312608199e-02
-1.409938128555080460e-02 -1.275810224379953228e-01 1.272689209966086088e-01
-2.125999991388931309e-01 -2.530766200476857186e-01 4.191916853127295450e-01
1.011006497188611658e-01 2.531730317811137776e-01 4.288419744548111479e-01
2.191070871928758601e-01 4.737324366239978879e-01 -8.301890159522276602e-02
-3.451646000255501057e-02 2.265843405836799329e-01 4.320042953154739629e-01
2.480310204645171102e-01 -2.480050926149875712e-01 -2.507004676551699562e-01
1.139324081817851969e-01 -2.374121579163357976e-01 1.358146327375174892e-03
-4.246758409412343394e-01 2.668766181399891413e-01 -2.772469736746641100e-01
-3.875846825007074892e-01 -4.098670191506604832e-01 -7.514320963098324035e-02
-3.983995434177532435e-01 3.009927652046145985e-01 1.162433134724715905e-01
-2.153057738603608370e-02 -4.865511770771606681e-01 -2.247595246016131573e-02
-4.265129470476251572e-01 8.051745961804716856e-02 3.631017453892094182e-01
1.328104711116661063e-01 -3.779372211920086766e-01 -1.264029988662796755e-01
-1.989347599315847148e-01 4.747361414630195675e-01 5.229874281990860851e-02
2.696480888705353809e-02 1.745635927891263095e-01 1.898189356354975862e-02
4.003166417627889717e-01 -3.257844410916023725e-01 -9.432208166430765262e-02
-4.718839459288687865e-01 -2.475752622799402836e-02 1.488414012776992645e-01
-2.717426664812003789e-01 -3.047061434601042174e-01 -3.298312258295023613e-01
-3.054541637758984018e-01 3.935120043103324528e-01 -3.380605272196817168e-01
-3.211111708273345910e-01 2.315129305431391782e-01 -3.386404890484153163e-01
-3.069037967788149635e-01 -3.017561362427830240e-01 -3.719673559398547491e-01
1.224259581453547990e-01 -2.409389781996416624e-01 -1.510302520627088314e-02
3.641091854174651754e-01 -4.282917217950100164e-01 4.054542479972677443e-02
-2.373225759766188492e-01 -3.104256527643661223e-01 -3.520061462782745898e-01
-2.439502371583252560e-01 -1.608448263565058767e-01 -3.713771791040892944e-01
-2.045592509754154409e-01 -3.306800909689293633e-01 -2.143797461602589827e-01
-4.871338532263719268e-02 4.957003023466391989e-01 8.277976963791917886e-02
-1.274504087948016284e-01 2.694203729223426658e-01 4.125449154864834767e-01
-3.369538790736806982e-02 3.535292017569541811e-01 -1.220564073832805518e-01
2.095251200865436980e-01 3.357978421387932677e-01 1.528904999885540572e-01
4.848816185841802739e-01 -6.964121366019854209e-02 -1.743704967427284480e-01
-1.737959247699757404e-01 -1.906505435656397351e-01 -1.960316783646137428e-01
-3.277904279602321669e-01 9.770121757344275848e-02 3.802173508909593158e-01
-5.287033660395019929e-02 -1.038381890804762481e-01 -4.256489482984475159e-01
-1.609448398463247110e-01 -4.073450967737878292e-01 2.389136927110694641e-01
1.264564814285403793e-01 4.488868603591131268e-01 3.610540975889456883e-01
3.600991692676425715e-01 -2.308726811713010252e-01 -3.283463259930111677e-01
9.423473952240275786e-02 4.580183419994087735e-01 -3.585789808351781960e-01
2.576005956978221212e-01 1.297047847161763856e-01 -3.030558619931650322e-01
3.468453559882561099e-01 1.002084908439012517e-01 -4.147425598325021889e-01
2.383037765226009019e-01 -1.317808599235923972e-01 -4.042372874773610819e-02
2.325014310066890189e-01 -3.715907492154968961e-01 3.691707139956221795e-01
2.610686866630964054e-01 -4.203611706831217321e-01 3.585971628163076019e-02
-2.961225616213409295e-01 -1.466559318310473869e-01 2.370253559766189178e-01
-2.347935554960036975e-01 4.015014021515743714e-01 3.649854083967666307e-01
-1.317904205185865540e-01 -1.311071968422795886e-01 2.652712699611175021e-02
-2.207399779882601443e-01 -3.874144997486827502e-01 2.170640830448002656e-01
-1.292175897478215207e-01 -1.332808468520122747e-01 4.396120263728653943e-01
1.232583596374036555e-01 1.220631142492290266e-01 4.215279160883491638e-01
-4.419905062438826970e-01 3.488849054654442061e-01 2.051151739480019109e-01
-1.794917968363255734e-01 2.642193139920519518e-01 -3.623260541617585595e-01
-1.487366106538257904e-01 1.133708970784292752e-01 -3.462109365493834523e-01
-1.751261360282952706e-01 2.837452505934090485e-01 2.856440184000959559e-01
3.509443119501661768e-01 -1.350082338687003947e-01 -2.016603820801866620e-01
-1.117486519506470100e-01 4.196754858713077074e-01 -4.201249793011569422e-01
4.555591013922090093e-01 -1.614769720040741194e-02 3.008587288809638771e-01
-1.425205338459520910e-01 1.035242615667224808e-01 3.392489954878704084e-01
-1.349713219439482303e-01 -3.010664830317888452e-01 3.191245866761620587e-01
-4.227741547174442838e-01 1.983869291489356590e-01 3.889928844849735445e-01
-1.099727310817419923e-01 3.167058159981636645e-01 4.318898406762548547e-01
-3.282285182738075568e-01 7.962119225649121057e-02 -3.875288113174000237e-01
1.652575939695877794e-01 4.937653578946304411e-01 -6.156343578322994586e-02
1.832218727593609015e-02 -4.206075410254779823e-01 -4.245149637168413870e-01
3.896675885767905134e-01 -3.632212203961006636e-01 3.006145395074398818e-01
4.319938857576319235e-01 -4.642265693486283956e-02 -4.206518335960274246e-01
-3.101719956834089742e-01 1.111028979390129845e-01 8.678671385338833366e-02
7.275374157973792111e-02 3.523774794677480421e-02 3.401606151156594815e-01
-2.243427566639674409e-01 -3.893614340796459627e-01 -2.581223388828345344e-01
3.337164456990312500e-01 7.256231459119998062e-02 4.678735593893658118e-01
-4.390788731272802226e-01 1.373972731374485667e-01 1.338507613710034072e-01
4.415217733290537350e-01 -2.750794494479859645e-02 -3.086768004095440943e-01
2.738176229069481105e-01 2.933505583482433066e-01 3.287766572901277828e-01
3.825741053835308159e-01 -9.111278459395043272e-02 1.525619444167101713e-01
1.900230222705382999e-01 -2.731001109467857679e-01 2.686218278790160618e-01
2.645355196940293308e-01 4.254760532067543011e-01 3.286911825409923882e-01
2.872818809588965072e-01 -3.761084475437990737e-01 3.646521557705313943e-01
7.360968861483010994e-02 -3.183026422914728149e-01 -3.063400154978421219e-01
-5.489594964635333835e-02 3.824753015778292187e-01 3.425708759528228731e-01
3.288675301455049049e-01 -2.193770318581666490e-01 3.099055041596819327e-01
2.714093156388168726e-01 2.056364045522622933e-02 1.029858074434314014e-01
-8.629788126650360380e-02 6.495060793870062466e-02 -5.012821494354924301e-01
-3.155912064864969113e-01 6.439189102559010613e-02 -1.607531952244473650e-01
1.442381667979366344e-01 -1.514592633983013192e-01 -3.048458531877927258e-01
1.460627763442616245e-01 4.395756627006146000e-01 2.083447816171200284e-01
1.886215081649320058e-01 3.068993714019532248e-01 -1.051793057956078165e-01
1.657954607812287817e-01 7.148220592546704333e-02 -4.283476849906052708e-01
2.722592635079189582e-01 -3.700370800196797760e-01 -3.446025542747591652e-01
2.837636331523232802e-02 -3.417390521281551963e-01 -4.568436662730747666e-01
-1.851063831883923705e-01 -2.687810310328264674e-01 -4.523752902539784904e-02
-3.777711767251319963e-01 -4.133525283626706126e-01 2.822857008516476141e-01
8.187652937563230648e-02 4.474293836483931863e-01 -2.267469517616941543e-01
3.221062483684532518e-01 4.169598526422774176e-02 -3.421771766120103586e-01
-8.704782384504135273e-02 3.690736278195612119e-01 4.384873410544444794e-01
-3.662249920874744435e-01 2.999962828175479213e-01 -4.220213633843731826e-01
3.174951052081977920e-01 1.551090162414731077e-01 -4.064090718757418785e-01
2.336969778263959796e-01 1.730299499672991737e-01 -4.688707385854596343e-01
-2.937598711148248776e-01 5.072489739351274812e-02 -3.963062453239213911e-01
2.277432543357313932e-01 -3.742222621369348246e-01 -1.690515454317126631e-01
2.435802902678511628e-01 -3.003604618071468134e-03 -4.756484735243386996e-01
-3.847597114502380178e-01 -3.313645449149366651e-01 -1.583930189014024492e-01
-3.211615934265297789e-01 -1.105663244454932609e-01 4.262331197859897114e-01
2.339133100141466137e-01 1.572747014537580756e-01 -1.185348919792492267e-01
-1.203504821208806457e-03 -3.003829959207980904e-01 1.724535102970356781e-01
-2.045022713969269212e-01 1.655390063747022300e-01 1.793597983406758078e-01
-4.176418147073559517e-01 1.913366162927449543e-01 2.663015659552911973e-01
-1.380992094635658529e-01 4.747975059429863642e-01 -1.464339630363808986e-01
4.188480763831039511e-01 7.427974670347113617e-02 3.264167577832510214e-01
2.324447848408233985e-01 -6.002171308999672966e-02 4.250833543038713414e-01
-1.489496240651465853e-01 4.618807741622966700e-01 -2.086530352549611361e-02
3.534335265465761156e-01 -1.557876029205417234e-01 4.536890981808921475e-01
-3.740269152136360131e-01 1.540731478090817119e-01 3.476127844029508474e-02
1.364160098848076763e-01 4.181626920470448150e-01 1.403002096358406114e-01
3.791844075027999139e-01 -1.268083843215003781e-02 -1.209387514542685504e-01
2.591963496850550608e-01 -1.052259882018641117e-02 -4.867629177342771007e-01
-1.986087385370874370e-01 -4.794493131090317717e-01 1.105281549141717556e-01
-2.407466397199132038e-02 2.053860790460173072e-02 2.474376820577168512e-01
-3.974807156057286739e-01 -1.343473739847149129e-01 2.820305005935603293e-01
-4.551584049027533330e-01 -2.401053655901282946e-01 -1.274421028186702165e-01
-4.313016198371903420e-01 4.998500698144602017e-02 -3.544995552672405847e-01
3.447004213819787610e-01 1.820686833403893923e-01 -2.498095942459205576e-01
8.502784880346921093e-02 2.266423541113310181e-01 4.078681015329729265e-01
2.290512218900771224e-01 -1.541227630425336115e-01 -3.285349299889889219e-02
-3.307433308288342255e-01 1.822157481480611296e-01 -7.835738516280242594e-02
3.244804621084472762e-01 2.869666259425779353e-02 2.963311440582145351e-01
9.878808025451697727e-02 -5.058997589032211417e-01 1.069330858239871465e-02
-1.912772861904859512e-01 -4.530761675845420555e-01 3.519909313537809559e-01
3.069320864484960665e-01 9.594543817585436674e-02 -3.674350008218041364e-01
-2.530690747609140936e-02 -1.376651345593067795e-02 -3.427598540174387476e-01
-2.215386099729091118e-01 -4.847613071776780275e-02 -3.098819005705744645e-01
-4.585725620644604678e-02 4.025897813350694521e-01 -4.152629416708500942e-01
-4.180472172173006484e-01 -3.892134397458701378e-01 -2.655159279495437064e-01
-1.195148379661268162e-01 2.964026130950914717e-01 -2.800876681296082804e-01
-2.132096454775569694e-01 1.356623279583879689e-02 -4.988634483288438282e-01
-3.500838739375140007e-01 4.587444342187407820e-01 -1.314777416177372871e-01
-3.233717568944846077e-01 -1.279502930627674229e-01 8.013204769818590978e-02
-3.860787485831468913e-01 4.718793321744672031e-01 1.310010936516197919e-02
4.382378119801483285e-01 -3.246526567988675671e-01 2.052332929022499253e-01
-4.011726293732788551e-01 7.112880642773118656e-02 -3.710494817388917399e-01
-4.309271908625147973e-01 3.061010586809094214e-01 -1.447345360847932805e-01
-2.562515104265369326e-01 2.690621937416103338e-01 9.059307365697286119e-02
4.449348345897626289e-01 1.139420126272180089e-01 1.569480282242453340e-01
1.392628005629688859e-01 2.361895435853223757e-01 2.865250313006723615e-01
-3.232179843882013182e-02 2.613746083225759187e-01 -3.556698390522969877e-01
4.332429129765897891e-01 -3.926455462774939287e-01 1.462257744632245934e-02
4.044239183949228655e-01 7.151484406988160847e-02 4.251021663406712725e-01
4.529527211093105077e-01 2.327893179815064550e-01 -1.732448653289515028e-01
-2.183171616543405080e-01 6.968546100658980225e-02 -2.743506736515667899e-01
1.134308054103447261e-01 5.003497065999721327e-01 -1.958360284008942853e-01
-8.491316676473585623e-02 -1.272656382069384251e-01 -4.344779064514087685e-01
2.294974358138797688e-01 -4.635646474123161220e-01 9.278624007957482489e-02
3.497621522081579837e-01 1.326897712816238299e-02 -1.448040040513794147e-01
-1.509135515833479879e-01 1.047469718059710203e-01 2.448321111881607559e-01
-2.765399108887139912e-01 -2.420511187644844020e-01 -1.487939168335307150e-01
2.191450139732161184e-01 1.952434340188525796e-01 -1.287519181653016542e-01
1.302458354379363026e-01 1.083579434110145540e-01 5.163157077569050513e-01
-2.145836209391125543e-02 -4.827622456804151474e-01 3.464507305643664270e-01
4.241917417288340597e-01 -4.732437698182430375e-02 1.348861474171114405e-01
3.375119468705367054e-01 -2.396429415066924640e-01 3.122408867969450053e-01
-2.151125863746399247e-01 -4.805624775636390122e-01 1.060692009761102783e-01
-2.013325959166076262e-01 3.480307303767342653e-01 -3.540692098418364853e-01
3.632140011361442156e-01 -2.639810750062113742e-01 2.676966587157105226e-01
2.657503455357759781e-01 3.666232642235950911e-01 -3.787138682912809425e-03
-1.019063234420614361e-01 -4.458877641984570483e-01 -3.145910406767528644e-01
4.314435025862539685e-01 4.229222364375499477e-01 -6.068716443330487986e-02
3.738219095117445989e-01 2.546743791641717936e-01 -4.223242646689261415e-01
-1.917791862184134166e-01 5.038088199118930799e-01 3.853598636267214356e-02
-1.763675619396346678e-02 -7.656611467757178102e-02 3.286069013861238064e-01
4.158552464942303351e-01 -2.264692656325107689e-01 2.619881408866568950e-01
-2.118624630436368728e-01 4.241485647012476767e-01 -3.315394630360408157e-01
2.854579708849298014e-01 -4.381687089768338539e-01 8.567901093517749089e-02
2.592641205512056790e-01 -7.905095557663029127e-02 2.075786136801907322e-01
3.647376848125687410e-01 2.698122717997802900e-01 4.086728674590269228e-01
-4.141612473945500694e-01 -3.701778976304629376e-01 -1.226769029521159876e-01
-5.438243079809238628e-02 -4.733976586439860301e-01 3.512970465426309419e-01
3.468245587783719830e-01 -2.539550978916301216e-01 2.373780339719062660e-01
3.187550464748155621e-01 -3.947994199865572096e-01 -3.350570317928980857e-01
3.847330227518158674e-01 -1.666624648142264742e-01 -4.413309915024598573e-01
-1.084699345316686159e-01 1.258252476030921607e-01 -3.683729768980527619e-01
-1.193332168372556457e-01 -7.787456975920094282e-02 -1.213538981929605243e-01
-2.630018045974020779e-01 -4.899297512152354095e-01 1.803019557758080427e-01
-2.104794930972702649e-01 4.746394014570650688e-01 3.879404722444217413e-01
1.085742930920569893e-01 -4.699409829350644774e-01 2.890145216484465429e-01
-4.034477161360903730e-01 -2.995499296175526682e-01 -1.423761797187575728e-01
1.280441000997266099e-01 -2.384840960978086566e-01 4.869436030558710327e-01
3.040955922458320471e-01 3.362382625903577726e-01 3.541007519129977243e-01
3.495898958309405780e-01 -4.490724455781553992e-01 3.671517336504109830e-02
3.069960952944583710e-01 1.105571972518464285e-01 -3.806907366794101133e-01
-4.402566497780762145e-01 3.323586525851657258e-01 4.496316433474805141e-01
-1.775446775293978707e-01 3.403085324633787212e-01 -2.780206193604570775e-01
-4.834627172702364861e-01 2.387318475034319321e-01 2.973882669483161045e-01
-5.203994927850500440e-01 6.910858540807751638e-02 1.589802668254935714e-01
-3.305052106194988903e-01 -7.028556731788777878e-02 4.982459452123627619e-02
-4.331984138682503094e-01 3.084009376878541486e-01 -3.273450876909668184e-01
1.643699547191062871e-01 1.184299030516214324e-01 4.862179001006735057e-01
-3.834848168746209929e-01 -4.705864047202172884e-01 -9.125216204093467010e-02
-1.295964109845849574e-02 -1.839627563237214158e-01 3.981216764359121058e-02
3.536250001430460421e-01 -3.284229705231304086e-01 -3.832439506506458149e-01
-7.714382715228387810e-02 -4.908556422112783091e-01 7.619953978867456679e-02
3.690252470386227723e-01 3.121641113614468388e-01 -4.429247612248842780e-01
4.587384134205275132e-01 1.427393445521622228e-01 -2.565797263935636896e-01
2.761994022476974009e-01 4.764044111173578178e-01 -3.419346984535586720e-01
-4.648720115857680191e-01 3.967706873683157776e-01 -5.699597730417091390e-02
-1.329228900995145235e-01 1.820204514683875230e-01 -7.566710082455298247e-02
-3.090768498263427588e-01 2.989094627539706783e-01 1.327410394650505310e-01
5.112106758833628861e-01 5.845872877440613791e-02 5.506971230381926818e-02
-6.650560724446899497e-02 -1.932512044997779510e-01 -8.544084462386778139e-04
1.511958006859786263e-01 2.523090369555503476e-01 2.612083504939406442e-01
2.428924156609567897e-01 5.065532330694260538e-02 -2.341229803050506875e-01
2.250904681944585484e-01 -1.962531811687487915e-01 1.464070791506274782e-01
-4.491199184986990889e-01 -3.641143907192863072e-01 -4.219378372644178588e-01
-3.880830806901700014e-01 -3.150978228061470515e-02 -1.866650149431876848e-02
1.174237331875095137e-02 2.448898271106822733e-01 4.735446108304462998e-01
4.697184653999545989e-01 -1.584515443074640817e-01 4.231782092231186621e-01
-4.777376660197062419e-01 4.432752611827462941e-01 1.505045549033071084e-01
4.612703207909280012e-01 -2.976100909603487943e-02 -3.836617413645684871e-01
-3.900756063248565497e-01 -3.588818349287686282e-01 3.245432798590651702e-01
-2.150802686150777854e-01 -4.022956207748638602e-01 -8.205808009998677433e-02
-3.727155491189155789e-01 -3.227300187143611332e-01 -1.411423616949590842e-01
-3.387920977710145443e-01 4.152776765614658028e-01 -1.294302292231711005e-01
-3.732560220698922238e-01 -1.302824588068705707e-02 -4.591306896456393560e-01
-3.457335646115473060e-01 -1.939841421856439707e-01 2.888596707010212539e-01
5.025728404333349580e-02 -4.633480287717353652e-01 -2.961974504566018407e-01
-4.602932668797210525e-01 1.695405786031971562e-01 2.417386955952403327e-01
3.842567081894981418e-01 7.394478067646736985e-02 1.149079273906662146e-01
-5.509968047250584158e-03 4.524864162925235633e-01 2.509964342097243950e-01
1.728508240071540136e-01 -4.969416200993821975e-01 -6.850633738832523356e-02
-1.944015251243560727e-01 -4.892587072556661698e-01 6.594064933662928396e-02
-1.215577979097883371e-01 6.438428036354212902e-02 -4.430086291191561720e-01
3.789274693152518414e-01 -1.754894770685141991e-01 3.718958725315840153e-01
2.200686961321908219e-01 -2.553149205952486844e-01 7.844770625439695735e-03
3.840002083032925118e-01 -2.206345588295590687e-01 -2.633213661610999123e-01
-2.581935804115219057e-01 -4.374005604021929394e-01 -3.731628031412830837e-01
2.395897252560767743e-01 2.584602698125572640e-01 3.645835686372808637e-02
3.179506625444541434e-01 2.376404486738784363e-02 4.307244896499701770e-01
-1.349972526221394353e-01 -4.625393943333878655e-01 -2.192260847859623940e-01
-2.977443415663571513e-01 -7.515004924911926343e-02 1.220723020670821252e-01
3.097514730137053696e-01 8.572607653797439942e-02 4.622354456884022467e-01
4.028049214840156989e-01 1.756367808457700297e-01 -1.464581793106554397e-01
-4.432225623877554255e-01 5.723772474218981159e-03 -4.552628336064085818e-02
2.364355645690901786e-01 -3.319417631951223635e-01 3.596827598885478094e-01
-7.789964197622303854e-02 -2.053087341087083406e-01 -4.845069820896859003e-01
-9.148011184141859042e-02 -1.516064938652331717e-01 -5.139535899882767822e-01
4.525577440686267550e-01 -3.027331116861218252e-01 -2.318973691097591938e-01
4.200416893771474758e-01 4.534730862748387326e-01 2.277980275224268936e-01
3.136735826956691953e-01 1.944655719338720876e-02 4.178780016965665811e-01
-2.261700371927849729e-01 4.381075187685746219e-01 4.601551399817535026e-01
-4.273139796871332496e-01 8.419746987772366853e-02 -2.127184016670151667e-01
7.820550283944018022e-02 3.030956378046174016e-01 -7.827193286420192075e-02
4.077790413846619222e-01 -2.927670675314122395e-01 -3.689614773331802988e-01
3.209782039371652379e-02 -1.730569450721897995e-01 -3.609303939931260419e-01
2.171748970238501220e-01 -2.430785811338212477e-01 -3.093046731909414038e-01
2.038622575290397199e-01 3.417467023006684479e-01 4.342351447742828774e-01
-8.430562033485641815e-02 -4.112770674911603308e-01 2.330970933942350942e-01
-3.766314809887544857e-01 4.146568299100206190e-02 -2.993403899025348647e-01
4.200313088971441289e-02 2.301220576125823092e-01 -5.005729432932322365e-02
2.266040274076426830e-01 -3.061414835679140967e-01 4.813303191612051668e-01
-2.710437372991652549e-01 1.125613942846032250e-01 5.144466909973789415e-01
-1.033470909556711290e-03 3.123860172952335756e-01 3.145213191068504388e-01
-1.654161407458189714e-03 3.259670278814577604e-01 -3.397846868508540563e-01
3.330331921396768591e-01 -1.134080844075526923e-01 -6.236983801888974083e-02
2.346095343273380263e-01 -2.947852120456935787e-01 4.621788040449858470e-01
5.132503855186791863e-01 -1.156770263361911882e-01 -2.863424292571513097e-01
-3.876186967598084232e-01 3.592712362952337202e-01 1.042859343407065292e-01
5.051017625040987724e-01 3.465967289027867548e-01 2.104093705641212342e-01
-1.832602264615066090e-01 4.548382990015309990e-01 -1.082703707646681807e-01
2.338841131160213638e-01 -3.527432499061636251e-01 -3.833021220035996435e-01
-1.976978871317639219e-01 3.544082399885029044e-01 1.169595579115460943e-01
-2.309953879207490568e-01 4.023804548760631650e-01 2.583595839069448008e-01
-2.516868971401228783e-01 -3.804540019168672349e-01 -1.409385915442626092e-01
3.315614148842811471e-01 1.407762632439147343e-01 -2.014525351870475045e-01
-1.536947958535335168e-01 3.992339380219515066e-01 2.361503409330901748e-01
3.055595244238878405e-01 4.264487996122295344e-01 3.114505016285565309e-01
1.209445670007268658e-01 1.515221503019646976e-01 4.729500244128895803e-01
-5.250605775503400935e-02 2.680649059652823532e-02 2.784834195621495589e-01
-4.361325000440952754e-02 -3.278146729615876720e-01 7.600264678871360147e-02
4.770446437971196385e-01 1.922252408770254994e-01 -3.567349752561575771e-02
4.196610512522158665e-01 4.281128609879854968e-02 3.400794042432789821e-01
-2.848822305854808445e-01 2.218581746826283341e-01 -3.922990863233983827e-01
4.514264265130480958e-01 4.598157293452775386e-03 -8.435352743090239469e-02
-3.786794022486623112e-01 2.917191476120364890e-01 4.611984021121295352e-01
3.192084110904739869e-01 -2.283234660114663583e-01 2.484942919167274500e-01
-3.828846931574977214e-02 9.780760900678545089e-02 4.095479342708264747e-01
9.025211805285204836e-03 3.269497488985636524e-01 4.590305992831978932e-01
-4.390274183890116033e-01 -1.774363910701491284e-02 2.740079413605930880e-02
1.520781049874761481e-01 -1.183964501242692480e-01 2.096066219076210269e-01
5.242668734424986710e-01 2.618520909902976035e-01 -1.025531096026285199e-01
2.479172944340891083e-01 -4.345656032111384071e-01 -2.976534572977986848e-01
-4.317594744191220468e-01 4.102389070456987641e-01 7.956394113508630239e-02
-3.251790230828476291e-01 1.678221233710295024e-01 3.380380195160269108e-01
3.847725915017968790e-01 -4.868037755894759518e-03 2.983150698560402825e-01
-5.119276934629830578e-01 -2.819624270735388016e-01 -1.479406306190199916e-01
3.724718527156185149e-02 1.502055130956814755e-01 -2.053884295386171344e-01
4.500769961633548921e-01 -3.106008156963256939e-01 -1.003611282816321976e-01
2.848019134987435641e-01 3.664004504323145617e-01 4.332794629075120696e-01
1.016905335488146600e-01 4.077759706482283475e-01 -9.061943937738431432e-03
-5.225975964458626777e-01 -2.543095971922746876e-02 -4.285192709723937288e-01
-2.257798979852541632e-01 1.964821647434066565e-01 -4.908243225648655228e-01
4.315320597151792170e-01 -4.531859373804570379e-01 3.820902512136085116e-01
-1.349707877403636402e-01 -5.856161575403051600e-02 -4.306085346062686892e-01
-3.500572904152647880e-01 2.080019729016410746e-01 -6.330165163492520314e-03
3.081398893756907842e-02 2.675681008565233832e-01 -3.782274892309202968e-02
-1.376556591242262539e-01 -6.562083245433156242e-02 2.553600885233182072e-01
-4.648520102933584863e-01 4.976898460715469263e-01 -2.659319328384555647e-01
5.489991364059517570e-02 3.269855129245824998e-01 -4.517269563303271535e-02
4.546124052765211643e-02 -5.000554118163813566e-01 -5.481997358710356122e-02
4.095048684448612253e-01 3.194413441552996225e-01 3.076272726330921969e-01
-3.732239489532200305e-01 -7.435881027827351275e-02 4.443559920940558516e-01
-4.375683076937622595e-01 -3.748519976569218426e-01 1.352082591548576518e-01
1.763934791369012045e-01 -1.172798393118515414e-01 1.494328204481789046e-01
3.425797607062467942e-01 -1.586266125334663199e-02 -6.880584804136979926e-02
3.830443560146728488e-01 -2.708362952703206594e-01 1.644478006230439548e-01
-2.604525902123583925e-01 3.603051928681773042e-01 5.391433579442240359e-02
-1.117919273280978676e-01 -4.371172201366387289e-01 -1.746326319365154589e-01
4.868673447379527341e-01 2.715555872740406732e-02 4.363014911688071207e-01
2.723005788860459186e-01 -5.309271310472082339e-01 -5.936513592501491132e-02
3.491346621847045140e-01 -2.328948515617000337e-01 -3.787070399996840808e-01
-5.609504354432255369e-01 2.775727815832531795e-02 -1.290027942478092216e-01
-4.658856446445421851e-01 6.711442940242677568e-02 -1.536367751709843792e-02
-4.957606073637578215e-01 1.021708711390126451e-01 4.092319833934639495e-01
7.586844121052786771e-02 -3.419886203081486387e-01 1.828124186920045413e-01
-1.982789485135602325e-01 -1.782098008310361026e-01 -3.756344166855208333e-01
1.427287101175771233e-01 2.567499461201576683e-01 -4.987823803465757933e-01
-1.412695570020812245e-02 -3.965207193604693980e-01 4.309606826625847487e-01
2.329499919729794422e-01 3.744193816210328873e-01 -4.286718063854295102e-01
-1.952572785268423539e-01 -4.394464019409734523e-01 -5.055896063128541007e-01
-2.616846556916448963e-01 -3.008710896120337375e-01 -5.081148899596266144e-01
1.513499134696734069e-02 3.898053094808994756e-01 -2.187905233240310110e-01
1.944233425497482459e-01 -4.673415328935751623e-01 -7.690336303673923901e-02
4.369706187414108545e-01 5.053251863230354690e-01 1.178807267418697652e-01
-1.964953604370469342e-01 4.448882416494351344e-02 4.046487904341697361e-01
1.343823216981058222e-01 -5.419455195389347724e-01 -8.259893855445241476e-03
2.011839401152090145e-01 5.051221040508100391e-01 7.646546613329094355e-02
-2.633725466067400323e-01 -3.598786185651100533e-01 3.721212572297584731e-01
4.661088667473800573e-01 1.665485529295221423e-01 1.897584586969095766e-01
-7.691266326876618209e-02 5.613384705255458629e-01 1.026821770960188590e-01
-5.333839153911441588e-01 1.567342337728638846e-01 -3.679397447409114008e-01
2.197831204685909423e-01 2.631085978880080001e-01 4.358823127204449199e-01
1.021182116423495490e-01 1.176335414266669044e-01 3.884664097956399553e-01
4.293324069540378485e-01 -7.830695504292306541e-02 -4.093514110083946167e-01
4.130554623564754342e-03 5.086717715514303961e-01 2.232143226587486873e-01
-2.115572991127543101e-01 -5.448705821768993207e-01 3.679175053168445148e-02
5.786678661504467830e-02 3.379356881942200408e-01 5.220011690897335965e-01
5.034802587001041552e-01 3.668901724705469491e-01 3.676635684629434020e-01
-2.523388237934072187e-01 -2.952357517465969972e-01 3.925057950270486318e-01
-1.715540652644796382e-01 3.245459906745605250e-01 4.426969570946062693e-01
4.958730913200964929e-01 3.543870912845736854e-01 -1.470537283682406549e-01
3.797757938121389398e-01 -3.374245922882447846e-01 -4.558078309561683916e-01
-4.360320517622742753e-01 -4.239802896546885358e-01 4.563828891745788652e-01
-4.554423873125642008e-01 7.688241984514880556e-02 -9.294270272976083713e-02
-6.888749646114716635e-04 -9.018271297749357041e-02 -1.710554321794962862e-01
-2.283837391874916078e-01 -8.800891478219496911e-02 -7.465456044224483279e-02
2.512051780036045900e-01 1.619089129956556294e-01 1.180562401281863849e-01
-2.337366025490036914e-01 -4.030439243922341874e-01 3.800466950262492566e-02
1.480614795400832795e-01 -8.017695154499042062e-03 -4.920956338677819064e-02
6.989460430020830812e-05 2.415318331373200456e-01 -4.373460519119577450e-01
9.401334241959360960e-02 2.738950889603441463e-01 4.548331784345878426e-02
-5.423926816573890752e-01 3.704206367923663229e-02 -1.621997838223803237e-02
2.614326196009499059e-02 9.027142892588502221e-02 -4.042367847896753963e-01
-2.289439774967183261e-01 5.536886427397184063e-01 -8.184837899343057332e-02
-2.428768507022979473e-01 -2.799475488274744128e-01 4.066374787441693339e-01
-2.006540224050669952e-01 -2.220455746870069746e-01 4.904332027605124988e-01
1.741956799748733964e-01 -3.099448975983907714e-03 -1.192391217043637791e-01
-4.856934152690554618e-01 2.199824231177335832e-01 2.671578269797617589e-01
-2.254271644309749356e-01 1.983315584896854222e-01 3.390010801310916477e-01
1.039209172919558846e-02 3.185080774851762331e-01 2.585144740341873137e-01
-3.129999513668801359e-01 4.689485376995657373e-01 -3.916920008152782740e-01
-4.785280335257800499e-01 9.703627327228885524e-04 -2.947929984596613928e-01
3.709627777545541627e-01 5.178840814320544439e-01 2.925821403294140977e-01
-4.192274741729171139e-01 -5.826703509504390852e-03 3.541076779708582922e-01
4.697894065604467373e-02 1.116884054699725931e-01 1.863465736224288460e-01
-3.145905345905903872e-01 -1.388094330539813570e-01 4.242125635805624184e-01
3.529625213818176066e-01 4.941044385075966661e-01 1.745716768452796608e-01
-4.768373446911273739e-01 -1.453472508487926029e-01 -3.288008291816842954e-01
-4.255620959194001962e-01 5.125936754541325913e-01 1.529201852841663989e-01
1.080980594439689413e-01 2.550462063699150961e-01 -2.260119675973028819e-01
1.996271711116354985e-01 -2.996820283011291663e-01 1.634790397820783392e-01
4.982381157771232916e-01 -2.280466421554247780e-01 -4.927787261971271482e-01
-2.293085978718629181e-01 3.073033458066112278e-01 -1.516624481580029771e-01
1.364675109390892371e-01 -2.885156886734052128e-01 -1.284389371688856585e-01
4.799627524843801951e-01 4.709988395137499895e-01 3.179764164949774874e-01
-9.133453890059124725e-02 3.889548394211921334e-01 -2.202218702889499891e-01
4.817132352561786512e-01 1.057571593490598677e-01 2.017432025964041031e-01
-3.316104942438171110e-01 1.511551706837292175e-01 -2.300146683652339041e-01
-3.797348873690951643e-01 1.216729597502202026e-01 -4.564007958604116566e-01
4.776784900457821115e-01 6.316242715066017199e-02 -1.526830231512643077e-01
-9.380426883386672188e-02 2.029300787115398130e-01 -5.224167079139920844e-01
-4.278508435077599814e-01 1.464729430719616254e-01 1.367556234025721074e-01
3.026544968552214998e-01 4.323557641763344783e-01 -3.543635253652598904e-01
-5.392874838357447631e-02 -2.098953105620740001e-01 -4.958668914591011778e-01
1.129572137144096017e-01 4.240519165460348017e-01 2.535376533301013091e-01
-2.377601882081649409e-01 -2.431620497297191930e-01 5.228575122882609394e-01
-4.568854440637739045e-01 -5.068868898758722204e-04 -5.512826452248844461e-02
-1.753176476975937814e-01 3.031837550736131703e-01 6.634542594885517452e-02
-5.346560473385358198e-02 -4.846989540784389927e-01 -1.959720127834811976e-01
-3.713679407510961372e-01 -4.689062293992139474e-01 -4.330174843184992350e-01
3.443163670114291613e-02 2.074576820933759502e-01 -4.953575018607671576e-01
5.173390346759308700e-02 -4.372765263354663756e-02 -4.233666843149354042e-01
6.747102259309935290e-02 -3.941111964537675760e-01 9.686560085592002545e-03
5.264877609317699658e-01 -4.389398350689739936e-01 4.233455456730911282e-01
2.212975825620700776e-01 -5.346123194396565914e-01 -8.869309398735739439e-03
-4.319771758942856366e-01 -4.251919002741526010e-01 -1.542172029620666185e-01
-2.445154022859256371e-01 4.706003387733477816e-01 -4.710166788262963311e-01
-2.715748659224296868e-01 -1.062564873774528851e-01 -5.522073486056154890e-01
-3.139107438746249756e-01 5.199516935851614674e-01 2.911028215821667153e-01
-4.071433580977705524e-02 -2.698197491552278837e-01 9.357246029636587248e-02
-1.664149228613646114e-01 -3.141992935191438852e-01 -2.258017546094482075e-01
6.368327751906960321e-02 3.958665108963688728e-01 5.530898199686145045e-01
-1.896530640684787050e-01 -3.853881029921261137e-01 -4.664866548924223588e-02
3.418208501595883519e-01 2.139189187399617997e-01 -4.130262272696391124e-01
6.084605238187879017e-02 -5.367070047796214105e-01 -4.563595625598705907e-01
1.982655568316025185e-01 -4.918660101326046696e-01 3.112093925515893034e-01
3.708454017609147391e-01 -2.268880409716083901e-01 1.414944067732763766e-01
-5.615589798545607136e-01 1.475771615135628712e-01 3.272815350293899472e-01
-3.543764357140124499e-01 -1.329664562321672683e-01 -2.111440141723092689e-01
9.424317669028552114e-02 -9.574015204906660692e-02 2.543708908300837956e-01
3.785590078110366297e-01 2.777112719909957672e-01 2.056114070261716165e-01
1.427439239308439800e-01 -1.504463790645748367e-01 -4.188291508233177307e-01
-3.038008364336192701e-01 2.708659096122029153e-01 -7.622937497100749915e-02
2.598445614901989317e-02 -4.749512564938257464e-02 -2.606904173861301910e-01
2.365277132650647207e-01 4.120506314378215018e-01 3.906420807072363277e-01
4.415375476634343654e-02 -2.339190244447870715e-01 -3.315557889729593422e-01
5.097922645677315234e-01 -3.160986918696398473e-01 4.554674630344780484e-01
-2.258287172351240990e-01 3.380372283672242739e-01 2.978334877384610779e-01
-1.405295253719964776e-01 8.068808432598807701e-02 -6.947101063084155925e-02
2.462323814708337055e-01 -5.423166272601773752e-01 2.686268802383896537e-01
-3.148256300257821771e-01 2.332177313827137610e-01 -5.303283111710460629e-01
-3.927943702604145271e-01 2.664478616908796393e-01 3.810719507238313208e-01
-6.366687410323286500e-02 -2.925359108484945625e-01 5.105746089751730388e-01
1.455787502618410834e-01 2.735811835406992132e-01 4.514375379611529349e-01
-5.857107255560685399e-02 5.146479859021932945e-01 1.506110649011257741e-01
2.709658805131882620e-01 2.245021080798637325e-01 -2.229646310325077152e-01
-2.041430730655782455e-01 -4.003849916753990379e-01 1.322298346130876268e-01
-1.776579835668336271e-01 1.975768007413876703e-01 -4.468098622124787034e-01
3.091941793900775393e-01 -1.155566622421091150e-01 4.812750084023523223e-02
-4.879725324151925614e-01 3.631380872850070718e-01 -3.582053718991156654e-01
3.732742913326193568e-01 -6.806604073948255285e-02 3.394041771911249783e-01
2.558920461066197527e-01 -5.562966585878509340e-01 3.992721814422637849e-01
-2.565573886608347315e-02 2.865692868075645494e-01 -5.397316105028877598e-01
-4.079620919374088994e-01 2.632503914654194532e-01 1.502741013815799692e-02
-2.785407067202676501e-01 -3.171135585285013159e-01 5.125385363518204507e-01
-1.262382315912494168e-01 2.188199621100984926e-01 2.470019648043290106e-01
5.081245416961416295e-01 -2.823066271269555894e-01 -2.939775359984955760e-02
-3.981994430629369197e-01 3.275451591613432467e-01 -3.430551429190922264e-01
4.721419554548237918e-01 5.483587670515688295e-01 -2.115306905253753478e-01
-4.974173613514186465e-02 1.770098982056939399e-02 4.073527204013031033e-01
2.459190049223406588e-02 -1.730641954492671553e-01 -4.335498244064255324e-01
-5.546799503946553411e-01 4.666047646073129274e-01 1.042969807011101535e-02
1.853167819394696270e-01 3.789227156234623584e-01 5.632371330094108064e-01
2.479706026956789502e-02 4.407449806263345066e-02 4.522251607480928248e-01
-5.271128388690287520e-02 3.451885604625800075e-01 -1.332763967644439995e-01
2.522164465584438298e-01 6.819874663961694077e-04 -3.720607610869815507e-01
-8.284453035447883473e-02 -1.119808238057161398e-01 -2.527962377580666442e-01
3.498309845198747936e-02 -4.249231490816349210e-01 3.425395027032949735e-01
-3.249795202015009488e-01 3.835629694549742563e-01 -1.854157479363623962e-01
2.407629242395622204e-01 3.789052745383197363e-01 -1.944066748782976584e-01
4.446132306860483552e-01 -4.575315634598046688e-01 -1.079196050633040305e-01
2.961139028435657017e-01 2.195790833026289024e-01 5.471691229855056848e-01
1.402529513053361598e-01 -3.201624991772351048e-01 -1.274865868896692296e-02
5.184598279866476922e-01 -2.575297138614100478e-01 1.919720936318004278e-01
-4.385858917968239734e-02 5.697606784234010568e-01 2.679929964383947483e-01
-6.975971672754487096e-02 5.025990933185363607e-01 4.326836792180963620e-01
3.446214293248781591e-01 5.248373611841338215e-01 3.606224006577221086e-01
3.104755707471574255e-01 -6.960810905070963228e-02 -4.949391511769948293e-01
-3.479441653861315570e-02 -2.902558621057086397e-01 3.317352042265273027e-01
-4.700630673740794907e-01 4.123401991182585880e-01 3.297439178461766818e-01
4.877686922337565734e-01 3.222201543831997028e-02 3.147962542297606525e-01
4.518837742069782837e-01 1.776275005621594238e-01 4.032415124771696613e-01
-2.385901383321723662e-02 -7.817751288565256973e-02 -5.658846654959813760e-01
-2.824544946653008148e-01 -4.645648694412300994e-01 -4.185416990357148648e-01
1.259293923980890628e-01 7.453278765140836093e-02 3.454315585498778374e-01
-2.674096390392031175e-01 4.515801345086556395e-01 -5.004800879072216491e-01
2.781092268802107248e-01 -6.050505567499537413e-02 -1.986729458850479066e-02
-3.791834773399857528e-01 -1.428377481275728000e-01 7.685810507823408189e-02
2.655183553563554288e-01 -5.561854019491385692e-01 -2.400727512876687508e-01
3.430385461284369275e-01 -3.561088580459099151e-01 2.936142339270017554e-01
4.562675171893133541e-01 3.939827972595096039e-02 -3.804519739560456859e-01
3.423321950444189743e-01 1.141483347454940733e-01 -1.916042489077713143e-02
-5.605614575648297793e-01 -4.268333006780249128e-02 5.233060709171108993e-01
1.554640687704497704e-01 3.932053363271529878e-01 3.227713200796026305e-01
4.287902758306237350e-01 4.264347298007227227e-01 -2.409008030089051285e-03
-5.295385690952201241e-01 -2.503581092307251010e-01 4.026368109132056339e-01
4.131474930206872620e-01 -4.326289378552853337e-01 1.058152665632825923e-01
4.844279213673630680e-01 -3.568902171654383393e-01 4.944411760928196231e-01
3.508103441988886240e-01 -5.457728520890219037e-02 -4.791587829606200888e-01
3.694222095419676388e-01 -5.590056757281035571e-01 -3.721813797278372138e-01
1.363694126280664831e-01 3.464611987932970649e-01 -3.678437825842024722e-01
1.239474509156133220e-01 -4.633726128584688131e-01 -2.861744196252693495e-01
-5.741637926310424467e-01 -1.937050616557877414e-01 4.694550484101197019e-01
4.082255105168924869e-01 -2.394664688310512157e-01 2.089767245132414797e-01
-8.296768894598155475e-02 3.377264525335843537e-01 -1.753550717707923756e-01
2.888220506303361135e-01 -4.158561179778759165e-01 7.631627934458576346e-02
-3.403264143942661968e-01 -2.699227991775833835e-01 3.675992150117309287e-01
1.926119002092304688e-01 -2.487697522941903494e-01 -2.128115135682809855e-01
-5.237339547402156681e-01 -3.029981219499198741e-01 -5.415087448336518561e-01
-3.022695347173923186e-01 -4.700504755781420019e-01 5.312351664062336942e-01
-5.765910008298279488e-01 -3.511298655766086352e-01 -3.055337000637940448e-01
-5.870781589055159566e-01 -2.001307764912602788e-02 -1.784979689740266370e-02
2.368528291358673599e-01 2.963650980549458747e-01 3.354004042589658896e-01
6.463351025402071237e-02 2.189007096953017317e-01 -1.068206017063643432e-01
-4.833926962423564788e-01 5.673591177306707145e-01 2.147592921202660654e-01
-5.132032278212906862e-01 -3.996895666360441579e-01 -3.985875778395845392e-01
4.636657594859103226e-01 -3.231821850230705562e-01 -2.423473389078719675e-01
-4.446933212027728288e-01 3.127976885985127020e-01 -3.977081505505841164e-01
-3.373248971691152898e-01 -2.833300060893941819e-01 -1.968057080660957359e-01
-3.663923148503914207e-01 -4.861744598211467649e-01 -7.587834159650586052e-02
4.898830453782826444e-01 6.124861184198993058e-02 -4.880963403955300706e-01
-3.533750911505975090e-01 -9.104576141701790915e-02 -4.458910628393294301e-02
8.708799968443164952e-02 -4.328323817552033603e-02 2.339506336679382514e-01
8.030991656930681899e-02 8.998873329825816947e-03 3.501638277713333136e-01
-3.407625413523100999e-01 -9.683282864833937797e-02 -2.382388778595227186e-01
-3.895501872903826546e-01 -3.309388289783810611e-01 5.734850237192291589e-01
-4.213951610790655500e-01 9.638209119330101715e-02 -8.601193260049373734e-02
1.331604846521022012e-01 1.857864593677393539e-01 -3.650020404696231457e-01
-3.604265772705925741e-01 -4.483680481820392361e-01 4.702203457476193393e-01
1.515105493574036566e-01 -3.478896492015774722e-02 -5.845160550592052306e-01
-3.688284405156814771e-01 -5.664848553043194679e-01 -2.213540334108188568e-01
-2.061631146164081274e-01 -6.442434938271343788e-03 -4.187666200880410527e-01
1.257571259156426216e-02 4.452541503516715404e-01 5.586116953098609061e-02
4.702458467839226164e-01 2.670972943894638352e-01 -5.033839898967834570e-01
-1.335609120217989554e-01 1.772373151082562992e-01 3.687591944499994945e-01
1.602352880125601231e-01 -1.730618182067632238e-01 5.455904713319779109e-01
5.866285002154668637e-01 3.257824084313050705e-01 3.304974696649505272e-01
-3.420667356570651907e-01 -3.755020624971515675e-01 -4.040788396990343534e-01
-2.806838639744364539e-01 1.968160470560326725e-01 -2.485600432550227057e-01
1.694615030581063109e-01 -4.714162486294904419e-01 -2.478659817476711325e-01
-3.413767580087270215e-01 -2.926336370035625412e-01 1.865340275978056572e-01
-2.352959720147354827e-01 -3.255360814589123297e-01 -4.017187730779175903e-01
-3.414050079436671825e-01 -1.018356333383252238e-01 -3.968900259303002609e-01
1.712063613055898326e-01 2.009984437762852016e-01 1.713285252238569145e-01
3.052720911680308347e-01 -1.613461198897075122e-01 3.078159988057653229e-01
2.978087671465042691e-02 3.627845815855555434e-01 3.411169115513253414e-01
2.443306040820361347e-01 -2.717483138339238380e-01 -5.502565189816186475e-01
1.990109035449148245e-01 5.115534409312733066e-01 1.121645589995648451e-02
2.743319033628699444e-01 4.077193476990894072e-01 7.806417186605700553e-02
4.591624192445728503e-02 -3.337133943675469894e-01 -3.829151662932447353e-01
3.354208443645556592e-01 -1.095001355523738534e-01 -1.100610605903068820e-02
3.254704457049454325e-01 1.351235164904253661e-01 -3.335219165679517150e-01
-5.155250231758579105e-01 -1.139865942280644251e-01 -7.950765347763795454e-02
-1.956994887585971066e-01 -1.578448307212518831e-01 4.600610417266761121e-01
-1.484426642839110910e-01 4.729310228215300449e-01 4.890238609933173497e-01
3.268651371931412530e-01 -4.214885855678473514e-01 -1.044876630378171745e-01
2.829370828735686128e-01 -4.750630088013078067e-01 5.883387829988677709e-01
-3.904598958587490731e-01 5.934111937294221928e-01 -5.755713248081767430e-01
9.841217674314156616e-02 2.495899309085782558e-01 -3.650415396881411811e-01
-2.491641851763413129e-01 2.237018283522240192e-01 5.361140475180025122e-01
-1.864953121378685186e-01 2.098008498550299125e-02 -5.548323912220434195e-01
-2.896240876423809008e-01 -3.280525620374563633e-02 3.454351176772202936e-01
4.083873636722599731e-01 3.430356767377376048e-01 -3.150254867400709147e-01
-1.129536993270476158e-01 -5.905921024518575591e-01 6.611846540776931958e-02
-5.575212283183738071e-01 4.288326014070216186e-01 -3.734177202310303700e-01
5.586192998930458176e-01 -3.487374779764165211e-01 5.672023116367451712e-01
-5.148969550042256094e-01 -5.345191953498947823e-01 4.178531504385992190e-01
1.627810732882792322e-01 1.062490988685446947e-01 5.422515126372722261e-01
