-2.864693400000000000e+07 -1.428457920000000000e+08 -1.489620400000000000e+07
-2.864693400000000000e+07 -1.428457920000000000e+08 -1.489620400000000000e+07
-2.864693400000000000e+07 -1.428457920000000000e+08 -1.489620400000000000e+07
-2.864693400000000000e+07 -1.428457920000000000e+08 -1.489620400000000000e+07
-2.864693400000000000e+07 -1.428457920000000000e+08 -1.489620400000000000e+07
-6.075363600000000000e+07 1.819926400000000000e+07 -1.534652300000000000e+07
-6.066564800000000000e+07 -5.521629375000000000e+05 -9.231742000000000000e+06
-4.821398000000000000e+07 3.718506000000000000e+06 -5.117208000000000000e+06
-6.637492400000000000e+07 3.111222000000000000e+07 1.339639700000000000e+07
-7.708304800000000000e+07 4.943294000000000000e+07 2.230637800000000000e+07
-5.573351200000000000e+07 -1.227060000000000000e+07 8.317343500000000000e+06
-5.855671600000000000e+07 1.093196800000000000e+07 -1.245189296875000000e+05
-5.790980000000000000e+07 3.125311500000000000e+06 -2.751053500000000000e+06
-8.425486400000000000e+07 3.826655200000000000e+07 2.432881000000000000e+07
-5.344459200000000000e+07 -1.311418100000000000e+07 4.324848750000000000e+05
-4.273380000000000000e+07 -1.974196000000000000e+07 -1.247229000000000000e+07
-5.297150800000000000e+07 -1.402667500000000000e+07 -1.313717300000000000e+07
-5.603424800000000000e+07 -1.041137000000000000e+07 -6.473418500000000000e+06
-4.436690000000000000e+07 -2.860090800000000000e+07 5.656272000000000000e+06
-9.421337600000000000e+07 6.138778400000000000e+07 4.935226500000000000e+06
-5.484185600000000000e+07 -1.370542300000000000e+07 5.248527000000000000e+06
-5.834602400000000000e+07 7.486740500000000000e+06 1.346808200000000000e+07
-5.345693200000000000e+07 -9.667932000000000000e+06 8.629087000000000000e+06
-6.270128800000000000e+07 1.088249400000000000e+07 -5.203749500000000000e+06
-5.476808800000000000e+07 1.824513400000000000e+07 8.295543000000000000e+06
-5.389005200000000000e+07 -1.644021700000000000e+07 1.851662000000000000e+06
-3.469016000000000000e+07 -3.615915200000000000e+07 -3.429543500000000000e+06
-4.870156400000000000e+07 -2.786686250000000000e+06 -1.284992125000000000e+06
-6.559818400000000000e+07 3.986834800000000000e+07 1.285452800000000000e+07
-3.763769600000000000e+07 2.704688400000000000e+07 2.961808800000000000e+07
-5.770379200000000000e+07 8.006743000000000000e+06 2.495328800000000000e+07
-6.629438400000000000e+07 3.160776400000000000e+07 1.624462200000000000e+07
-3.869627600000000000e+07 -5.409435000000000000e+05 1.926334400000000000e+07
-1.068053520000000000e+08 6.098120400000000000e+07 1.957068000000000000e+07
-9.236678400000000000e+07 4.768716000000000000e+07 3.414743600000000000e+07
-4.423864800000000000e+07 -1.406468000000000000e+07 6.338471000000000000e+06
-5.853337200000000000e+07 -1.776784750000000000e+06 2.236234000000000000e+07
-4.557070400000000000e+07 -1.634446100000000000e+07 1.826948800000000000e+07
-7.647112800000000000e+07 2.381312000000000000e+07 2.249728000000000000e+07
-5.584188400000000000e+07 8.497535000000000000e+06 3.292450600000000000e+07
-5.910238400000000000e+07 6.059355000000000000e+06 2.197770000000000000e+07
-6.024394800000000000e+07 -2.741415937500000000e+05 6.327095000000000000e+06
-4.776217600000000000e+07 -2.110368200000000000e+07 6.974979000000000000e+06
-7.969851200000000000e+07 2.010672400000000000e+07 3.432960800000000000e+07
-6.969774400000000000e+07 5.589200800000000000e+07 4.389313000000000000e+06
-1.219741120000000000e+08 7.600251200000000000e+07 7.501019200000000000e+07
-4.756570800000000000e+07 -1.672582500000000000e+07 1.346915500000000000e+07
-3.984540800000000000e+07 -2.137522400000000000e+07 1.152185200000000000e+07
-5.917099600000000000e+07 -2.192328500000000000e+06 2.165976200000000000e+07
-4.082853600000000000e+07 -1.271602900000000000e+07 1.156540400000000000e+07
-5.819826000000000000e+07 2.766202600000000000e+07 3.446425200000000000e+07
-6.573990800000000000e+07 2.593487800000000000e+07 4.432147000000000000e+06
-8.033524800000000000e+07 5.711296400000000000e+07 2.697315600000000000e+07
-6.144516800000000000e+07 3.363972800000000000e+07 2.067124000000000000e+07
-3.326431200000000000e+07 9.665627000000000000e+06 3.584344800000000000e+07
-7.756416000000000000e+07 5.912508000000000000e+07 2.217973400000000000e+07
-4.695592800000000000e+07 -7.664496500000000000e+06 1.110739900000000000e+07
-5.494242400000000000e+07 -4.002228250000000000e+06 1.314581000000000000e+07
-6.225518000000000000e+07 2.901506600000000000e+07 4.032105200000000000e+07
-5.768499600000000000e+07 2.211492200000000000e+07 2.901567800000000000e+07
-5.869019200000000000e+07 -1.145667400000000000e+07 2.038491600000000000e+07
-4.348982000000000000e+07 1.022324400000000000e+07 5.166677000000000000e+06
-3.684627600000000000e+07 -1.261636300000000000e+07 8.573255000000000000e+06
-3.917547600000000000e+07 -2.024838600000000000e+07 1.333307300000000000e+07
-4.095774800000000000e+07 -2.309850400000000000e+07 2.062787400000000000e+07
-4.980438000000000000e+07 -1.224951300000000000e+07 1.602574200000000000e+07
-5.957269600000000000e+07 2.010643000000000000e+07 2.412684800000000000e+07
-5.248420400000000000e+07 1.537671562500000000e+05 2.858331000000000000e+07
-4.924046400000000000e+07 -8.596719000000000000e+06 6.974687500000000000e+06
-4.601593600000000000e+07 -1.472366800000000000e+07 1.171634800000000000e+07
-6.402646000000000000e+07 7.475634500000000000e+06 1.679380000000000000e+07
-4.520750400000000000e+07 -1.953228000000000000e+07 6.816369500000000000e+06
-5.605043600000000000e+07 -1.528165800000000000e+07 1.528340200000000000e+07
-4.377142800000000000e+07 5.287022000000000000e+06 2.386653400000000000e+07
-5.303912400000000000e+07 2.074691800000000000e+07 3.375882800000000000e+07
-6.113377600000000000e+07 2.774339200000000000e+07 2.496534400000000000e+07
-4.829646400000000000e+07 -8.823709000000000000e+06 2.390955200000000000e+07
-4.828647600000000000e+07 2.529718000000000000e+07 1.206963500000000000e+07
-3.851940800000000000e+07 -2.204535400000000000e+07 1.506416200000000000e+07
-4.958454800000000000e+07 -7.002951000000000000e+06 4.090111200000000000e+07
-3.954760400000000000e+07 -1.116792400000000000e+07 1.495942700000000000e+07
-4.064653200000000000e+07 -1.993436800000000000e+07 1.767791200000000000e+07
-4.532870000000000000e+07 -1.403606400000000000e+07 6.739967500000000000e+06
-3.586768000000000000e+07 -1.304351800000000000e+07 1.396651400000000000e+07
-5.712917200000000000e+07 1.753484800000000000e+07 2.150620000000000000e+07
-4.146157600000000000e+07 -1.496128600000000000e+07 1.573492800000000000e+07
-5.024190400000000000e+07 -2.660342000000000000e+07 1.561132400000000000e+07
-3.132100000000000000e+07 -3.852101600000000000e+07 1.157849800000000000e+07
-5.871556000000000000e+07 6.034292800000000000e+07 6.138640000000000000e+07
-4.696161200000000000e+07 -9.679467000000000000e+06 5.488191500000000000e+06
-3.806645600000000000e+07 -1.045283400000000000e+07 2.904976200000000000e+07
-4.956438400000000000e+07 -1.627032700000000000e+07 1.679496200000000000e+07
-5.273159600000000000e+07 3.553711250000000000e+06 3.588580400000000000e+07
-6.739531200000000000e+07 2.299312000000000000e+07 3.965320400000000000e+07
-4.425732400000000000e+07 -9.049346000000000000e+06 1.919471800000000000e+07
-7.254930400000000000e+07 2.476500800000000000e+07 4.015558000000000000e+07
-7.905980800000000000e+07 1.002149280000000000e+08 8.268942400000000000e+07
-6.320705200000000000e+07 2.596526000000000000e+07 1.745297200000000000e+07
-7.564956000000000000e+07 3.385763250000000000e+06 3.091471800000000000e+07
-1.192649520000000000e+08 1.417815840000000000e+08 7.591629600000000000e+07
-5.791106000000000000e+07 2.611844600000000000e+07 4.465442400000000000e+07
-6.594195600000000000e+07 5.307572800000000000e+07 3.664656800000000000e+07
-4.875611200000000000e+07 -9.519665625000000000e+05 3.626159200000000000e+07
-4.200899200000000000e+07 -2.896699600000000000e+07 1.190090200000000000e+07
-5.072492400000000000e+07 -1.525961800000000000e+07 2.771105800000000000e+07
-4.582045600000000000e+07 2.131939800000000000e+07 2.113546600000000000e+07
-3.913431600000000000e+07 1.824290400000000000e+07 3.539747600000000000e+07
-1.272409760000000000e+08 1.339811840000000000e+08 9.727117600000000000e+07
-4.724336400000000000e+07 3.153568800000000000e+07 3.507576000000000000e+07
-4.320285600000000000e+07 -6.932753000000000000e+06 2.341964800000000000e+07
-4.612629200000000000e+07 -2.235545400000000000e+07 2.239062000000000000e+07
-7.161836800000000000e+07 1.963726000000000000e+07 3.932211600000000000e+07
-5.456372800000000000e+07 3.358167600000000000e+07 3.100657000000000000e+07
-4.148112000000000000e+07 -9.418002000000000000e+06 3.242173400000000000e+07
-6.053479200000000000e+07 1.877450800000000000e+07 3.495634800000000000e+07
-6.500276800000000000e+07 7.651565600000000000e+07 7.831855200000000000e+07
-6.189502800000000000e+07 1.327341500000000000e+07 2.955252600000000000e+07
-5.047200800000000000e+07 2.514892200000000000e+07 1.853029600000000000e+07
-7.391480800000000000e+07 3.754822800000000000e+07 5.275675200000000000e+07
-8.616648000000000000e+07 5.652892000000000000e+07 5.784167200000000000e+07
-6.524478000000000000e+07 2.890006400000000000e+07 4.840074000000000000e+07
-5.794526800000000000e+07 4.721280400000000000e+07 7.343267200000000000e+07
-2.625678200000000000e+07 -2.668067600000000000e+07 3.231452600000000000e+07
-5.990080800000000000e+07 3.241413200000000000e+07 7.115155200000000000e+07
-7.936470400000000000e+07 3.774162000000000000e+07 5.504562000000000000e+07
-8.652393600000000000e+07 4.278038400000000000e+07 4.876383600000000000e+07
-3.950020800000000000e+07 -1.022386100000000000e+07 2.806213400000000000e+07
-3.552636400000000000e+07 -3.175479400000000000e+07 2.263440400000000000e+07
-5.903720400000000000e+07 2.927975000000000000e+07 5.299177600000000000e+07
-3.584422400000000000e+07 -3.018786400000000000e+07 2.085905800000000000e+07
-6.690132800000000000e+07 3.720469200000000000e+07 6.541258400000000000e+07
-3.934863600000000000e+07 3.021183250000000000e+06 4.270340000000000000e+07
-4.391340800000000000e+07 1.648314200000000000e+07 3.875248000000000000e+07
-3.954059200000000000e+07 -1.158933800000000000e+07 3.083809800000000000e+07
-4.970234400000000000e+07 1.895767800000000000e+07 3.295208800000000000e+07
-5.876560000000000000e+07 -6.568806250000000000e+05 4.822781600000000000e+07
-4.228012000000000000e+07 1.965074200000000000e+07 2.284197400000000000e+07
-4.361447600000000000e+07 3.356715500000000000e+06 4.461720400000000000e+07
-8.826827200000000000e+07 7.391699200000000000e+07 6.080393600000000000e+07
-5.856788800000000000e+07 1.987858000000000000e+07 4.420495600000000000e+07
-3.960106800000000000e+07 -1.083297400000000000e+07 2.528348200000000000e+07
-2.210450000000000000e+07 -2.635172000000000000e+07 2.619708200000000000e+07
-2.833271000000000000e+07 -3.723807200000000000e+07 2.039124400000000000e+07
-3.218155600000000000e+07 2.446221800000000000e+07 6.704272800000000000e+07
-3.428606800000000000e+07 -1.978930600000000000e+07 2.910595600000000000e+07
-6.584234400000000000e+07 3.058773000000000000e+07 5.387739600000000000e+07
-5.806191600000000000e+07 6.629956800000000000e+07 6.505970800000000000e+07
-4.915470400000000000e+07 1.172190300000000000e+07 3.548358000000000000e+07
-4.199602800000000000e+07 1.081890200000000000e+07 6.509150000000000000e+07
-4.450676000000000000e+07 3.058454375000000000e+05 4.522351600000000000e+07
-5.357049200000000000e+07 5.764118000000000000e+06 4.795042000000000000e+07
-5.196328000000000000e+07 2.282348800000000000e+07 5.519520800000000000e+07
-4.277448000000000000e+07 5.427678000000000000e+07 9.337330400000000000e+07
-5.357988400000000000e+07 1.134330400000000000e+07 3.704642000000000000e+07
-6.434420400000000000e+07 3.393576800000000000e+07 5.285686000000000000e+07
-5.492824400000000000e+07 3.443737600000000000e+07 7.847814400000000000e+07
-8.526031200000000000e+07 1.633600800000000000e+08 1.096828320000000000e+08
-3.885230000000000000e+07 -2.020634400000000000e+07 3.030417000000000000e+07
-5.847693200000000000e+07 3.809736800000000000e+07 3.733427200000000000e+07
-4.512332000000000000e+07 -2.996023750000000000e+06 3.420248400000000000e+07
-3.606792400000000000e+07 -2.028794600000000000e+07 2.476988400000000000e+07
-3.305311000000000000e+07 -3.060109600000000000e+07 1.717986800000000000e+07
-4.955097600000000000e+07 -1.603678900000000000e+07 3.232213000000000000e+07
-4.917655200000000000e+07 7.846361000000000000e+06 2.885563600000000000e+07
-3.757479200000000000e+07 2.550693000000000000e+06 3.577817200000000000e+07
-3.685082000000000000e+07 2.862455000000000000e+07 6.197137200000000000e+07
-4.314439600000000000e+07 9.905201000000000000e+06 4.531997200000000000e+07
-3.740172800000000000e+07 -2.767066200000000000e+07 3.263487200000000000e+07
-2.648803200000000000e+07 -4.123888000000000000e+07 2.248733200000000000e+07
-2.846597600000000000e+07 4.388028000000000000e+06 6.690846400000000000e+07
-3.177985400000000000e+07 -1.231698600000000000e+07 4.310840400000000000e+07
-4.010960400000000000e+07 7.179808500000000000e+06 5.065558400000000000e+07
-2.971574800000000000e+07 -2.468856200000000000e+07 5.021986400000000000e+07
-2.671000600000000000e+07 2.310635600000000000e+07 5.873908800000000000e+07
-3.277634000000000000e+07 -9.950845000000000000e+06 4.392132000000000000e+07
-3.497259600000000000e+07 1.524554300000000000e+07 6.270251600000000000e+07
-4.404863200000000000e+07 -1.193830200000000000e+07 2.171198800000000000e+07
-5.396494400000000000e+07 1.717256000000000000e+07 3.972034800000000000e+07
-3.104818400000000000e+07 -1.151880500000000000e+07 3.648095600000000000e+07
-2.932486200000000000e+07 -1.301016200000000000e+07 2.988863600000000000e+07
-4.243115600000000000e+07 1.622964100000000000e+07 5.185350400000000000e+07
-2.588946000000000000e+07 -8.595029000000000000e+06 4.395415200000000000e+07
-7.923551200000000000e+07 9.076340000000000000e+07 1.182046720000000000e+08
-3.383012800000000000e+07 -1.511193100000000000e+07 3.333819400000000000e+07
-3.183894600000000000e+07 3.281550400000000000e+07 7.675855200000000000e+07
-5.081143600000000000e+07 1.330950000000000000e+07 4.125617600000000000e+07
-4.782043200000000000e+07 3.008625500000000000e+06 4.434812800000000000e+07
-5.655290000000000000e+07 1.008491100000000000e+07 4.291664000000000000e+07
-3.242527800000000000e+07 -1.011722700000000000e+07 4.262646800000000000e+07
-2.970593600000000000e+07 1.883444000000000000e+07 7.235274400000000000e+07
-6.952151200000000000e+07 5.156243200000000000e+07 9.222728800000000000e+07
-4.801323200000000000e+07 1.750047875000000000e+06 4.308886000000000000e+07
-2.905308800000000000e+07 -1.371470125000000000e+06 4.550068400000000000e+07
-2.878835200000000000e+07 -1.242441500000000000e+06 3.295020200000000000e+07
-5.266504800000000000e+07 5.052863600000000000e+07 8.409338400000000000e+07
-4.611108000000000000e+07 2.548830400000000000e+07 7.029290400000000000e+07
-4.256457600000000000e+07 -1.195784500000000000e+07 2.554270200000000000e+07
-3.951512000000000000e+07 1.537287400000000000e+07 5.740160000000000000e+07
-1.455201400000000000e+07 3.888928000000000000e+07 7.019942400000000000e+07
-5.086420800000000000e+07 4.473044000000000000e+06 2.659150400000000000e+07
-2.665785000000000000e+07 -2.808273000000000000e+07 3.198875000000000000e+07
-2.736361200000000000e+07 -1.639980600000000000e+07 3.154127600000000000e+07
-4.212414400000000000e+07 -2.298660400000000000e+07 2.946279800000000000e+07
-2.877134200000000000e+07 -3.123269200000000000e+07 2.161171600000000000e+07
-2.217694400000000000e+07 -2.719230000000000000e+07 3.659163600000000000e+07
-2.450876200000000000e+07 -2.122706200000000000e+07 2.878750600000000000e+07
-2.771803200000000000e+07 -3.559220000000000000e+07 2.095228600000000000e+07
-2.941105000000000000e+07 9.664693000000000000e+06 3.755929200000000000e+07
-3.745288000000000000e+07 -1.946860400000000000e+07 3.062486800000000000e+07
-2.925619800000000000e+07 -2.443339000000000000e+07 3.160953400000000000e+07
-3.615994400000000000e+07 1.262405900000000000e+07 5.014672000000000000e+07
-4.063271200000000000e+07 -9.351200625000000000e+05 3.289651600000000000e+07
-3.379347600000000000e+07 -1.734346400000000000e+07 2.458048200000000000e+07
-2.724278400000000000e+07 -5.947977000000000000e+06 4.134376800000000000e+07
-1.869436200000000000e+07 3.015006000000000000e+07 7.792580000000000000e+07
-2.284813200000000000e+07 -2.342332000000000000e+07 3.642802400000000000e+07
-2.926803800000000000e+07 -9.940644000000000000e+06 3.174769600000000000e+07
-3.606276000000000000e+07 2.796360800000000000e+07 5.070084400000000000e+07
-2.808654800000000000e+07 -1.054707500000000000e+07 4.197605600000000000e+07
-3.877706000000000000e+07 2.488145000000000000e+06 5.439922000000000000e+07
-5.780367200000000000e+07 2.769614400000000000e+07 5.508956800000000000e+07
-3.642856000000000000e+07 1.588707520000000000e+08 1.353106880000000000e+08
-2.569138000000000000e+07 -3.232727000000000000e+07 2.307072200000000000e+07
-5.107192000000000000e+07 5.769905600000000000e+07 1.036712240000000000e+08
-4.354963600000000000e+07 3.667700000000000000e+06 4.392503600000000000e+07
-2.789155400000000000e+07 -3.904198800000000000e+07 1.864688800000000000e+07
-2.408257000000000000e+07 -1.903401800000000000e+07 3.379901600000000000e+07
-1.914283600000000000e+07 -4.216976400000000000e+07 2.577683200000000000e+07
-3.777178800000000000e+07 1.279161360000000000e+08 1.253319360000000000e+08
-3.039063800000000000e+07 1.899430400000000000e+07 4.231710000000000000e+07
-1.540609900000000000e+07 7.327345600000000000e+07 9.571131200000000000e+07
-2.933612000000000000e+07 -7.345796000000000000e+06 4.503876000000000000e+07
-1.728410800000000000e+07 7.680846500000000000e+06 6.378471200000000000e+07
-4.154456000000000000e+07 1.331881200000000000e+07 4.013815200000000000e+07
-2.132825800000000000e+07 -2.608889600000000000e+07 2.864689800000000000e+07
-2.479436200000000000e+07 -2.287170200000000000e+07 3.567224400000000000e+07
-3.531006400000000000e+07 3.503399600000000000e+07 9.063695200000000000e+07
-2.140526800000000000e+07 6.759003125000000000e+05 5.288008400000000000e+07
-2.089131800000000000e+07 2.100594250000000000e+06 6.398146800000000000e+07
-4.599364800000000000e+07 6.191948800000000000e+07 7.775216000000000000e+07
-2.061178600000000000e+07 -1.276194000000000000e+07 3.672149600000000000e+07
-1.348299500000000000e+07 3.689947200000000000e+07 1.000184080000000000e+08
-3.902473600000000000e+07 -1.356567100000000000e+07 4.761498000000000000e+07
-3.455119600000000000e+07 9.161619375000000000e+05 5.312862000000000000e+07
-1.044998700000000000e+07 1.606992600000000000e+07 6.413798400000000000e+07
3.787528437500000000e+05 2.263923200000000000e+07 8.540292800000000000e+07
-2.050433200000000000e+07 -3.334686800000000000e+07 2.857328600000000000e+07
-1.885812750000000000e+06 5.574593200000000000e+07 8.928202400000000000e+07
-1.344517900000000000e+07 -1.248115500000000000e+07 4.116888000000000000e+07
-1.713356400000000000e+07 -6.766587000000000000e+06 5.032588000000000000e+07
-1.445818200000000000e+07 1.909862200000000000e+07 7.773065600000000000e+07
-3.586378400000000000e+07 -2.014332625000000000e+06 5.471443600000000000e+07
1.454694531250000000e+05 4.619649600000000000e+07 9.939905600000000000e+07
-6.391571200000000000e+07 4.385799600000000000e+07 1.000287440000000000e+08
-8.049097000000000000e+06 -6.629925500000000000e+06 3.414706400000000000e+07
-1.254766900000000000e+07 -3.841891600000000000e+07 2.257349000000000000e+07
-2.567345800000000000e+07 -6.408568500000000000e+06 3.989208800000000000e+07
-1.827191200000000000e+07 -4.045957200000000000e+07 3.073773200000000000e+07
-3.001769200000000000e+07 -1.178400900000000000e+07 4.235628000000000000e+07
-8.512182000000000000e+06 -3.780726800000000000e+07 3.475753600000000000e+07
-1.589984900000000000e+07 -4.429384000000000000e+07 2.465023600000000000e+07
-1.592735900000000000e+07 -2.997251400000000000e+07 3.399477200000000000e+07
-1.217547600000000000e+07 -3.274266600000000000e+07 3.953390400000000000e+07
-8.664720000000000000e+06 -1.133835400000000000e+07 3.959226000000000000e+07
-1.610090900000000000e+07 -2.365706000000000000e+07 3.676020400000000000e+07
-1.191250200000000000e+07 -1.516496718750000000e+05 4.754948000000000000e+07
-2.055678400000000000e+07 -2.196105400000000000e+07 3.606314800000000000e+07
-1.491146400000000000e+07 -2.027226800000000000e+07 2.747267400000000000e+07
-2.296162500000000000e+06 2.929907000000000000e+06 7.616298400000000000e+07
1.747871625000000000e+06 1.612410100000000000e+07 8.407006400000000000e+07
-1.468543100000000000e+07 -7.306040000000000000e+06 6.430041200000000000e+07
6.285066000000000000e+06 2.237689400000000000e+07 7.195765600000000000e+07
-2.370827000000000000e+07 6.591478400000000000e+07 7.871312800000000000e+07
-2.151614400000000000e+07 8.602090000000000000e+06 6.665150000000000000e+07
6.581680500000000000e+06 -1.604237900000000000e+07 5.270327600000000000e+07
-2.129207000000000000e+07 -4.970736000000000000e+07 1.971020400000000000e+07
-1.123337400000000000e+07 -3.283787000000000000e+07 2.609621000000000000e+07
-9.097675000000000000e+06 -4.149005200000000000e+07 2.443181400000000000e+07
-1.676476300000000000e+07 6.526022400000000000e+07 8.531810400000000000e+07
-5.002701500000000000e+06 -1.687327800000000000e+07 5.239964000000000000e+07
-1.171344600000000000e+07 -7.624959000000000000e+06 5.714612000000000000e+07
-2.373654000000000000e+07 1.836749000000000000e+07 6.679284800000000000e+07
-1.361950900000000000e+07 -4.452382500000000000e+06 6.039664000000000000e+07
-3.155346250000000000e+06 -2.523151000000000000e+07 3.901325200000000000e+07
-2.719060200000000000e+07 1.505637000000000000e+07 5.714436000000000000e+07
1.877829600000000000e+07 8.040314400000000000e+07 1.112583280000000000e+08
-9.260016000000000000e+06 -3.092309400000000000e+07 3.299904400000000000e+07
3.292993600000000000e+07 2.657207000000000000e+07 1.030208000000000000e+08
-6.826154687500000000e+04 -2.552822400000000000e+07 4.631861600000000000e+07
-6.477601250000000000e+05 -2.198260200000000000e+07 4.076109200000000000e+07
8.451434000000000000e+06 -7.976835500000000000e+06 5.390130000000000000e+07
-8.065179500000000000e+06 -5.163449200000000000e+07 2.104209000000000000e+07
8.892856000000000000e+06 -2.368946400000000000e+07 5.193633200000000000e+07
1.871559062500000000e+05 -4.255223200000000000e+07 3.602988400000000000e+07
2.049108200000000000e+07 3.813790800000000000e+07 1.148020080000000000e+08
9.727539000000000000e+06 -7.897471500000000000e+06 5.264361200000000000e+07
-4.644496000000000000e+06 -1.982690600000000000e+07 4.543892000000000000e+07
4.637009500000000000e+06 -1.231819200000000000e+07 5.513299200000000000e+07
3.535228000000000000e+07 7.161554400000000000e+07 1.226077840000000000e+08
-9.475402000000000000e+06 -4.247042800000000000e+07 2.537235800000000000e+07
3.631870000000000000e+07 -2.597960800000000000e+07 5.242309200000000000e+07
-9.600647500000000000e+05 -2.272849600000000000e+07 4.322099600000000000e+07
1.296749100000000000e+07 -2.739248400000000000e+07 3.273485600000000000e+07
1.719310800000000000e+07 -2.806323400000000000e+07 5.315623600000000000e+07
1.348680700000000000e+07 -1.116272000000000000e+07 5.314053200000000000e+07
5.679003500000000000e+06 -3.192255200000000000e+07 3.123457200000000000e+07
1.234806200000000000e+07 -3.335682200000000000e+07 3.218372400000000000e+07
-1.086381875000000000e+06 -3.815725600000000000e+07 2.738320800000000000e+07
3.480881600000000000e+07 -1.850252000000000000e+07 6.932027200000000000e+07
4.123001500000000000e+06 -3.445058400000000000e+07 3.251162400000000000e+07
1.798370800000000000e+07 -2.852084600000000000e+07 4.210658000000000000e+07
2.886127750000000000e+06 -3.541323200000000000e+07 2.192713400000000000e+07
-8.991256875000000000e+05 -4.453702800000000000e+07 2.252301000000000000e+07
2.320583000000000000e+06 -3.734725600000000000e+07 2.024278000000000000e+07
2.428387800000000000e+07 -1.282462000000000000e+07 5.578150800000000000e+07
9.453797000000000000e+06 -3.954094400000000000e+07 2.457260000000000000e+07
3.498092000000000000e+07 6.281832800000000000e+07 9.358321600000000000e+07
5.835587000000000000e+06 -4.697309600000000000e+07 2.513542400000000000e+07
1.479490600000000000e+07 -3.822196400000000000e+07 3.936958400000000000e+07
4.688593500000000000e+06 -5.442963200000000000e+07 1.563267100000000000e+07
4.093390500000000000e+06 -4.937069600000000000e+07 1.815434600000000000e+07
1.910147400000000000e+07 -3.137770000000000000e+07 3.165834800000000000e+07
1.576443500000000000e+07 -3.461012000000000000e+07 3.371884800000000000e+07
6.705032500000000000e+06 -3.160387200000000000e+07 3.177332000000000000e+07
6.157221200000000000e+07 4.281278000000000000e+06 4.304045600000000000e+07
1.123871000000000000e+07 -4.520754800000000000e+07 2.766185400000000000e+07
3.305292800000000000e+07 -3.136025800000000000e+07 5.347654000000000000e+07
2.807232600000000000e+07 -2.982152000000000000e+07 3.470397600000000000e+07
2.831245200000000000e+07 -2.985055200000000000e+07 4.254037200000000000e+07
4.975758400000000000e+07 -2.116491000000000000e+07 5.530926400000000000e+07
5.078634800000000000e+07 -2.153624200000000000e+07 5.104986000000000000e+07
3.583734000000000000e+07 -1.262861400000000000e+07 4.281976400000000000e+07
2.138635000000000000e+07 -3.653851600000000000e+07 2.498218600000000000e+07
3.154636400000000000e+07 -2.646247000000000000e+07 3.293743800000000000e+07
2.980478200000000000e+07 -8.353192500000000000e+06 2.075356600000000000e+07
3.703805200000000000e+07 -1.435582100000000000e+07 4.070291600000000000e+07
9.048211200000000000e+07 4.912957200000000000e+07 9.428213600000000000e+07
3.386982400000000000e+07 -2.055005600000000000e+07 3.992890000000000000e+07
7.850426400000000000e+07 3.680090500000000000e+06 4.578006800000000000e+07
1.326725360000000000e+08 7.486660000000000000e+07 9.909515200000000000e+07
2.742674800000000000e+07 -2.413040400000000000e+07 2.898498200000000000e+07
9.110280800000000000e+07 -8.256228125000000000e+04 7.558441600000000000e+07
4.038704400000000000e+07 -1.371846300000000000e+07 3.130942800000000000e+07
4.176795600000000000e+07 -3.241126400000000000e+07 3.469260000000000000e+07
6.439707200000000000e+07 -3.792530750000000000e+06 3.590969600000000000e+07
4.054939200000000000e+07 -3.029343400000000000e+07 3.100273200000000000e+07
4.296840400000000000e+07 -2.332944000000000000e+07 2.917085200000000000e+07
4.603716000000000000e+07 -2.930401200000000000e+07 1.683342800000000000e+07
6.544478400000000000e+07 1.785550400000000000e+07 3.193974000000000000e+07
5.531198400000000000e+07 1.787171400000000000e+07 4.558737200000000000e+07
9.842105600000000000e+07 2.226339800000000000e+07 5.431791600000000000e+07
5.129886000000000000e+07 -1.150835400000000000e+07 3.384232000000000000e+07
3.230193000000000000e+07 -3.656722400000000000e+07 1.800961400000000000e+07
4.654585600000000000e+07 -1.289473500000000000e+07 2.705608000000000000e+07
1.081178480000000000e+08 3.440510000000000000e+07 5.698721600000000000e+07
9.313033600000000000e+07 -1.304200250000000000e+06 9.559464000000000000e+07
4.083954400000000000e+07 -3.099483200000000000e+07 8.573138000000000000e+06
5.269156000000000000e+07 -2.127775600000000000e+07 2.550052800000000000e+07
8.667100800000000000e+07 4.498979000000000000e+06 5.486551600000000000e+07
4.419432800000000000e+07 -1.532876300000000000e+07 8.171508500000000000e+06
3.770002000000000000e+07 -2.886279400000000000e+07 2.285670400000000000e+07
4.700698800000000000e+07 -1.466480100000000000e+07 1.688197800000000000e+07
6.429758800000000000e+07 -4.624875500000000000e+06 2.414434800000000000e+07
3.407999200000000000e+07 -3.732478400000000000e+07 1.827560400000000000e+07
7.580848000000000000e+07 -7.602220500000000000e+06 4.534841600000000000e+07
1.593343840000000000e+08 1.194482000000000000e+08 6.257438000000000000e+07
7.505288000000000000e+07 -3.407005000000000000e+06 3.952128000000000000e+07
1.059468400000000000e+08 1.478513200000000000e+07 1.353676400000000000e+07
4.230924000000000000e+07 -2.220231000000000000e+07 1.511975800000000000e+07
7.047350400000000000e+07 1.251967000000000000e+06 1.923777400000000000e+07
9.574606400000000000e+07 4.464076400000000000e+07 4.229640000000000000e+07
6.262468800000000000e+07 -8.254541000000000000e+06 -5.156347500000000000e+05
2.548727600000000000e+07 -4.507330000000000000e+07 3.638501750000000000e+06
5.671286000000000000e+07 -1.933581000000000000e+07 2.013474000000000000e+07
-2.864693400000000000e+07 -1.428457920000000000e+08 -1.489620400000000000e+07
-2.864693400000000000e+07 -1.428457920000000000e+08 -1.489620400000000000e+07
-2.864693400000000000e+07 -1.428457920000000000e+08 -1.489620400000000000e+07
-2.864693400000000000e+07 -1.428457920000000000e+08 -1.489620400000000000e+07
-2.864693400000000000e+07 -1.428457920000000000e+08 -1.489620400000000000e+07
3.342275200000000000e+07 -1.910402400000000000e+07 1.740357200000000000e+07
6.832092000000000000e+07 -1.599169700000000000e+07 9.868619000000000000e+06
6.474338400000000000e+07 -6.442053500000000000e+06 3.323620800000000000e+07
7.038205600000000000e+07 1.189355900000000000e+07 4.616621600000000000e+07
6.473682400000000000e+07 4.796417600000000000e+07 1.578273900000000000e+07
6.507314800000000000e+07 -1.071710200000000000e+07 2.420649800000000000e+07
4.379794400000000000e+07 -3.619445200000000000e+07 1.145813000000000000e+07
6.089031600000000000e+07 -1.814980000000000000e+07 3.809911200000000000e+07
-2.864693400000000000e+07 -1.428457920000000000e+08 -1.489620400000000000e+07
-2.864693400000000000e+07 -1.428457920000000000e+08 -1.489620400000000000e+07
4.851422800000000000e+07 -2.090680600000000000e+07 3.130519000000000000e+07
8.292564000000000000e+07 2.170497600000000000e+07 4.816814800000000000e+07
2.226650600000000000e+07 -5.291720000000000000e+07 1.183576700000000000e+07
7.921588800000000000e+07 1.011496700000000000e+07 5.515514400000000000e+07
6.671456000000000000e+07 -1.875176200000000000e+07 2.865516400000000000e+07
6.200621600000000000e+07 -9.677937000000000000e+06 2.632019000000000000e+07
5.344035200000000000e+07 -2.839292000000000000e+07 4.122988400000000000e+07
9.159873600000000000e+07 3.233918200000000000e+07 6.338349200000000000e+07
8.230007200000000000e+07 1.540180700000000000e+07 6.969572800000000000e+07
8.681290400000000000e+07 5.523658500000000000e+06 4.508464000000000000e+07
7.343170400000000000e+07 4.360075600000000000e+07 2.565192200000000000e+07
1.143747520000000000e+08 1.025857840000000000e+08 7.530596800000000000e+07
5.544200800000000000e+07 -1.215593000000000000e+07 4.658184000000000000e+07
1.060197520000000000e+08 7.365171200000000000e+07 9.139200800000000000e+07
4.093137600000000000e+07 6.100888500000000000e+06 5.150144800000000000e+07
2.161423600000000000e+07 -3.990412800000000000e+07 1.710677600000000000e+07
2.815617600000000000e+07 -3.357261200000000000e+07 2.496322200000000000e+07
8.830332800000000000e+07 1.059768200000000000e+07 6.366734800000000000e+07
3.057039000000000000e+07 -3.106700600000000000e+07 2.407892400000000000e+07
2.010104800000000000e+07 -2.514252200000000000e+07 2.358408400000000000e+07
3.529192000000000000e+07 -3.458524000000000000e+07 2.642065400000000000e+07
5.704105200000000000e+07 2.792805400000000000e+07 7.048224000000000000e+07
6.707636400000000000e+07 3.673787500000000000e+06 6.253482400000000000e+07
7.394196800000000000e+07 4.557125200000000000e+07 4.212336400000000000e+07
4.721417200000000000e+07 -1.270257600000000000e+07 5.616308000000000000e+07
3.932928400000000000e+07 -1.836788600000000000e+07 3.978155600000000000e+07
2.747046800000000000e+07 -2.464847800000000000e+07 4.279462800000000000e+07
5.635023600000000000e+07 1.687777800000000000e+07 6.369201600000000000e+07
1.863245200000000000e+07 -3.554004000000000000e+07 3.594874000000000000e+07
4.172578000000000000e+07 -2.575927600000000000e+07 3.871951600000000000e+07
6.296531600000000000e+07 2.027093600000000000e+07 6.571050000000000000e+07
1.506606000000000000e+07 -3.963123200000000000e+07 2.601158600000000000e+07
2.659454600000000000e+07 -3.352542000000000000e+06 4.488909600000000000e+07
2.509080200000000000e+07 -1.540582400000000000e+07 4.357067600000000000e+07
3.260043000000000000e+07 1.047507900000000000e+07 7.351104000000000000e+07
2.966210800000000000e+07 -1.647826600000000000e+07 4.193051200000000000e+07
2.044324000000000000e+07 -3.144896000000000000e+07 2.350930000000000000e+07
2.971810000000000000e+07 -1.405425500000000000e+07 3.669025200000000000e+07
1.343410100000000000e+07 -3.247345800000000000e+07 2.912651800000000000e+07
2.077860400000000000e+07 -2.700893800000000000e+07 3.750314400000000000e+07
1.457491000000000000e+07 -2.563003000000000000e+07 3.176719800000000000e+07
4.147103500000000000e+06 -4.200876000000000000e+07 1.895562200000000000e+07
1.437254100000000000e+07 -2.489949000000000000e+07 3.216912400000000000e+07
-4.200076000000000000e+06 -4.464176000000000000e+07 1.935920600000000000e+07
1.463726300000000000e+07 -2.492806600000000000e+07 3.221620800000000000e+07
1.850908200000000000e+07 -3.359368000000000000e+07 4.957192400000000000e+07
2.648451000000000000e+07 2.265246800000000000e+07 7.384527200000000000e+07
1.178807400000000000e+07 -1.643641100000000000e+07 4.824563600000000000e+07
1.801589600000000000e+07 -2.054938600000000000e+07 3.100892200000000000e+07
9.227568000000000000e+06 -3.032453750000000000e+06 4.862107600000000000e+07
9.086160000000000000e+06 -2.307350000000000000e+07 4.011771600000000000e+07
-2.858588750000000000e+06 -4.026408000000000000e+07 2.284728000000000000e+07
-1.008651600000000000e+07 -5.923342000000000000e+06 4.306174000000000000e+07
7.979167000000000000e+06 -2.405290800000000000e+07 3.249167400000000000e+07
6.520723200000000000e+07 7.520868000000000000e+07 9.276454400000000000e+07
2.881164800000000000e+07 5.442275600000000000e+07 8.057468000000000000e+07
1.050378100000000000e+07 -1.959862200000000000e+07 5.237464400000000000e+07
1.613441000000000000e+07 1.208081800000000000e+07 5.434263600000000000e+07
-2.520248906250000000e+05 -3.262575600000000000e+07 2.813803200000000000e+07
-7.017769000000000000e+06 -1.193150800000000000e+07 4.155693200000000000e+07
1.041635000000000000e+07 5.191099000000000000e+06 5.280099200000000000e+07
-5.510913000000000000e+06 -3.654363200000000000e+07 2.023036400000000000e+07
-5.357101500000000000e+06 -2.200757000000000000e+07 3.471347200000000000e+07
1.841120200000000000e+07 3.815517200000000000e+07 6.653915200000000000e+07
4.368874500000000000e+06 -1.570627900000000000e+07 4.678958000000000000e+07
-2.307645000000000000e+07 -1.941825400000000000e+07 3.629894000000000000e+07
-9.027784000000000000e+06 -2.492692600000000000e+07 2.804033600000000000e+07
2.027393000000000000e+07 3.804107600000000000e+07 4.422593200000000000e+07
5.105271000000000000e+06 1.580642700000000000e+07 5.429463600000000000e+07
-9.418467000000000000e+06 -3.717971600000000000e+07 1.765853600000000000e+07
5.915993125000000000e+05 9.431206875000000000e+05 5.339640000000000000e+07
-1.356475400000000000e+07 -2.751947600000000000e+07 2.979100800000000000e+07
2.146926200000000000e+07 -4.166833000000000000e+06 7.085821600000000000e+07
-1.603943200000000000e+07 -2.435924800000000000e+07 3.106207800000000000e+07
-1.240298000000000000e+07 -3.396808800000000000e+07 2.235558600000000000e+07
2.574411750000000000e+06 1.267529000000000000e+07 3.274868400000000000e+07
-4.922430000000000000e+06 -3.218449800000000000e+07 2.854414400000000000e+07
-9.192047000000000000e+06 -3.541198000000000000e+07 1.494246700000000000e+07
-5.976830500000000000e+06 -2.253297200000000000e+07 3.921893200000000000e+07
-2.105688200000000000e+07 3.742251600000000000e+07 4.605081200000000000e+07
-1.601813800000000000e+07 -1.029676200000000000e+07 4.302614000000000000e+07
-5.716105500000000000e+06 -1.285686800000000000e+07 4.789704000000000000e+07
-2.120564800000000000e+07 -1.664522400000000000e+07 4.054972000000000000e+07
-1.694394600000000000e+07 1.207984800000000000e+08 7.577714400000000000e+07
-2.070770600000000000e+07 -2.256088600000000000e+07 2.323641000000000000e+07
-2.826389600000000000e+07 -1.670392500000000000e+07 3.844105600000000000e+07
-2.106395400000000000e+07 -7.158088000000000000e+06 3.404976800000000000e+07
-7.391084500000000000e+06 -3.309753200000000000e+07 2.466771800000000000e+07
-1.325449900000000000e+07 4.709279600000000000e+07 8.067315200000000000e+07
-5.970135000000000000e+06 1.710819400000000000e+07 6.352701600000000000e+07
-2.179853200000000000e+07 -1.474908500000000000e+07 3.808881600000000000e+07
-1.547699900000000000e+07 -2.200440600000000000e+07 2.366535000000000000e+07
-1.105331000000000000e+07 -3.267655600000000000e+07 1.946523800000000000e+07
-9.417935000000000000e+06 -7.443045000000000000e+06 4.360603600000000000e+07
-1.350973000000000000e+07 -2.301640600000000000e+07 2.904499400000000000e+07
-9.145579000000000000e+06 -1.751372600000000000e+07 3.514957600000000000e+07
-2.218457600000000000e+07 -5.202099000000000000e+06 3.032641200000000000e+07
-6.513290000000000000e+06 -3.302093400000000000e+07 5.601654000000000000e+06
-1.635103900000000000e+07 -3.856954800000000000e+07 2.048464800000000000e+07
-3.401232800000000000e+07 2.070525000000000000e+07 5.152405600000000000e+07
1.547392300000000000e+07 8.561668800000000000e+07 1.055021840000000000e+08
-3.051820600000000000e+07 1.925896400000000000e+07 5.492146000000000000e+07
-6.366878000000000000e+06 -1.607841875000000000e+06 3.520220800000000000e+07
-2.253385800000000000e+07 -3.693436000000000000e+07 1.850674400000000000e+07
-1.970972400000000000e+07 -2.876404000000000000e+07 2.078547000000000000e+07
-1.932081000000000000e+07 1.714501250000000000e+06 4.651012400000000000e+07
-2.322848000000000000e+07 5.517574400000000000e+07 7.496559200000000000e+07
-1.402160800000000000e+07 8.665123000000000000e+06 3.867258800000000000e+07
-2.130420000000000000e+07 -3.041830200000000000e+07 2.143494800000000000e+07
-2.090282200000000000e+07 -3.963235250000000000e+06 3.003647600000000000e+07
-2.682378600000000000e+07 -3.141987600000000000e+07 1.953540200000000000e+07
-1.467143700000000000e+07 -3.180186000000000000e+07 2.194031000000000000e+07
-2.867450200000000000e+07 2.710886000000000000e+07 6.611343200000000000e+07
-1.733348000000000000e+07 1.179880600000000000e+07 1.555272500000000000e+07
-9.525810000000000000e+06 3.255179000000000000e+07 5.983428400000000000e+07
-1.727653000000000000e+07 -3.349650800000000000e+07 2.178392000000000000e+07
-1.612520800000000000e+07 -2.282178800000000000e+07 2.313973200000000000e+07
-2.307016200000000000e+07 4.818156800000000000e+07 4.491498000000000000e+07
-1.738885600000000000e+07 -3.789576000000000000e+07 1.364149500000000000e+07
-5.294752800000000000e+07 1.908183400000000000e+07 3.906579200000000000e+07
-2.990167000000000000e+07 3.236214000000000000e+07 5.524916400000000000e+07
-2.019266200000000000e+07 -8.977515000000000000e+06 2.919719400000000000e+07
-2.444627600000000000e+07 -2.166476000000000000e+07 2.524577000000000000e+07
-7.776614400000000000e+07 6.569892400000000000e+07 6.264772000000000000e+07
-3.431284800000000000e+07 -1.764501800000000000e+07 3.114218800000000000e+07
-2.551717400000000000e+07 1.674831800000000000e+07 6.885113600000000000e+07
-1.799597000000000000e+07 1.037392900000000000e+07 4.408948000000000000e+07
-3.648714400000000000e+07 1.482626600000000000e+07 3.225006600000000000e+07
-2.962470400000000000e+07 8.533904000000000000e+06 3.974157600000000000e+07
-5.355969200000000000e+07 3.553281200000000000e+07 6.265767200000000000e+07
-4.516438500000000000e+06 5.455464000000000000e+07 4.333887200000000000e+07
-3.195970400000000000e+07 -3.692344250000000000e+06 1.795363400000000000e+07
-2.066471000000000000e+07 -1.533077500000000000e+06 2.868172400000000000e+07
-3.184989200000000000e+07 -1.860746800000000000e+07 2.076141800000000000e+07
-3.320644000000000000e+07 -2.218658800000000000e+07 3.167587800000000000e+07
-2.921790000000000000e+07 -1.708103600000000000e+07 1.721308600000000000e+07
-3.995030000000000000e+07 8.550911000000000000e+06 2.602816400000000000e+07
-2.956584400000000000e+07 -1.170168700000000000e+07 2.169423200000000000e+07
3.392466250000000000e+06 6.326344800000000000e+07 1.691317200000000000e+07
-2.733558000000000000e+07 -4.752229500000000000e+06 2.554170600000000000e+07
-3.261007200000000000e+07 -1.428964900000000000e+07 2.390060600000000000e+07
-4.789857200000000000e+07 5.213603200000000000e+07 1.649618300000000000e+07
-3.245229400000000000e+07 4.054537750000000000e+06 1.418719100000000000e+07
-4.437662400000000000e+07 2.734855200000000000e+07 2.731398200000000000e+07
-4.194009600000000000e+07 2.826115000000000000e+07 3.001582800000000000e+07
-2.752333000000000000e+07 -4.266295200000000000e+07 6.131509000000000000e+06
-4.918814800000000000e+07 3.963671250000000000e+06 1.998630400000000000e+07
-4.067428000000000000e+07 -2.083869200000000000e+07 1.262460400000000000e+07
-3.826066400000000000e+07 -1.356398400000000000e+07 8.259269000000000000e+06
-2.943372600000000000e+07 -1.461401000000000000e+07 2.415564400000000000e+07
-3.183848800000000000e+07 -3.822578400000000000e+07 1.019064500000000000e+07
-2.043802400000000000e+07 -9.943353000000000000e+06 2.584144200000000000e+07
-2.730595600000000000e+07 -1.567943500000000000e+07 1.860323800000000000e+07
-3.200985400000000000e+07 3.097438800000000000e+07 4.420528000000000000e+07
-3.994022000000000000e+07 -6.448671000000000000e+06 1.335397300000000000e+07
-2.809280400000000000e+07 -3.671788800000000000e+07 1.065911375000000000e+06
-4.167735600000000000e+07 1.159210200000000000e+07 8.171232500000000000e+06
-3.736228800000000000e+07 -2.829881000000000000e+07 6.376426500000000000e+06
-7.758207200000000000e+07 1.730138400000000000e+07 2.323393400000000000e+07
-3.447473200000000000e+07 -5.994625625000000000e+05 3.202958000000000000e+06
-3.887852000000000000e+07 1.467762300000000000e+07 4.414613500000000000e+06
-4.679959200000000000e+07 3.533609600000000000e+07 4.179451000000000000e+06
-4.208004500000000000e+06 -1.137457400000000000e+07 2.617674200000000000e+07
-9.154541000000000000e+06 2.561233400000000000e+07 5.994432000000000000e+06
-3.704334000000000000e+07 1.744394800000000000e+07 1.297231875000000000e+06
-3.641125600000000000e+07 5.325418400000000000e+07 1.441487100000000000e+07
-4.851208400000000000e+07 1.114906400000000000e+07 1.497396400000000000e+07
-2.864693400000000000e+07 -1.428457920000000000e+08 -1.489620400000000000e+07
-2.864693400000000000e+07 -1.428457920000000000e+08 -1.489620400000000000e+07
-2.864693400000000000e+07 -1.428457920000000000e+08 -1.489620400000000000e+07
-2.864693400000000000e+07 -1.428457920000000000e+08 -1.489620400000000000e+07
-2.864693400000000000e+07 -1.428457920000000000e+08 -1.489620400000000000e+07
-2.191926000000000000e+07 -5.118502000000000000e+07 -1.360088000000000000e+07
-3.231640600000000000e+07 3.155908200000000000e+07 -5.406006800000000000e+07
-4.472414800000000000e+07 8.279240000000000000e+07 -4.872036400000000000e+07
-1.414131000000000000e+07 3.451291600000000000e+07 -5.073319200000000000e+07
-3.037627200000000000e+07 5.532316500000000000e+06 -4.102632000000000000e+07
-2.216414200000000000e+07 1.185689600000000000e+07 -5.040731200000000000e+07
-2.541995800000000000e+07 6.769336000000000000e+07 -4.667593200000000000e+07
-2.478070800000000000e+07 8.718040000000000000e+07 -4.925786800000000000e+07
-4.290723200000000000e+07 2.777952200000000000e+07 -4.205340800000000000e+07
-3.130075400000000000e+07 -1.870998200000000000e+07 -3.574599600000000000e+07
-3.115890600000000000e+07 4.546166400000000000e+07 -4.266438800000000000e+07
-3.050460200000000000e+07 -2.341197600000000000e+07 -3.146657600000000000e+07
-2.832683800000000000e+07 -2.189371400000000000e+07 -3.226036600000000000e+07
-2.885467800000000000e+07 -4.825286000000000000e+06 -3.775212400000000000e+07
-2.974913400000000000e+07 -5.020539375000000000e+05 -4.274254400000000000e+07
-2.065563200000000000e+07 1.181915200000000000e+07 -5.470443600000000000e+07
-2.289834600000000000e+07 -1.796531400000000000e+07 -3.840276400000000000e+07
-1.528157300000000000e+07 -5.320065000000000000e+06 -3.864178800000000000e+07
-2.152143400000000000e+07 -2.597423200000000000e+07 -2.997009000000000000e+07
-5.332521200000000000e+07 3.135763000000000000e+07 -4.924608400000000000e+07
-1.354595800000000000e+07 1.461257400000000000e+07 -6.891246400000000000e+07
-2.378632000000000000e+07 -3.355046200000000000e+07 -2.607150400000000000e+07
-3.635091600000000000e+07 7.794868800000000000e+07 -7.040597600000000000e+07
-2.718686800000000000e+07 -2.486249200000000000e+07 -3.949125600000000000e+07
-8.842881000000000000e+06 2.498296200000000000e+07 -5.084383600000000000e+07
-1.981743000000000000e+07 -2.990383200000000000e+07 -3.180118000000000000e+07
-3.461801200000000000e+07 8.056473500000000000e+06 -5.247564400000000000e+07
-4.084761200000000000e+07 9.964912000000000000e+06 -2.421170800000000000e+07
-1.999285200000000000e+07 1.954845625000000000e+05 -4.968413600000000000e+07
-3.989774400000000000e+07 8.198343000000000000e+06 -3.840910800000000000e+07
-1.914698600000000000e+07 1.459320750000000000e+06 -5.321122000000000000e+07
-2.376131000000000000e+07 1.315082600000000000e+07 -4.042199600000000000e+07
-2.830977200000000000e+07 5.542931200000000000e+07 -6.793746400000000000e+07
-2.830585200000000000e+07 4.110401200000000000e+07 -5.049180800000000000e+07
-1.359742600000000000e+07 -1.367527800000000000e+07 -2.319499800000000000e+07
-6.166723500000000000e+06 4.749500400000000000e+07 -5.201410400000000000e+07
-2.611675200000000000e+07 -9.663940000000000000e+06 -3.654452400000000000e+07
-1.965094400000000000e+07 -2.150441400000000000e+07 -3.302298800000000000e+07
-1.537362200000000000e+07 6.926203500000000000e+06 -3.729731200000000000e+07
-1.824951400000000000e+07 1.420396100000000000e+07 -5.276211200000000000e+07
-2.586707800000000000e+07 -1.594448900000000000e+07 -2.260317600000000000e+07
-3.704184800000000000e+07 -2.501309250000000000e+06 -2.775788200000000000e+07
-1.953972600000000000e+07 -1.494628700000000000e+07 -4.319374400000000000e+07
-1.711600200000000000e+07 2.279355800000000000e+07 -6.624728800000000000e+07
-1.666569600000000000e+07 -2.277480200000000000e+07 -3.573296400000000000e+07
-1.087469600000000000e+07 -1.888528000000000000e+07 -3.407201200000000000e+07
-9.859841000000000000e+06 -2.425058600000000000e+07 -3.781210000000000000e+07
-1.319031100000000000e+07 -2.149403200000000000e+07 -3.718898400000000000e+07
2.541753500000000000e+06 8.347830400000000000e+07 -3.145600200000000000e+07
-6.609076500000000000e+06 -1.933096800000000000e+07 -3.968617600000000000e+07
-2.365988800000000000e+07 2.374481000000000000e+07 -5.284681600000000000e+07
5.744534500000000000e+06 6.868844500000000000e+06 -5.276857200000000000e+07
-1.142805400000000000e+07 -5.321375000000000000e+06 -5.348277200000000000e+07
7.158374000000000000e+06 -3.975737500000000000e+06 -3.533692000000000000e+07
6.838941000000000000e+06 2.149956600000000000e+07 -4.894305200000000000e+07
-2.190560250000000000e+06 1.163656500000000000e+07 -5.316288800000000000e+07
8.461150000000000000e+06 4.052364000000000000e+07 -9.341502400000000000e+07
-3.653532000000000000e+06 4.217825600000000000e+07 -5.791580400000000000e+07
1.891743800000000000e+07 8.738557600000000000e+07 -9.439182400000000000e+07
-3.096273750000000000e+06 9.829823000000000000e+06 -4.989874800000000000e+07
3.730632800000000000e+07 2.230755600000000000e+07 -6.996859200000000000e+07
1.616028600000000000e+07 1.061220960000000000e+08 -7.959785600000000000e+07
1.730237200000000000e+07 1.146012500000000000e+07 -6.116846000000000000e+07
-9.846240000000000000e+06 -6.550385625000000000e+05 -5.115391600000000000e+07
9.367370000000000000e+06 8.631954000000000000e+06 -5.747256400000000000e+07
1.695300600000000000e+07 5.983675600000000000e+07 -7.710515200000000000e+07
5.749820000000000000e+06 4.989066800000000000e+07 -7.444374400000000000e+07
-9.925940000000000000e+06 -6.849308500000000000e+06 -4.000710000000000000e+07
2.971646200000000000e+07 2.639792800000000000e+07 -6.519080400000000000e+07
3.417839500000000000e+06 -1.063203900000000000e+07 -4.314473600000000000e+07
8.277104500000000000e+06 6.639552500000000000e+06 -4.873050400000000000e+07
5.794719500000000000e+06 -1.654937400000000000e+07 -3.109608800000000000e+07
-8.842026000000000000e+06 -2.667174400000000000e+07 -3.632642000000000000e+07
-8.497327000000000000e+06 -3.036202200000000000e+07 -3.197817800000000000e+07
6.251115000000000000e+06 -1.572338800000000000e+07 -3.263169200000000000e+07
1.035731687500000000e+06 -2.952831750000000000e+06 -4.123708800000000000e+07
-3.239902187500000000e+05 1.025316400000000000e+07 -6.562386800000000000e+07
6.092306500000000000e+06 -2.854277600000000000e+07 -3.442848000000000000e+07
1.430989600000000000e+07 -5.494655000000000000e+06 -4.905707200000000000e+07
3.591176400000000000e+07 2.382696200000000000e+07 -6.425990400000000000e+07
6.553564500000000000e+06 -2.522585000000000000e+07 -4.241304400000000000e+07
6.934272000000000000e+06 1.044459200000000000e+07 -5.269189600000000000e+07
-1.644631500000000000e+06 -2.155246000000000000e+07 -4.183364000000000000e+07
-8.060547500000000000e+06 -1.572438400000000000e+07 -4.289482000000000000e+07
2.182987000000000000e+07 1.950202400000000000e+07 -2.254880000000000000e+07
6.387085000000000000e+06 -1.903103200000000000e+07 -4.846835600000000000e+07
4.982453000000000000e+06 -1.860221600000000000e+07 -4.034538000000000000e+07
-3.061378500000000000e+06 -9.438088000000000000e+06 -3.751470400000000000e+07
5.068179000000000000e+06 -2.530831800000000000e+07 -2.834235400000000000e+07
-1.559260500000000000e+06 -3.290717600000000000e+07 -2.948353400000000000e+07
1.937070200000000000e+07 2.693095750000000000e+06 -4.747802800000000000e+07
2.007351800000000000e+07 1.040177100000000000e+07 -5.283352000000000000e+07
4.049349000000000000e+06 -2.294594800000000000e+07 -4.144834800000000000e+07
5.367731000000000000e+06 1.747356800000000000e+07 -5.135630400000000000e+07
1.007388300000000000e+07 -3.253247200000000000e+07 -4.218813200000000000e+07
3.335328200000000000e+07 -9.982071000000000000e+06 -5.922356800000000000e+07
2.721889000000000000e+07 1.121267400000000000e+07 -6.114210000000000000e+07
2.398337200000000000e+07 -1.702185781250000000e+05 -5.389356000000000000e+07
6.564974000000000000e+06 -3.856813600000000000e+07 -2.752952800000000000e+07
1.145748000000000000e+07 -1.981611200000000000e+07 -4.144592800000000000e+07
1.059779200000000000e+07 -2.385162400000000000e+07 -3.365523200000000000e+07
4.317883600000000000e+07 8.249817500000000000e+06 -5.523033200000000000e+07
1.182204400000000000e+07 -3.770702800000000000e+07 -3.480887200000000000e+07
1.287143400000000000e+07 -3.734296800000000000e+07 -3.439138000000000000e+07
1.369518000000000000e+07 -1.869750600000000000e+07 -4.225248800000000000e+07
1.801672000000000000e+07 -2.007767400000000000e+07 -3.513204400000000000e+07
2.370888800000000000e+07 3.781132000000000000e+06 -6.118391600000000000e+07
8.225848500000000000e+06 -2.562587800000000000e+07 -3.011013400000000000e+07
1.673948500000000000e+07 -3.280382200000000000e+07 -3.692778000000000000e+07
1.206007400000000000e+07 -2.572183000000000000e+07 -3.574073600000000000e+07
1.061363400000000000e+07 -3.618714400000000000e+07 -3.914772000000000000e+07
1.792148800000000000e+07 -2.668036400000000000e+07 -3.288676200000000000e+07
7.235032000000000000e+06 -4.139486400000000000e+07 -2.728368800000000000e+07
6.817131000000000000e+06 -4.659800800000000000e+07 -2.736494600000000000e+07
1.143221900000000000e+07 -3.586432000000000000e+07 -3.321432400000000000e+07
4.484820400000000000e+07 -3.178309250000000000e+06 -2.604369800000000000e+07
5.170529600000000000e+07 -6.320788000000000000e+06 -3.642159600000000000e+07
6.238047200000000000e+07 4.719975200000000000e+07 -7.292706400000000000e+07
1.277078400000000000e+07 -2.945214400000000000e+07 -2.955056800000000000e+07
2.604917800000000000e+07 -8.846168000000000000e+06 -2.711814000000000000e+07
1.007344000000000000e+07 -1.832323200000000000e+07 -2.827914000000000000e+07
1.077880800000000000e+08 7.402417600000000000e+07 -7.085831200000000000e+07
6.334118000000000000e+07 -1.416616625000000000e+06 -3.982385200000000000e+07
4.500059600000000000e+07 -9.639972000000000000e+06 -4.335187600000000000e+07
3.110191400000000000e+07 -2.371784600000000000e+07 -3.946107600000000000e+07
5.229098400000000000e+07 -1.345938600000000000e+07 -4.884275600000000000e+07
6.427917200000000000e+07 2.432952600000000000e+07 -3.923457200000000000e+07
1.112163920000000000e+08 5.155186000000000000e+07 -5.642516800000000000e+07
3.187546000000000000e+07 -1.200623900000000000e+07 -4.448988400000000000e+07
2.087719400000000000e+07 -3.864786400000000000e+07 -2.482059400000000000e+07
2.843769400000000000e+07 -2.219257600000000000e+07 -3.538573600000000000e+07
1.875428400000000000e+07 -4.519968000000000000e+07 -3.295620200000000000e+07
5.967024400000000000e+07 -6.881845500000000000e+06 -6.255892800000000000e+07
3.912184400000000000e+07 -2.718078000000000000e+07 -3.928958400000000000e+07
3.721680400000000000e+07 -7.048562000000000000e+06 -3.208994600000000000e+07
2.151357200000000000e+07 -4.766899600000000000e+07 -2.807894400000000000e+07
4.932514800000000000e+07 -2.013834800000000000e+07 -3.217872000000000000e+07
8.068073600000000000e+07 -6.168782000000000000e+06 -3.334642400000000000e+07
2.516114000000000000e+07 -3.606873600000000000e+07 -2.031444600000000000e+07
4.065215200000000000e+07 -2.224015000000000000e+07 -2.807609800000000000e+07
2.538291600000000000e+07 -3.669756000000000000e+07 -2.957761800000000000e+07
1.072590080000000000e+08 4.018119600000000000e+07 -5.059540400000000000e+07
1.076729200000000000e+08 4.299900400000000000e+07 -1.090125120000000000e+08
3.360782000000000000e+07 8.619860000000000000e+06 -2.033308400000000000e+07
1.054456320000000000e+08 1.232871500000000000e+07 -3.360477200000000000e+07
3.707758800000000000e+07 -1.909627600000000000e+07 -2.561009800000000000e+07
2.081838400000000000e+07 -4.849800800000000000e+07 -1.765344000000000000e+07
3.538584000000000000e+07 -3.575817200000000000e+07 -2.462030000000000000e+07
4.334274000000000000e+07 -3.439492800000000000e+07 -3.279088400000000000e+07
1.277555600000000000e+08 5.096772800000000000e+07 -5.813147600000000000e+07
3.719898000000000000e+07 -3.253750400000000000e+07 -3.125777600000000000e+07
6.393224000000000000e+07 -5.530313000000000000e+06 -4.850917200000000000e+07
7.475988800000000000e+07 2.672924250000000000e+06 -3.589707600000000000e+07
4.113144800000000000e+07 -3.455716800000000000e+07 -2.114519200000000000e+07
6.825572000000000000e+07 -1.448966400000000000e+07 -3.640013200000000000e+07
3.839950000000000000e+07 -3.766703600000000000e+07 -2.943581600000000000e+07
-2.864693400000000000e+07 -1.428457920000000000e+08 -1.489620400000000000e+07
-2.864693400000000000e+07 -1.428457920000000000e+08 -1.489620400000000000e+07
-2.864693400000000000e+07 -1.428457920000000000e+08 -1.489620400000000000e+07
-2.864693400000000000e+07 -1.428457920000000000e+08 -1.489620400000000000e+07
-2.864693400000000000e+07 -1.428457920000000000e+08 -1.489620400000000000e+07
-2.864693400000000000e+07 -1.428457920000000000e+08 -1.489620400000000000e+07
2.612512000000000000e+07 -4.122844000000000000e+07 -2.757722200000000000e+07
3.642251200000000000e+07 -4.452415600000000000e+07 -2.099408600000000000e+07
5.278370400000000000e+07 1.703520200000000000e+07 -4.286365600000000000e+07
1.073234640000000000e+08 3.028272800000000000e+07 -4.610100000000000000e+07
4.041726800000000000e+07 -3.037112600000000000e+07 -3.631574400000000000e+07
9.318502400000000000e+07 1.551578400000000000e+07 -3.794000800000000000e+07
4.294348000000000000e+07 -2.830818000000000000e+07 -2.005291000000000000e+07
7.372919200000000000e+07 -3.744187812500000000e+05 -3.266624800000000000e+07
3.469390400000000000e+07 -3.382766800000000000e+07 -2.546732200000000000e+07
1.078448880000000000e+08 6.162020800000000000e+07 -2.842513400000000000e+07
8.478841600000000000e+07 2.920495800000000000e+07 -3.535850800000000000e+07
1.126767200000000000e+08 4.437997600000000000e+07 -8.233822400000000000e+07
1.404834080000000000e+08 1.590797440000000000e+08 -3.735054400000000000e+07
7.013660800000000000e+07 3.306778800000000000e+07 -2.399947800000000000e+07
4.586497600000000000e+07 -1.853477400000000000e+07 -2.512661000000000000e+07
1.542536960000000000e+08 9.162061600000000000e+07 -2.006717600000000000e+07
1.562374880000000000e+08 9.664792000000000000e+07 -7.272752800000000000e+07
1.839746720000000000e+08 1.353831200000000000e+08 -5.711215600000000000e+07
3.372090000000000000e+07 -2.706547400000000000e+07 -2.561487000000000000e+07
8.418229600000000000e+07 2.972168600000000000e+07 -4.148262800000000000e+07
8.794216800000000000e+07 1.391898400000000000e+07 -3.121712200000000000e+07
4.027393200000000000e+07 -8.514947000000000000e+06 -4.281545600000000000e+07
4.282274800000000000e+07 -2.269817400000000000e+07 -3.280858800000000000e+07
7.671207200000000000e+07 3.224240200000000000e+07 -4.855184400000000000e+07
3.545462000000000000e+07 -2.826618800000000000e+07 -3.568127200000000000e+07
1.195155000000000000e+07 -4.572825200000000000e+07 -2.296963600000000000e+07
3.024291600000000000e+07 -2.802477400000000000e+07 -3.934772000000000000e+07
5.050441200000000000e+07 -1.065433200000000000e+07 -3.776050400000000000e+07
4.280022800000000000e+07 -1.374096900000000000e+07 -4.005223600000000000e+07
5.864276000000000000e+07 2.534106000000000000e+07 -5.728402000000000000e+07
3.454717200000000000e+07 1.640369500000000000e+06 -4.422024000000000000e+07
3.518210000000000000e+07 -9.974211000000000000e+06 -4.369998400000000000e+07
1.762674400000000000e+07 -2.473189800000000000e+07 -3.084592600000000000e+07
4.517748400000000000e+07 2.319206200000000000e+07 -6.201982400000000000e+07
3.662883200000000000e+07 9.578052000000000000e+06 -4.790696000000000000e+07
2.440836200000000000e+07 -1.005294400000000000e+07 -4.715983200000000000e+07
2.915421000000000000e+07 -1.045299200000000000e+07 -4.565590400000000000e+07
2.237539600000000000e+07 -2.621485000000000000e+07 -2.684704000000000000e+07
4.941460800000000000e+07 -6.245397000000000000e+06 -5.969645200000000000e+07
9.152121000000000000e+06 -2.976796600000000000e+07 -4.133084000000000000e+07
2.562605750000000000e+06 -3.239160600000000000e+07 -3.493972400000000000e+07
1.579477200000000000e+07 -3.109720600000000000e+07 -3.844071600000000000e+07
1.808737000000000000e+07 -3.349728800000000000e+07 -2.975413600000000000e+07
3.438218800000000000e+07 1.615649800000000000e+07 -6.022906400000000000e+07
-1.806605800000000000e+07 -2.969587000000000000e+07 -2.846490200000000000e+07
3.037006750000000000e+06 -3.454676400000000000e+07 -3.576522800000000000e+07
9.019811000000000000e+06 5.214862000000000000e+06 -4.920640800000000000e+07
-3.955103750000000000e+06 6.198083125000000000e+05 -5.594150400000000000e+07
4.309332187500000000e+05 -4.617338000000000000e+06 -2.950922600000000000e+07
-5.813157500000000000e+05 -2.839562000000000000e+06 -5.539838800000000000e+07
1.386221500000000000e+06 -2.342363600000000000e+07 -4.206169600000000000e+07
-2.292254750000000000e+06 -1.748251000000000000e+07 -4.187321600000000000e+07
-5.940817500000000000e+05 -1.910495800000000000e+07 -4.489018800000000000e+07
3.643791000000000000e+06 -1.727460375000000000e+06 -5.859675600000000000e+07
-1.359264625000000000e+06 -1.380231100000000000e+07 -4.892708400000000000e+07
-7.072944500000000000e+06 -2.107475400000000000e+07 -3.921524400000000000e+07
6.722800000000000000e+06 -8.711378000000000000e+06 -5.031064800000000000e+07
-7.686223000000000000e+06 -3.075771200000000000e+07 -3.221696000000000000e+07
-6.691869000000000000e+06 -2.548656500000000000e+06 -5.159474800000000000e+07
-1.192575250000000000e+06 -9.944519000000000000e+06 -4.708111600000000000e+07
-1.346041250000000000e+06 -2.620615800000000000e+07 -3.626116000000000000e+07
1.428249800000000000e+07 -1.207647700000000000e+07 -5.535153600000000000e+07
2.766698800000000000e+07 6.385976500000000000e+06 -5.291346400000000000e+07
4.194527500000000000e+06 7.307815200000000000e+07 -8.316256000000000000e+07
-4.314513000000000000e+06 1.066942250000000000e+06 -4.231705600000000000e+07
-2.114927000000000000e+06 -2.843408800000000000e+07 -3.794418800000000000e+07
1.526650700000000000e+07 -1.823126200000000000e+07 -6.208734400000000000e+07
1.375179500000000000e+06 -1.051742500000000000e+07 -4.569077600000000000e+07
5.391626953125000000e+04 3.338216250000000000e+06 -5.015608000000000000e+07
1.153011600000000000e+07 5.086941600000000000e+07 -5.737568400000000000e+07
2.023758800000000000e+07 9.359705600000000000e+07 -6.386636000000000000e+07
-6.036606500000000000e+06 -3.109605800000000000e+07 -3.116018200000000000e+07
-3.566850750000000000e+06 -1.889620703125000000e+04 -4.731158000000000000e+07
-3.186635200000000000e+07 4.170492800000000000e+07 -3.896036400000000000e+07
-1.592783000000000000e+07 -2.791688000000000000e+07 -2.402093000000000000e+07
-8.397283000000000000e+06 -3.569073600000000000e+07 -3.112226800000000000e+07
8.773029687500000000e+04 3.403490000000000000e+07 -6.217354400000000000e+07
2.572689062500000000e+05 -2.007570200000000000e+07 -4.659818000000000000e+07
-1.220052700000000000e+07 5.209659000000000000e+06 -5.325120400000000000e+07
-1.780310200000000000e+07 1.961792600000000000e+07 -3.523616000000000000e+07
-6.911254500000000000e+06 -6.708384000000000000e+06 -5.080851200000000000e+07
-1.607309300000000000e+07 7.546498500000000000e+06 -5.241115600000000000e+07
-2.123056600000000000e+07 3.051159600000000000e+07 -5.699150800000000000e+07
3.149018125000000000e+05 -1.294740200000000000e+07 -5.677498000000000000e+07
-1.430960600000000000e+07 1.413105300000000000e+07 -5.033138000000000000e+07
-1.201815500000000000e+07 6.911597500000000000e+06 -4.291878400000000000e+07
-1.851203000000000000e+07 -4.148480400000000000e+07 -2.590318600000000000e+07
-1.128942300000000000e+07 -8.263879000000000000e+06 -5.106680400000000000e+07
5.957444500000000000e+06 7.615804800000000000e+07 -9.955297600000000000e+07
1.015125375000000000e+06 8.542696000000000000e+06 -5.109776400000000000e+07
-9.408882000000000000e+06 1.212122640000000000e+08 -9.075836800000000000e+07
-2.174942800000000000e+07 -2.495640250000000000e+06 -3.988383200000000000e+07
-1.476374400000000000e+07 -3.547205500000000000e+06 -4.564752800000000000e+07
-2.563140000000000000e+07 8.599566400000000000e+07 -6.724444000000000000e+07
-1.356175500000000000e+07 -2.073099800000000000e+07 -3.786664000000000000e+07
7.629306875000000000e+05 -1.462859750000000000e+06 -5.027524000000000000e+07
-1.488176000000000000e+07 -1.905423400000000000e+07 -3.755526800000000000e+07
-1.003181400000000000e+07 -1.297295400000000000e+07 -4.887837200000000000e+07
-2.593415400000000000e+07 1.069666600000000000e+07 -5.054394400000000000e+07
-2.708629000000000000e+07 4.193054400000000000e+07 -6.148761600000000000e+07
-1.426074000000000000e+07 -1.125647700000000000e+07 -4.407334400000000000e+07
-8.671321000000000000e+06 -2.625982000000000000e+06 -4.791964400000000000e+07
-1.086259900000000000e+07 -2.160278000000000000e+06 -5.153882000000000000e+07
-1.151543100000000000e+07 -9.109040000000000000e+06 -4.407894400000000000e+07
-6.580528500000000000e+06 1.445779600000000000e+07 -4.156278400000000000e+07
-2.221127600000000000e+07 -1.741384800000000000e+07 -4.282328000000000000e+07
-3.226841200000000000e+07 -1.667336200000000000e+07 -3.762075200000000000e+07
-1.806781400000000000e+07 -3.210853800000000000e+07 -3.229024200000000000e+07
-3.607958400000000000e+07 1.970395750000000000e+06 -5.291492400000000000e+07
-3.968848400000000000e+07 6.196242000000000000e+07 -5.666056400000000000e+07
-4.362537200000000000e+07 1.549462720000000000e+08 -8.487928000000000000e+07
-2.099789400000000000e+07 -3.008813000000000000e+07 -3.655883200000000000e+07
-1.849664000000000000e+07 -2.035716000000000000e+07 -3.722376800000000000e+07
-2.641544400000000000e+07 -7.694338000000000000e+06 -3.725422000000000000e+07
-1.980812800000000000e+07 -2.435309800000000000e+07 -3.837203600000000000e+07
-4.241588000000000000e+07 6.302281200000000000e+07 -7.790285600000000000e+07
-2.160180600000000000e+07 -1.926468200000000000e+07 -3.870372400000000000e+07
-2.876403200000000000e+07 7.291054500000000000e+06 -5.042149200000000000e+07
-2.175500200000000000e+07 8.126860000000000000e+07 -7.680780800000000000e+07
-1.996128400000000000e+07 3.134055400000000000e+07 -5.719944800000000000e+07
-2.914447600000000000e+07 -7.751625000000000000e+05 -4.211205600000000000e+07
-2.689053600000000000e+07 -1.869093600000000000e+07 -3.931730400000000000e+07
-1.321390900000000000e+07 -1.803183000000000000e+07 -3.461860400000000000e+07
-1.922777600000000000e+07 -3.813486400000000000e+07 -3.489340400000000000e+07
-2.812434200000000000e+07 -2.282035600000000000e+07 -3.849558000000000000e+07
-1.662483600000000000e+07 6.909094400000000000e+07 -5.188134800000000000e+07
-1.595180500000000000e+07 -5.221628500000000000e+06 -5.070785600000000000e+07
-2.466923600000000000e+07 -4.144717600000000000e+07 -2.727310200000000000e+07
-2.983016400000000000e+07 -8.996051000000000000e+06 -3.885520000000000000e+07
-2.596156400000000000e+07 -3.285372400000000000e+07 -2.967558400000000000e+07
-5.054504000000000000e+06 2.207608000000000000e+07 -5.336031200000000000e+07
-5.324214400000000000e+07 6.949811200000000000e+07 -5.214253200000000000e+07
-1.290607300000000000e+07 -1.753922875000000000e+06 -5.383213600000000000e+07
-2.328031000000000000e+07 -2.748066800000000000e+07 -3.468114800000000000e+07
-2.760176600000000000e+07 -1.743848600000000000e+07 -3.388231200000000000e+07
-3.124469000000000000e+07 -5.978781250000000000e+05 -2.792975400000000000e+07
-4.717053200000000000e+07 3.892780400000000000e+07 -5.213705600000000000e+07
-3.431268400000000000e+07 5.270516800000000000e+07 -5.629185200000000000e+07
-1.145724600000000000e+07 6.829791200000000000e+07 -5.987803600000000000e+07
-2.637328200000000000e+07 1.091886900000000000e+07 -5.844642400000000000e+07
-2.149579600000000000e+07 -4.340404500000000000e+06 -4.587560000000000000e+07
-3.377274000000000000e+07 4.699298800000000000e+07 -5.936942000000000000e+07
-2.426071800000000000e+07 -2.682958400000000000e+07 -3.600441200000000000e+07
-2.659809200000000000e+07 -4.041906800000000000e+07 -2.959882400000000000e+07
-2.497614600000000000e+07 -2.866438200000000000e+07 -3.108227600000000000e+07
-2.606034800000000000e+07 -1.607691400000000000e+07 -3.656656800000000000e+07
-3.574907600000000000e+07 -1.574208625000000000e+06 -4.748484400000000000e+07
-3.533749600000000000e+07 3.615309000000000000e+06 -4.307140800000000000e+07
-2.609946200000000000e+07 2.812817400000000000e+07 -5.581583200000000000e+07
-3.796932800000000000e+07 1.340343800000000000e+07 -4.957924000000000000e+07
-4.640707200000000000e+07 2.287915400000000000e+07 -4.558388400000000000e+07
-3.986632800000000000e+07 1.550412500000000000e+07 -4.440672800000000000e+07
-2.967863200000000000e+07 1.369616900000000000e+07 -4.028097600000000000e+07
-2.549521200000000000e+07 -2.270291400000000000e+07 -2.848312200000000000e+07
-6.192242400000000000e+07 2.159422000000000000e+07 -3.624019200000000000e+07
-2.636464200000000000e+07 1.398090560000000000e+08 -1.087182480000000000e+08
-4.722783600000000000e+07 1.626932900000000000e+07 -5.220374400000000000e+07
-2.992847600000000000e+07 -9.139289000000000000e+06 -3.971235600000000000e+07
-2.883867400000000000e+07 2.563293250000000000e+06 -4.211589200000000000e+07
-5.698392000000000000e+07 7.067531200000000000e+07 -6.908724000000000000e+07
-1.887295600000000000e+07 -2.448332600000000000e+07 -3.473159200000000000e+07
-5.037552000000000000e+07 1.678311200000000000e+08 -7.918204000000000000e+07
-4.027851200000000000e+07 3.241095400000000000e+07 -6.940316000000000000e+07
-3.424441600000000000e+07 -6.279264000000000000e+06 -5.113080800000000000e+07
-3.960320400000000000e+07 -1.114694250000000000e+06 -4.586818000000000000e+07
-3.186578400000000000e+07 7.488460000000000000e+07 -7.182498400000000000e+07
-3.960136400000000000e+07 -1.440587000000000000e+07 -3.510965600000000000e+07
-5.382669200000000000e+07 2.524221200000000000e+07 -4.645730800000000000e+07
-3.588939600000000000e+07 -1.149238600000000000e+07 -3.937746800000000000e+07
-3.545287600000000000e+07 -5.338797000000000000e+06 -4.229533600000000000e+07
-4.294984000000000000e+07 2.791585600000000000e+07 -3.206011000000000000e+07
-3.584814000000000000e+07 7.212811000000000000e+06 -4.770368000000000000e+07
-5.532842000000000000e+07 6.726328000000000000e+07 -5.445858800000000000e+07
-4.151897200000000000e+07 1.726257800000000000e+07 -4.947196800000000000e+07
-4.262006000000000000e+07 5.036102500000000000e+06 -2.794750200000000000e+07
-3.963699600000000000e+07 3.622333200000000000e+07 -6.411157600000000000e+07
-6.274844800000000000e+07 2.185862800000000000e+07 -3.802994400000000000e+07
-5.968169600000000000e+07 9.374300000000000000e+07 -7.770196800000000000e+07
-6.128409600000000000e+07 5.572798000000000000e+07 -5.838860400000000000e+07
-5.545446800000000000e+07 4.534185600000000000e+07 -5.332482000000000000e+07
-3.971732400000000000e+07 -3.535772250000000000e+06 -3.775513200000000000e+07
-3.778990800000000000e+07 4.162025200000000000e+07 -7.893839200000000000e+07
-2.218296200000000000e+07 6.292815600000000000e+07 -7.912154400000000000e+07
-8.765638400000000000e+07 1.278973200000000000e+08 -8.267698400000000000e+07
-4.526537200000000000e+07 -9.171527000000000000e+06 -4.204775600000000000e+07
-4.606724800000000000e+07 6.905604500000000000e+06 -4.762241200000000000e+07
-5.027650400000000000e+07 6.533936400000000000e+07 -6.772499200000000000e+07
-3.229298000000000000e+07 -2.303743600000000000e+07 -3.334995000000000000e+07
-4.176307200000000000e+07 1.900361600000000000e+07 -4.613273600000000000e+07
-3.670278000000000000e+07 6.063259600000000000e+07 -4.738698800000000000e+07
-5.273175600000000000e+07 3.178409400000000000e+07 -5.137150000000000000e+07
-3.925959600000000000e+07 -2.845046500000000000e+06 -3.632807600000000000e+07
-4.126328800000000000e+07 1.077997500000000000e+07 -4.438207600000000000e+07
-3.634407600000000000e+07 8.924228000000000000e+06 -5.341116800000000000e+07
-3.985046000000000000e+07 -1.789887375000000000e+06 -3.695067600000000000e+07
-6.006149600000000000e+07 5.127892800000000000e+07 -4.485038000000000000e+07
-4.843940400000000000e+07 1.569244900000000000e+07 -3.768423200000000000e+07
-5.457809200000000000e+07 -9.547676875000000000e+05 -5.603485200000000000e+07
-3.753463600000000000e+07 6.366918400000000000e+07 -7.911698400000000000e+07
-3.201867000000000000e+07 -3.071594200000000000e+07 -2.890087800000000000e+07
-6.748366400000000000e+07 6.282210800000000000e+07 -7.618414400000000000e+07
-5.483594400000000000e+07 4.418686000000000000e+07 -5.908279200000000000e+07
-3.541661200000000000e+07 -1.613254900000000000e+07 -3.465166400000000000e+07
-5.404763200000000000e+07 3.294144800000000000e+07 -4.505316400000000000e+07
-4.451152400000000000e+07 5.224438500000000000e+06 -4.042196000000000000e+07
-4.233104400000000000e+07 2.084864600000000000e+07 -4.714799200000000000e+07
-6.110314000000000000e+07 6.775768000000000000e+07 -5.074804800000000000e+07
-5.595216400000000000e+07 3.566738000000000000e+07 -2.572100200000000000e+07
-3.217543400000000000e+07 -2.693922200000000000e+07 -2.037531800000000000e+07
-5.090188000000000000e+07 2.871834000000000000e+07 -4.727364400000000000e+07
-4.447839200000000000e+07 -5.905513000000000000e+06 -2.865741600000000000e+07
-5.958682000000000000e+07 2.896614400000000000e+07 -4.411370000000000000e+07
-4.847395200000000000e+07 1.356236500000000000e+07 -4.665312000000000000e+07
-5.908184800000000000e+07 3.558922000000000000e+07 -4.328842800000000000e+07
-3.967437200000000000e+07 1.205476800000000000e+07 -4.000311600000000000e+07
-6.979648800000000000e+07 6.890757600000000000e+07 -5.558281200000000000e+07
-5.039094400000000000e+07 3.966207250000000000e+06 -3.747102400000000000e+07
-5.017001200000000000e+07 5.031357600000000000e+07 -4.737630800000000000e+07
-5.156374800000000000e+07 1.068969680000000000e+08 -5.387861200000000000e+07
-5.169618000000000000e+07 7.220771200000000000e+07 -4.843842000000000000e+07
-8.145233600000000000e+07 4.903364800000000000e+07 -5.165286800000000000e+07
-5.940886800000000000e+07 5.645874800000000000e+07 -5.170747600000000000e+07
-7.764980800000000000e+07 6.574576400000000000e+07 -7.121869600000000000e+07
-5.640047200000000000e+07 2.087600200000000000e+07 -4.747450400000000000e+07
-4.541585200000000000e+07 -1.078764375000000000e+06 -3.667263200000000000e+07
-3.851373600000000000e+07 8.292520000000000000e+07 -6.945329600000000000e+07
-7.142054400000000000e+07 5.563878400000000000e+07 -5.351336800000000000e+07
-3.908269600000000000e+07 -9.195227000000000000e+06 -3.271129400000000000e+07
-4.632512800000000000e+07 -4.775411000000000000e+06 -3.678950400000000000e+07
-3.476809600000000000e+07 3.632822250000000000e+06 -4.414505600000000000e+07
-6.098359200000000000e+07 2.966108000000000000e+07 -4.552375200000000000e+07
-5.307177200000000000e+07 2.153783200000000000e+07 -4.279433200000000000e+07
-3.689342000000000000e+07 -1.021247400000000000e+07 -3.387420400000000000e+07
-3.808904000000000000e+07 1.275605200000000000e+07 -4.247995200000000000e+07
-5.029958800000000000e+07 -1.234096800000000000e+07 -2.058984800000000000e+07
-3.929258800000000000e+07 -5.549872000000000000e+06 -2.713203200000000000e+07
-4.831631200000000000e+07 -1.671635700000000000e+07 -3.194406600000000000e+07
-5.188555600000000000e+07 -4.563081000000000000e+06 -3.954573600000000000e+07
-5.286358000000000000e+07 2.345371500000000000e+06 -3.650274000000000000e+07
-5.115132800000000000e+07 -1.719268000000000000e+07 -3.181428800000000000e+07
-6.579880800000000000e+07 5.927622400000000000e+07 -5.661404400000000000e+07
-5.266949600000000000e+07 1.013734000000000000e+07 -4.379163200000000000e+07
-7.102492000000000000e+07 9.199556000000000000e+06 -3.417684000000000000e+07
-7.689485600000000000e+07 8.567542400000000000e+07 -5.403926000000000000e+07
-4.124772800000000000e+07 2.577016400000000000e+07 -4.766740400000000000e+07
-8.383098400000000000e+07 6.266002400000000000e+07 -6.777568800000000000e+07
-9.239919200000000000e+07 1.187749040000000000e+08 -7.611140800000000000e+07
-8.523232800000000000e+07 6.648968000000000000e+07 -5.448644800000000000e+07
-7.316529600000000000e+07 5.905754400000000000e+07 -7.061317600000000000e+07
-6.299972000000000000e+07 5.632265200000000000e+07 -4.131864400000000000e+07
-6.510362000000000000e+07 3.742077200000000000e+07 -3.786129600000000000e+07
-5.427617200000000000e+07 2.893823600000000000e+07 -5.763174800000000000e+07
-5.529225200000000000e+07 9.731304000000000000e+06 -1.377745000000000000e+07
-5.998878800000000000e+07 2.450139400000000000e+07 -2.990674400000000000e+07
-5.512681200000000000e+07 4.337263200000000000e+07 -3.882602000000000000e+07
-4.124445600000000000e+07 -2.234672250000000000e+06 -2.320910600000000000e+07
-4.886286800000000000e+07 2.691828000000000000e+07 -3.509613600000000000e+07
-6.800272800000000000e+07 5.238369600000000000e+07 -7.483560800000000000e+07
-6.271429600000000000e+07 6.927780000000000000e+07 -5.053335200000000000e+07
-3.399412400000000000e+07 -1.770525000000000000e+07 -3.494057600000000000e+07
-7.170008800000000000e+07 9.128212800000000000e+07 -7.514254400000000000e+07
-6.261560800000000000e+07 4.635871500000000000e+06 -2.916477000000000000e+07
-3.100898800000000000e+07 -8.129363000000000000e+06 -3.059984400000000000e+07
-1.025231600000000000e+08 9.222849600000000000e+07 -3.187455000000000000e+07
-5.768265600000000000e+07 7.192110400000000000e+07 -5.707911200000000000e+07
-3.523495200000000000e+07 -1.161595700000000000e+07 -3.698818800000000000e+07
-3.668624800000000000e+07 3.173431800000000000e+07 -2.733302800000000000e+07
-6.082808400000000000e+07 3.792257200000000000e+07 -3.101152400000000000e+07
-5.765474000000000000e+07 2.829595600000000000e+07 -3.116419200000000000e+07
-4.812367600000000000e+07 2.597317600000000000e+07 -3.602891200000000000e+07
-5.477295600000000000e+07 -7.378261875000000000e+05 -2.798103000000000000e+07
-5.029648400000000000e+07 1.193803300000000000e+07 -4.372421600000000000e+07
-5.115183200000000000e+07 3.166511000000000000e+07 -4.291927200000000000e+07
-6.586577200000000000e+07 7.722288800000000000e+07 -6.650198000000000000e+07
-5.257860400000000000e+07 3.054421875000000000e+05 -2.647277200000000000e+07
-7.261796800000000000e+07 5.473321200000000000e+07 -3.544061200000000000e+07
-3.204716800000000000e+07 9.857624000000000000e+07 -3.527524000000000000e+07
-6.564164800000000000e+07 4.538654000000000000e+07 -2.895594000000000000e+07
-3.894234400000000000e+07 2.139535200000000000e+07 -2.692000600000000000e+07
-7.722393600000000000e+07 6.785841600000000000e+07 -5.048100400000000000e+07
-5.046483600000000000e+07 1.413858080000000000e+08 -3.368476800000000000e+07
-9.715307200000000000e+07 8.967000800000000000e+07 -4.713384400000000000e+07
-3.986928400000000000e+07 1.995098800000000000e+07 -3.496713600000000000e+07
-3.525562000000000000e+07 2.934462400000000000e+07 -4.717253600000000000e+07
-2.864693400000000000e+07 -1.428457920000000000e+08 -1.489620400000000000e+07
-2.864693400000000000e+07 -1.428457920000000000e+08 -1.489620400000000000e+07
-2.864693400000000000e+07 -1.428457920000000000e+08 -1.489620400000000000e+07
-2.864693400000000000e+07 -1.428457920000000000e+08 -1.489620400000000000e+07
-2.864693400000000000e+07 -1.428457920000000000e+08 -1.489620400000000000e+07
-2.864693400000000000e+07 -1.428457920000000000e+08 -1.489620400000000000e+07
-2.864693400000000000e+07 -1.428457920000000000e+08 -1.489620400000000000e+07
-2.864693400000000000e+07 -1.428457920000000000e+08 -1.489620400000000000e+07
2.637821600000000000e+07 3.153650400000000000e+07 -1.360252100000000000e+07
2.818394750000000000e+06 -3.069760800000000000e+07 -9.136676875000000000e+05
9.764027000000000000e+06 -6.803167000000000000e+06 3.891918500000000000e+06
2.086404250000000000e+06 -1.354380700000000000e+07 2.012239500000000000e+06
6.664222400000000000e+07 7.397395200000000000e+07 -5.499478000000000000e+06
2.070487000000000000e+07 -1.333726000000000000e+07 -1.659838750000000000e+06
1.432647000000000000e+07 3.214085400000000000e+07 -3.545056500000000000e+06
5.331047000000000000e+06 -2.044379400000000000e+07 -1.718483200000000000e+07
4.033304400000000000e+07 5.266093000000000000e+06 1.920213600000000000e+07
2.458492000000000000e+07 -3.251391000000000000e+07 -1.559484375000000000e+06
4.081626000000000000e+07 2.427336000000000000e+07 7.472288000000000000e+06
2.976914400000000000e+07 -1.635810000000000000e+05 -4.510441500000000000e+06
2.832233800000000000e+07 -8.484264000000000000e+06 -1.193313500000000000e+07
5.376836800000000000e+07 2.018601750000000000e+06 5.269173000000000000e+06
3.696625200000000000e+07 1.261707500000000000e+07 2.904992750000000000e+06
4.105931600000000000e+07 2.100594000000000000e+07 1.068781700000000000e+07
4.027754000000000000e+07 1.659414000000000000e+07 -4.379165500000000000e+06
5.233205600000000000e+07 1.461837250000000000e+06 1.411739700000000000e+07
4.625508800000000000e+07 3.799778400000000000e+07 2.534578800000000000e+07
7.801552800000000000e+07 7.759323200000000000e+07 -4.074215750000000000e+06
4.853348400000000000e+07 -4.424407500000000000e+06 1.832223600000000000e+07
4.476293200000000000e+07 1.121413800000000000e+07 1.723383125000000000e+06
3.050534800000000000e+07 -1.629055400000000000e+07 1.220482734375000000e+05
7.777493600000000000e+07 5.239451600000000000e+07 2.685322400000000000e+07
5.995820800000000000e+07 2.478638200000000000e+07 -1.752074800000000000e+07
4.704862400000000000e+07 1.821511500000000000e+06 -1.218437200000000000e+07
2.784714800000000000e+07 -1.955553200000000000e+07 -1.586619625000000000e+06
3.167097800000000000e+07 -1.352946500000000000e+07 1.019868300000000000e+07
2.126675800000000000e+07 -3.281636250000000000e+05 -2.125616600000000000e+07
3.637596400000000000e+07 -1.776007000000000000e+07 -1.065134200000000000e+07
3.465564400000000000e+07 -2.080750600000000000e+07 -2.242153750000000000e+06
9.979786400000000000e+07 9.024850400000000000e+07 6.681073000000000000e+06
1.058356960000000000e+08 8.053669600000000000e+07 -4.000393250000000000e+06
3.646671600000000000e+07 -1.146507200000000000e+07 -1.607900300000000000e+07
4.953753200000000000e+07 5.456098500000000000e+06 -1.339057250000000000e+06
8.297015200000000000e+07 4.417768000000000000e+07 2.429690800000000000e+07
2.917434800000000000e+07 -2.926846400000000000e+07 -2.918605000000000000e+06
3.100370400000000000e+07 -1.716321800000000000e+07 -1.339511300000000000e+07
7.146670400000000000e+07 3.237892800000000000e+07 -5.279111500000000000e+06
4.941508400000000000e+07 -1.037171500000000000e+07 -7.452179500000000000e+06
7.242986400000000000e+07 1.341971000000000000e+07 -1.250867800000000000e+07
3.507528400000000000e+07 -2.689757400000000000e+07 2.597249000000000000e+06
5.173731200000000000e+07 2.914780250000000000e+06 1.389140600000000000e+07
5.675480400000000000e+07 -9.070428750000000000e+05 9.226099000000000000e+06
4.526001200000000000e+07 -2.587905400000000000e+07 -1.662540375000000000e+06
4.573381600000000000e+07 -8.153881500000000000e+06 -6.964742000000000000e+06
7.609521600000000000e+07 6.924651500000000000e+06 2.550306500000000000e+06
8.689728800000000000e+07 6.964024000000000000e+06 2.172159000000000000e+06
3.452033600000000000e+07 -2.820327400000000000e+07 -3.139874250000000000e+06
1.281555600000000000e+07 -4.085746000000000000e+07 -4.910091500000000000e+06
1.485571200000000000e+08 9.679756000000000000e+07 1.356103000000000000e+07
7.395373600000000000e+07 2.351973500000000000e+06 3.051552000000000000e+07
4.295164400000000000e+07 -2.631424000000000000e+07 -1.570690875000000000e+06
1.123953520000000000e+08 1.591181700000000000e+07 9.676476000000000000e+06
4.493927600000000000e+07 -2.930737400000000000e+07 1.682519750000000000e+06
1.321969600000000000e+08 3.557268800000000000e+07 -7.784734000000000000e+06
3.920816400000000000e+07 -3.118879600000000000e+07 3.183909600000000000e+07
2.193594000000000000e+07 -4.108310800000000000e+07 7.325947500000000000e+06
7.967808000000000000e+07 2.990900600000000000e+07 1.210134625000000000e+06
8.971138400000000000e+07 1.315184400000000000e+07 1.132679200000000000e+07
4.624929600000000000e+07 -2.016431200000000000e+07 1.645510500000000000e+07
9.156469600000000000e+07 1.600338900000000000e+07 5.241317500000000000e+06
4.197364400000000000e+07 -2.567778600000000000e+07 -7.265059000000000000e+06
5.923626000000000000e+07 -2.258890800000000000e+07 1.561607400000000000e+07
4.849671600000000000e+07 -3.438283200000000000e+07 2.436071500000000000e+06
5.465190000000000000e+07 -2.323686000000000000e+07 2.288393000000000000e+06
4.996016800000000000e+07 -2.608490600000000000e+07 3.518421750000000000e+06
7.540680000000000000e+07 -6.045175500000000000e+06 3.541443500000000000e+06
1.312809200000000000e+08 2.789033000000000000e+07 2.476080000000000000e+07
5.348745600000000000e+07 -2.895124800000000000e+07 -1.264883100000000000e+07
5.278023600000000000e+07 -2.710196800000000000e+07 -2.603389750000000000e+06
4.876064000000000000e+07 -3.600442400000000000e+07 -6.168122500000000000e+05
6.607282400000000000e+07 -1.595179000000000000e+07 1.091100700000000000e+07
1.184578240000000000e+08 1.441047900000000000e+07 3.108388800000000000e+07
8.728087200000000000e+07 -6.869322500000000000e+06 -2.373418400000000000e+07
1.277489360000000000e+08 3.900735200000000000e+07 -1.227842700000000000e+07
8.269392800000000000e+07 -7.792587000000000000e+06 1.769997200000000000e+07
5.335088000000000000e+07 -2.924217600000000000e+07 6.669157000000000000e+06
6.121994800000000000e+07 -3.117842000000000000e+07 6.058880000000000000e+06
1.127644480000000000e+08 1.436418000000000000e+07 2.381286000000000000e+07
1.002872080000000000e+08 6.162905000000000000e+06 4.390810000000000000e+06
6.833092800000000000e+07 -1.795082400000000000e+07 2.379005750000000000e+06
5.673112400000000000e+07 -1.969657000000000000e+07 1.693325000000000000e+06
1.690903200000000000e+08 6.426956400000000000e+07 -4.969646000000000000e+06
1.108896240000000000e+08 6.587439200000000000e+07 -1.119104800000000000e+07
8.906856000000000000e+07 -9.099299000000000000e+06 1.082496800000000000e+07
8.525809600000000000e+07 -1.296546000000000000e+07 5.085859000000000000e+06
7.106746400000000000e+07 -1.562512100000000000e+07 -4.576221000000000000e+06
4.600123600000000000e+07 -3.679250400000000000e+07 -1.174449800000000000e+07
1.200777520000000000e+08 2.187042600000000000e+07 2.554634600000000000e+07
7.418111200000000000e+07 -1.969571000000000000e+07 -5.482207500000000000e+06
1.166483840000000000e+08 1.854753600000000000e+07 1.520452900000000000e+07
1.373608320000000000e+08 2.900671000000000000e+07 -3.852109375000000000e+05
1.286726880000000000e+08 2.631376000000000000e+07 -6.356616500000000000e+06
2.184447360000000000e+08 8.757822400000000000e+07 -4.332975200000000000e+07
8.875040800000000000e+07 5.402347500000000000e+06 2.024762187500000000e+05
7.443488800000000000e+07 -1.694554400000000000e+07 5.163435312500000000e+05
9.375442400000000000e+07 1.626896900000000000e+07 -1.830728200000000000e+07
4.856764800000000000e+07 -2.539218200000000000e+07 -3.934866250000000000e+06
9.507930400000000000e+07 1.461200125000000000e+06 -9.461567000000000000e+06
1.301531280000000000e+08 5.757802800000000000e+07 -2.102126000000000000e+07
5.769494400000000000e+07 -2.315156200000000000e+07 7.522478000000000000e+06
6.809740800000000000e+07 -2.245218800000000000e+07 -2.679093200000000000e+07
-2.864693400000000000e+07 -1.428457920000000000e+08 -1.489620400000000000e+07
-2.864693400000000000e+07 -1.428457920000000000e+08 -1.489620400000000000e+07
-2.864693400000000000e+07 -1.428457920000000000e+08 -1.489620400000000000e+07
-2.864693400000000000e+07 -1.428457920000000000e+08 -1.489620400000000000e+07
-2.864693400000000000e+07 -1.428457920000000000e+08 -1.489620400000000000e+07
-2.864693400000000000e+07 -1.428457920000000000e+08 -1.489620400000000000e+07
-2.864693400000000000e+07 -1.428457920000000000e+08 -1.489620400000000000e+07
-2.864693400000000000e+07 -1.428457920000000000e+08 -1.489620400000000000e+07
1.293176240000000000e+08 3.574678800000000000e+07 1.566583800000000000e+07
5.437097200000000000e+07 -1.682010800000000000e+07 1.310803200000000000e+07
2.516555800000000000e+07 -4.576290000000000000e+07 -2.192642250000000000e+06
8.322529600000000000e+07 -7.219079000000000000e+06 1.500693900000000000e+07
6.061494000000000000e+07 -2.042100600000000000e+07 -2.171513000000000000e+07
5.651187200000000000e+07 -2.576570200000000000e+07 -3.974240250000000000e+06
4.683266400000000000e+07 -3.430418400000000000e+07 -2.600283750000000000e+06
1.336050000000000000e+08 3.119381600000000000e+07 2.529011600000000000e+07
5.660088800000000000e+07 -2.531413000000000000e+07 -1.212161200000000000e+07
1.137935120000000000e+08 3.368257600000000000e+07 -7.418665500000000000e+06
1.412300160000000000e+08 3.784019200000000000e+07 3.567623600000000000e+07
7.290867200000000000e+07 -1.379453200000000000e+07 1.289307000000000000e+07
6.621116000000000000e+07 -1.952625000000000000e+07 -9.765644000000000000e+06
4.130936000000000000e+07 -4.588561600000000000e+07 -1.094054500000000000e+07
6.769820800000000000e+07 -2.208908800000000000e+07 1.747245875000000000e+06
7.335532000000000000e+07 -1.026474100000000000e+07 -1.503211200000000000e+07
1.216102800000000000e+08 1.468855700000000000e+07 -2.127858600000000000e+07
1.086522560000000000e+08 1.652380700000000000e+07 -7.091585500000000000e+06
7.590635200000000000e+07 -5.943504000000000000e+06 -1.451028100000000000e+07
5.939666800000000000e+07 -3.038668400000000000e+07 -3.582226250000000000e+06
9.127782400000000000e+07 -4.048427000000000000e+06 -1.242604100000000000e+07
4.750608000000000000e+07 -3.481606400000000000e+07 -1.018182400000000000e+07
7.113473600000000000e+07 -2.691782000000000000e+07 -1.755350000000000000e+07
9.979572800000000000e+07 -9.329078000000000000e+06 -1.944252200000000000e+07
1.044622640000000000e+08 1.101552300000000000e+07 2.467874200000000000e+07
1.361074080000000000e+08 3.498052000000000000e+07 2.162776250000000000e+06
6.736092000000000000e+07 -2.120772200000000000e+07 -4.843368500000000000e+06
8.607084000000000000e+07 8.816779000000000000e+06 -5.004464000000000000e+06
5.043764000000000000e+07 -2.570157600000000000e+07 -1.227681200000000000e+07
8.338262400000000000e+07 -3.877174250000000000e+06 -8.066772000000000000e+06
4.081846800000000000e+07 -3.766738000000000000e+07 -1.566530800000000000e+07
8.773940800000000000e+07 4.744758000000000000e+07 -4.408881200000000000e+07
5.944884400000000000e+07 -2.936792750000000000e+06 -1.684513400000000000e+07
3.658009200000000000e+07 -3.433638800000000000e+07 -8.653362000000000000e+06
2.430960000000000000e+07 -5.053303200000000000e+07 -1.314650000000000000e+05
5.645142000000000000e+07 -1.205343300000000000e+07 -1.782511800000000000e+07
1.310745680000000000e+08 2.057043800000000000e+07 -8.146925000000000000e+06
1.426064320000000000e+08 7.424936800000000000e+07 1.822008800000000000e+07
5.265540800000000000e+07 -9.180966000000000000e+06 -1.749723400000000000e+07
6.305380800000000000e+07 -1.374554700000000000e+07 -7.731797500000000000e+06
1.258692480000000000e+08 3.149175800000000000e+07 -1.423719000000000000e+07
5.768684000000000000e+07 -8.387941500000000000e+06 -6.381820500000000000e+06
5.372972400000000000e+07 -2.416752000000000000e+07 -1.042279400000000000e+07
1.379988160000000000e+08 4.490218800000000000e+07 1.006330500000000000e+07
9.289653600000000000e+07 1.735184625000000000e+06 -2.756035750000000000e+06
1.379499840000000000e+08 6.415411200000000000e+07 -7.718039375000000000e+05
4.471819200000000000e+07 -2.179053600000000000e+07 -1.152732700000000000e+07
4.884206400000000000e+07 -2.282117800000000000e+07 1.654325750000000000e+06
6.314148800000000000e+07 -1.334525200000000000e+07 -8.919439000000000000e+06
7.714984000000000000e+07 5.719269500000000000e+06 -1.106508700000000000e+07
2.883683400000000000e+07 -4.213313600000000000e+07 -6.546400500000000000e+06
3.708664800000000000e+07 -3.347249600000000000e+07 1.956155750000000000e+06
4.590628400000000000e+07 -2.367700000000000000e+07 -6.594458000000000000e+06
6.131560400000000000e+07 -2.548242600000000000e+07 -2.691788750000000000e+06
7.675823200000000000e+07 -8.789119000000000000e+06 -6.651928500000000000e+06
5.926175600000000000e+07 -1.272310000000000000e+07 -1.562454600000000000e+07
6.507238400000000000e+07 -6.795420000000000000e+06 1.764242600000000000e+07
5.947267200000000000e+07 -2.514430800000000000e+07 2.197882750000000000e+06
4.594044800000000000e+07 -5.807285500000000000e+06 1.383028300000000000e+07
7.123336800000000000e+07 -4.452197000000000000e+06 2.202884600000000000e+07
5.772852400000000000e+07 -1.231000800000000000e+07 1.149849800000000000e+07
4.496510000000000000e+07 -2.613615600000000000e+07 -5.349475625000000000e+05
4.691086000000000000e+07 -2.413107600000000000e+07 -2.279391750000000000e+06
9.837388800000000000e+07 5.138139600000000000e+07 -1.123134000000000000e+07
4.293480800000000000e+07 -1.545867000000000000e+07 -6.110144500000000000e+06
1.287013600000000000e+07 -2.801584400000000000e+07 5.615160500000000000e+06
3.706488800000000000e+07 -1.234128300000000000e+07 -1.699391000000000000e+07
3.328111200000000000e+07 -2.988642000000000000e+07 -5.286445000000000000e+06
4.212147200000000000e+07 -1.600810600000000000e+07 -1.100699300000000000e+07
5.929646000000000000e+07 -5.817194000000000000e+06 -2.142024500000000000e+06
6.509943200000000000e+07 1.051563000000000000e+07 4.959212000000000000e+06
3.688569600000000000e+07 -2.827032000000000000e+07 1.955756500000000000e+06
4.743074400000000000e+07 -1.406512300000000000e+07 5.762893500000000000e+06
2.800567400000000000e+07 3.423233250000000000e+06 1.411583000000000000e+07
3.656858000000000000e+07 -1.880517400000000000e+07 -4.378283500000000000e+06
3.783040000000000000e+07 -1.808858600000000000e+07 1.263369125000000000e+06
2.792088800000000000e+07 -2.224323000000000000e+07 -1.604506900000000000e+07
4.797691600000000000e+07 1.151929300000000000e+07 1.595631300000000000e+07
1.152806720000000000e+08 1.250050320000000000e+08 1.894074800000000000e+07
4.711201200000000000e+07 -1.227111600000000000e+07 1.015820800000000000e+07
3.486394400000000000e+07 -9.858883000000000000e+06 -6.950056500000000000e+06
3.919698400000000000e+07 4.983284400000000000e+07 4.669200500000000000e+06
2.294736000000000000e+07 -1.945281000000000000e+07 -1.396981900000000000e+07
2.369512800000000000e+07 -2.623037400000000000e+07 -9.141483000000000000e+06
4.706109600000000000e+07 -8.455544000000000000e+06 4.634991000000000000e+06
5.895253200000000000e+07 3.559260000000000000e+07 1.913914000000000000e+07
4.545318000000000000e+07 -1.876460400000000000e+07 -4.647951500000000000e+06
4.226495600000000000e+07 -6.850576500000000000e+06 7.053968000000000000e+06
8.665575200000000000e+07 5.630912400000000000e+07 4.637246800000000000e+07
5.211692000000000000e+07 2.120067600000000000e+07 -1.076720100000000000e+07
6.098112800000000000e+07 1.880272000000000000e+07 5.328262000000000000e+06
6.812272000000000000e+07 8.892050000000000000e+06 8.045202500000000000e+05
7.005436800000000000e+07 4.133721200000000000e+07 -8.738553000000000000e+06
8.757350400000000000e+07 5.947962000000000000e+07 -8.354939500000000000e+06
5.956068000000000000e+07 3.054905200000000000e+07 -1.121312700000000000e+07
3.801060000000000000e+07 -4.390272500000000000e+06 -1.269404500000000000e+06
4.239358400000000000e+07 6.956160500000000000e+06 -1.999194200000000000e+07
5.825374800000000000e+07 8.540253000000000000e+06 -2.487581250000000000e+06
6.033774800000000000e+07 3.614012800000000000e+07 1.164789100000000000e+07
2.358621000000000000e+07 -2.109736800000000000e+07 -7.451848500000000000e+06
4.063440800000000000e+07 3.996858000000000000e+07 5.479152000000000000e+06
1.651260300000000000e+07 -1.844685600000000000e+07 -1.147887900000000000e+07
4.535220000000000000e+07 3.565040400000000000e+07 1.862783875000000000e+06
1.839717000000000000e+07 -3.466839600000000000e+07 -4.632716500000000000e+06
4.587110800000000000e+07 3.709378800000000000e+07 -3.447232400000000000e+07
7.770039500000000000e+06 -3.268392800000000000e+07 -4.725688000000000000e+06
2.331645800000000000e+07 -1.964701800000000000e+07 -3.340082250000000000e+06
9.758028000000000000e+06 -3.634876800000000000e+07 -7.683438750000000000e+05
2.282703400000000000e+07 2.325912400000000000e+07 2.199694000000000000e+06
7.549270500000000000e+06 -2.552772200000000000e+07 -1.482699000000000000e+06
2.647525400000000000e+07 -2.774400250000000000e+06 -6.047687000000000000e+06
5.208129200000000000e+07 3.937119200000000000e+07 8.783132000000000000e+06
3.070006500000000000e+06 -1.609882500000000000e+07 6.851170625000000000e+05
2.041634200000000000e+07 3.361048750000000000e+06 -1.753342600000000000e+07
1.327266700000000000e+07 -2.065154600000000000e+07 3.061244750000000000e+06
4.492475000000000000e+06 -4.429607200000000000e+07 -5.393182500000000000e+06
5.803464800000000000e+07 5.031630800000000000e+07 7.017545500000000000e+06
4.945356800000000000e+07 3.020612000000000000e+07 -1.013260700000000000e+07
1.802354600000000000e+07 -1.374806500000000000e+07 4.027697250000000000e+06
5.470374800000000000e+07 9.292572800000000000e+07 3.783529200000000000e+07
1.188918400000000000e+07 -2.200411406250000000e+05 -9.514079000000000000e+06
5.196146400000000000e+07 7.146283200000000000e+07 -8.366933000000000000e+06
1.588297600000000000e+07 -1.072911900000000000e+07 -1.764325800000000000e+07
2.899061400000000000e+07 1.748828400000000000e+07 -5.687911500000000000e+06
1.289459200000000000e+07 -1.176802200000000000e+07 3.879590250000000000e+06
3.395305200000000000e+07 3.481715600000000000e+07 -2.992795400000000000e+07
7.480324500000000000e+06 5.316626500000000000e+06 3.508199000000000000e+06
3.454581500000000000e+06 -1.990626600000000000e+07 -8.396531000000000000e+06
1.169715800000000000e+07 2.160770000000000000e+07 -7.568107500000000000e+06
3.663089200000000000e+07 4.841240400000000000e+07 -1.028414375000000000e+05
-2.864693400000000000e+07 -1.428457920000000000e+08 -1.489620400000000000e+07
-2.864693400000000000e+07 -1.428457920000000000e+08 -1.489620400000000000e+07
