-1.273333100000000000e+07 -7.327052160000000000e+08 -7.851632800000000000e+07
-1.273333100000000000e+07 -7.327052160000000000e+08 -7.851632800000000000e+07
-1.273333100000000000e+07 -7.327052160000000000e+08 -7.851632800000000000e+07
-1.273333100000000000e+07 -7.327052160000000000e+08 -7.851632800000000000e+07
-1.273333100000000000e+07 -7.327052160000000000e+08 -7.851632800000000000e+07
-1.895406336000000000e+09 1.333002368000000000e+09 1.132849600000000000e+08
-1.433073024000000000e+09 8.526871040000000000e+08 1.124365520000000000e+08
-1.660584704000000000e+09 1.357709056000000000e+09 4.662535680000000000e+08
-2.931809280000000000e+09 2.734021632000000000e+09 7.428406400000000000e+08
-2.238047488000000000e+09 1.572654848000000000e+09 4.638576320000000000e+08
-1.407657856000000000e+09 7.239725440000000000e+08 1.667591840000000000e+08
-9.815135360000000000e+08 3.056852480000000000e+08 4.228364400000000000e+07
-1.008185792000000000e+09 3.354006400000000000e+08 7.055645600000000000e+07
-1.539385088000000000e+09 8.981624320000000000e+08 2.310437280000000000e+08
-1.420166400000000000e+09 8.246578560000000000e+08 8.372248000000000000e+07
-1.915867392000000000e+09 1.459961984000000000e+09 8.001132800000000000e+08
-1.019762240000000000e+09 3.680192640000000000e+08 8.202527200000000000e+07
-8.469572480000000000e+08 1.506611680000000000e+08 2.222575600000000000e+07
-7.664785920000000000e+08 9.427508000000000000e+07 1.658132000000000000e+07
-1.671991808000000000e+09 8.782603520000000000e+08 2.399456800000000000e+08
-1.093891072000000000e+09 3.649879040000000000e+08 1.650088000000000000e+08
-1.310468992000000000e+09 5.287184320000000000e+08 1.838731680000000000e+08
-1.225954304000000000e+09 5.006663360000000000e+08 8.027581600000000000e+07
-1.407959168000000000e+09 6.416314240000000000e+08 2.659412800000000000e+08
-1.510227840000000000e+09 8.448935680000000000e+08 3.011243200000000000e+08
-1.498691072000000000e+09 7.789338880000000000e+08 1.141550320000000000e+08
-1.077386496000000000e+09 3.608946240000000000e+08 1.355743520000000000e+08
-1.189405568000000000e+09 5.586874880000000000e+08 2.826250560000000000e+08
-2.364240896000000000e+09 1.981486464000000000e+09 7.393274240000000000e+08
-1.373315456000000000e+09 6.867547520000000000e+08 5.367225600000000000e+07
-1.149397248000000000e+09 4.331673920000000000e+08 1.074907360000000000e+08
-1.247112192000000000e+09 5.228140480000000000e+08 2.283012000000000000e+08
-1.627617024000000000e+09 1.072195648000000000e+09 5.510056960000000000e+08
-2.032256256000000000e+09 1.330834688000000000e+09 5.158482240000000000e+08
-1.095928192000000000e+09 3.998384640000000000e+08 3.441770000000000000e+07
-1.520247040000000000e+09 9.696247040000000000e+08 9.821777600000000000e+07
-8.428344320000000000e+08 1.823653120000000000e+08 1.494454880000000000e+08
-9.601463680000000000e+08 2.563351520000000000e+08 1.183984400000000000e+08
-1.467360000000000000e+09 6.879352320000000000e+08 3.292055680000000000e+08
-8.493142400000000000e+08 1.730684160000000000e+08 7.067079200000000000e+07
-1.382897280000000000e+09 6.765509760000000000e+08 1.586866560000000000e+08
-1.060083392000000000e+09 3.930358080000000000e+08 3.246656000000000000e+08
-7.823154560000000000e+08 1.034347280000000000e+08 8.694238400000000000e+07
-1.198091648000000000e+09 3.993310720000000000e+08 2.217051360000000000e+08
-1.498543104000000000e+09 7.413277440000000000e+08 2.485031040000000000e+08
-1.430394752000000000e+09 6.852565760000000000e+08 1.175262720000000000e+08
-9.216568320000000000e+08 2.395475840000000000e+08 8.505512800000000000e+07
-9.623841920000000000e+08 2.315980800000000000e+08 2.728719360000000000e+08
-9.707451520000000000e+08 2.205891520000000000e+08 1.178670080000000000e+08
-1.212662784000000000e+09 5.316275200000000000e+08 1.729299680000000000e+08
-1.527429376000000000e+09 7.713756160000000000e+08 2.918735040000000000e+08
-2.006051200000000000e+09 1.356506112000000000e+09 9.483011840000000000e+08
-1.471534848000000000e+09 7.302033280000000000e+08 1.926500640000000000e+08
-1.561505024000000000e+09 8.147794560000000000e+08 2.547622240000000000e+08
-8.374414080000000000e+08 1.365724640000000000e+08 8.394883200000000000e+07
-8.833078400000000000e+08 1.765560640000000000e+08 9.180538400000000000e+07
-1.728090624000000000e+09 1.018380864000000000e+09 3.981486080000000000e+08
-1.135086080000000000e+09 4.222342080000000000e+08 1.520859040000000000e+08
-9.488007040000000000e+08 2.690065920000000000e+08 9.515532000000000000e+07
-1.150528000000000000e+09 4.411007680000000000e+08 1.553822720000000000e+08
-2.071132160000000000e+09 1.334933632000000000e+09 6.616921600000000000e+08
-1.218577152000000000e+09 4.717662400000000000e+08 2.028784800000000000e+08
-7.395214720000000000e+08 1.069421680000000000e+08 1.153636160000000000e+08
-7.508707840000000000e+08 1.250740800000000000e+08 1.146578560000000000e+08
-6.555388160000000000e+08 1.094135800000000000e+07 9.007607200000000000e+07
-1.164731904000000000e+09 4.211416000000000000e+08 2.090966400000000000e+08
-7.714683520000000000e+08 1.440001760000000000e+08 6.994710400000000000e+07
-6.640289920000000000e+08 2.878829400000000000e+07 6.532671200000000000e+07
-1.046184384000000000e+09 3.665039680000000000e+08 2.406226240000000000e+08
-7.837697920000000000e+08 1.144456560000000000e+08 8.137040800000000000e+07
-1.358126592000000000e+09 6.409777280000000000e+08 2.830192320000000000e+08
-9.369799680000000000e+08 2.190638400000000000e+08 1.505816640000000000e+08
-1.046460032000000000e+09 3.356181440000000000e+08 2.853700160000000000e+08
-8.606064640000000000e+08 2.248120800000000000e+08 1.059832720000000000e+08
-1.141978624000000000e+09 3.814342400000000000e+08 3.152592000000000000e+08
-1.370514560000000000e+09 6.723287680000000000e+08 6.645523600000000000e+07
-8.571653120000000000e+08 1.842175520000000000e+08 1.318046720000000000e+08
-6.985644800000000000e+08 5.181781200000000000e+07 1.096651040000000000e+08
-1.074248960000000000e+09 3.891496960000000000e+08 2.029969120000000000e+08
-8.720172160000000000e+08 1.623860000000000000e+08 1.519824800000000000e+08
-1.058793408000000000e+09 3.568346560000000000e+08 2.577559680000000000e+08
-6.993354880000000000e+08 5.406546800000000000e+07 1.035586720000000000e+08
-5.734228480000000000e+08 -5.869826400000000000e+07 1.106051600000000000e+08
-9.003531520000000000e+08 2.253128640000000000e+08 2.094608960000000000e+08
-1.076121344000000000e+09 4.127667520000000000e+08 2.214560640000000000e+08
-9.462953600000000000e+08 3.693089920000000000e+08 2.865943040000000000e+08
-7.102049920000000000e+08 1.541092160000000000e+08 1.371870240000000000e+08
-1.149920896000000000e+09 4.617927680000000000e+08 2.712230080000000000e+08
-9.382082560000000000e+08 2.631110080000000000e+08 1.944023200000000000e+08
-5.656610560000000000e+08 -8.856673600000000000e+07 8.908423200000000000e+07
-7.267304960000000000e+08 -1.805373800000000000e+07 1.246945760000000000e+08
-6.517342720000000000e+08 -2.674414000000000000e+07 2.008240160000000000e+08
-8.572716800000000000e+08 2.063852160000000000e+08 1.548678400000000000e+08
-8.981473920000000000e+08 1.845450720000000000e+08 2.602262240000000000e+08
-5.405228800000000000e+08 -9.614663200000000000e+07 8.129490400000000000e+07
-8.519984640000000000e+08 1.690830560000000000e+08 1.757577760000000000e+08
-1.394553344000000000e+09 6.957198080000000000e+08 2.498190720000000000e+08
-7.361998080000000000e+08 6.838964800000000000e+07 1.314544640000000000e+08
-7.013603200000000000e+08 4.472218000000000000e+07 1.488226560000000000e+08
-1.371622016000000000e+09 5.970672640000000000e+08 4.257616320000000000e+08
-1.008134784000000000e+09 2.884384640000000000e+08 1.958453440000000000e+08
-1.215654784000000000e+09 5.399256960000000000e+08 2.087084160000000000e+08
-7.100631040000000000e+08 -2.082285200000000000e+07 1.157385600000000000e+08
-4.393014720000000000e+08 -2.010973280000000000e+08 5.684532400000000000e+07
-1.428001408000000000e+09 6.374481280000000000e+08 2.148900000000000000e+08
-7.736210560000000000e+08 1.615502880000000000e+08 1.677054240000000000e+08
-1.021146880000000000e+09 3.512876800000000000e+08 2.695489920000000000e+08
-8.205859200000000000e+08 9.838877600000000000e+07 2.089803520000000000e+08
-9.442527360000000000e+08 2.704355840000000000e+08 2.714612480000000000e+08
-5.713427200000000000e+08 -1.046804000000000000e+08 1.355111040000000000e+08
-6.756794880000000000e+08 -1.232481900000000000e+07 1.783986720000000000e+08
-5.479352960000000000e+08 -8.106393600000000000e+07 1.066341280000000000e+08
-1.116720640000000000e+09 4.668601920000000000e+08 3.010266880000000000e+08
-8.706657920000000000e+08 1.896641120000000000e+08 1.026887280000000000e+08
-1.025391552000000000e+09 2.640438560000000000e+08 2.251695520000000000e+08
-9.147777920000000000e+08 2.366606400000000000e+08 2.403785280000000000e+08
-6.593336320000000000e+08 1.448026400000000000e+07 1.619003200000000000e+08
-4.606170560000000000e+08 -1.747240480000000000e+08 1.798830080000000000e+08
-5.807735040000000000e+08 -2.924370200000000000e+07 1.541165600000000000e+08
-6.220385920000000000e+08 -6.332333000000000000e+06 1.044953440000000000e+08
-6.811450240000000000e+08 3.054549800000000000e+07 1.207192800000000000e+08
-7.170540800000000000e+08 6.404566000000000000e+07 2.235779520000000000e+08
-5.220644800000000000e+08 -7.536804000000000000e+07 1.297506080000000000e+08
-6.840147840000000000e+08 2.397601000000000000e+07 1.178600080000000000e+08
-7.694809600000000000e+08 1.346768160000000000e+08 2.691134400000000000e+08
-7.065632640000000000e+08 -2.262672750000000000e+06 1.753402560000000000e+08
-7.421411840000000000e+08 8.127981600000000000e+07 2.147161600000000000e+08
-4.395591680000000000e+08 -1.697191200000000000e+08 1.057855440000000000e+08
-4.084977280000000000e+08 -1.824535360000000000e+08 9.565693600000000000e+07
-4.654348800000000000e+08 -1.839913760000000000e+08 1.561080160000000000e+08
-6.538589440000000000e+08 6.565261200000000000e+07 1.893942880000000000e+08
-1.088113024000000000e+09 4.823814720000000000e+08 1.261856480000000000e+08
-5.997841920000000000e+08 1.787247200000000000e+08 3.238312320000000000e+08
-6.601522560000000000e+08 7.553542000000000000e+06 2.196221280000000000e+08
-5.439510400000000000e+08 -5.207926000000000000e+06 1.598871520000000000e+08
-4.356069440000000000e+08 -1.626951840000000000e+08 9.180500800000000000e+07
-5.363755520000000000e+08 -7.066531200000000000e+07 6.944308000000000000e+07
-1.038607680000000000e+09 4.878972800000000000e+08 3.609888320000000000e+08
-6.879060480000000000e+08 1.331058720000000000e+08 1.613174240000000000e+08
-4.985871680000000000e+08 -8.107932000000000000e+07 8.645465000000000000e+06
-4.941254400000000000e+08 -1.738348125000000000e+06 1.676688800000000000e+08
-4.201069120000000000e+08 -9.758037600000000000e+07 1.299281280000000000e+08
-3.751482880000000000e+08 -1.991598080000000000e+08 7.052467200000000000e+07
-4.997246400000000000e+08 -6.992947200000000000e+07 4.901172500000000000e+05
-3.719757440000000000e+08 -2.305912160000000000e+08 4.581400400000000000e+07
-4.778552640000000000e+08 -1.217927520000000000e+08 8.864024800000000000e+07
-4.253866240000000000e+08 -1.467465920000000000e+08 7.881296800000000000e+07
-4.774695680000000000e+08 -7.899120000000000000e+07 1.009461520000000000e+08
-4.718093760000000000e+08 -7.680227200000000000e+07 1.021863600000000000e+08
-5.058656320000000000e+08 -8.256606400000000000e+07 1.455061600000000000e+08
-4.135273280000000000e+08 -1.693279360000000000e+08 7.895976800000000000e+07
-5.183950400000000000e+08 -6.489575200000000000e+07 1.252592080000000000e+08
-7.889018880000000000e+08 2.465438080000000000e+08 4.763305280000000000e+08
-5.230434240000000000e+08 -1.614094800000000000e+07 1.586856320000000000e+08
-4.604937920000000000e+08 -8.070704800000000000e+07 1.895709120000000000e+08
-7.597690880000000000e+08 2.411722560000000000e+08 2.276959520000000000e+08
-9.560698240000000000e+08 4.844789760000000000e+08 2.817711680000000000e+08
-4.307961600000000000e+08 -1.132033680000000000e+08 8.599883200000000000e+07
-4.938366400000000000e+08 -7.995761600000000000e+07 1.297447520000000000e+08
-4.199682560000000000e+08 -1.581619840000000000e+08 1.137766640000000000e+08
-5.429557120000000000e+08 -8.061177600000000000e+07 1.304901360000000000e+08
-4.524203200000000000e+08 -1.279213700000000000e+07 8.157604800000000000e+07
-3.068521920000000000e+08 -2.407995520000000000e+08 7.653775200000000000e+07
-3.697066560000000000e+08 -1.239399040000000000e+08 1.055139680000000000e+08
-3.221476160000000000e+08 -1.615482720000000000e+08 1.150000720000000000e+08
-5.399862400000000000e+08 -3.023128600000000000e+07 1.114101840000000000e+08
-5.225246080000000000e+08 -8.197727500000000000e+05 1.725906880000000000e+08
-3.658111680000000000e+08 -1.874328800000000000e+08 9.475600000000000000e+07
-3.103118400000000000e+08 -2.017093760000000000e+08 1.075128400000000000e+08
-8.189812480000000000e+08 2.676836000000000000e+08 6.987344000000000000e+08
-3.735834880000000000e+08 -1.673226080000000000e+08 6.135669200000000000e+07
-2.898486720000000000e+08 -2.763192320000000000e+08 5.239001200000000000e+07
-3.276323520000000000e+08 -2.277860800000000000e+08 7.563285600000000000e+07
-5.812999040000000000e+08 7.104184000000000000e+07 2.195437120000000000e+08
-4.741329600000000000e+08 -9.991507200000000000e+07 1.104231600000000000e+08
-4.394557120000000000e+08 -1.073691680000000000e+08 1.468896320000000000e+08
-3.311433920000000000e+08 -2.120337920000000000e+08 7.740974400000000000e+07
-4.767982400000000000e+08 -7.443310400000000000e+07 1.530061760000000000e+08
-5.034155200000000000e+08 -1.902856800000000000e+07 1.063082960000000000e+08
-3.355200960000000000e+08 -1.817225600000000000e+08 1.378412480000000000e+08
-4.504411200000000000e+08 -7.073276000000000000e+07 5.429952000000000000e+07
-2.693130880000000000e+08 -2.517370560000000000e+08 6.075950400000000000e+07
-4.831723520000000000e+08 -1.248798240000000000e+08 1.550204800000000000e+08
-2.240843040000000000e+08 -3.341882880000000000e+08 4.788354000000000000e+07
-4.101235520000000000e+08 -1.158746240000000000e+08 7.817273000000000000e+06
-4.655020160000000000e+08 -1.202840480000000000e+08 1.673558560000000000e+08
-3.272431360000000000e+08 -2.327329440000000000e+08 4.339495600000000000e+07
-3.294640640000000000e+08 -2.168701440000000000e+08 6.112722800000000000e+07
-2.896271040000000000e+08 -2.663722240000000000e+08 3.739308400000000000e+07
-3.533666560000000000e+08 -2.720942400000000000e+08 4.385368000000000000e+07
-5.445239680000000000e+08 -7.561240000000000000e+07 1.769419360000000000e+08
-2.716611520000000000e+08 -2.216381760000000000e+08 5.425228400000000000e+07
-6.423419520000000000e+08 4.033380400000000000e+07 8.301832000000000000e+07
-4.144623360000000000e+08 -1.078361360000000000e+08 1.738888000000000000e+08
-3.483279360000000000e+08 -2.332920640000000000e+08 9.237888800000000000e+07
-5.333691200000000000e+08 -1.428203680000000000e+08 1.519693920000000000e+08
-3.390638080000000000e+08 -2.388167840000000000e+08 7.589523200000000000e+07
-3.552649600000000000e+08 -1.532630400000000000e+08 7.676067200000000000e+07
-6.998903040000000000e+08 2.591805280000000000e+08 2.597726240000000000e+08
-2.451810880000000000e+08 -1.927449120000000000e+08 1.574813760000000000e+08
-2.558423200000000000e+08 -2.691715840000000000e+08 6.789257600000000000e+07
-3.912777280000000000e+08 -9.010901600000000000e+07 9.603085600000000000e+07
-2.856309120000000000e+08 -2.387403360000000000e+08 1.170540560000000000e+08
-2.295893760000000000e+08 -3.156871040000000000e+08 1.764501800000000000e+07
-3.174854400000000000e+08 -1.501032960000000000e+08 1.056894480000000000e+08
-3.730532800000000000e+08 -1.887494400000000000e+08 6.898560800000000000e+07
-3.451423040000000000e+08 -1.930049920000000000e+08 9.258570400000000000e+07
-3.284093760000000000e+08 -1.335775200000000000e+08 1.370312160000000000e+08
-2.613158400000000000e+08 -2.874532480000000000e+08 4.507906800000000000e+07
-2.484694720000000000e+08 -3.053867520000000000e+08 1.101159900000000000e+07
-3.466355520000000000e+08 4.646726800000000000e+07 7.012545280000000000e+08
-2.646011200000000000e+08 -2.545815680000000000e+08 4.720471600000000000e+07
-3.668839360000000000e+08 -1.859557440000000000e+08 7.014591200000000000e+07
-3.623436160000000000e+08 -1.645184320000000000e+08 6.933248000000000000e+07
-2.887374400000000000e+08 -2.187445760000000000e+08 7.152314400000000000e+07
-1.965639040000000000e+08 -2.734676160000000000e+08 1.494269440000000000e+08
-2.278774720000000000e+08 -2.121784640000000000e+08 8.084201600000000000e+07
-3.652406720000000000e+08 -1.753930400000000000e+08 5.239050400000000000e+07
-2.249941760000000000e+08 -3.014313280000000000e+08 3.249757400000000000e+07
-2.441939040000000000e+08 -2.192436320000000000e+08 7.798779200000000000e+07
-2.636591680000000000e+08 -2.343505760000000000e+08 9.475887200000000000e+07
-3.758810240000000000e+08 -1.085591040000000000e+08 2.050423360000000000e+08
-1.256299520000000000e+08 -3.596147520000000000e+08 1.043408080000000000e+08
-2.189549920000000000e+08 -2.992640320000000000e+08 3.380920400000000000e+07
-1.404786400000000000e+08 -3.566139840000000000e+08 5.117587200000000000e+07
-1.442392960000000000e+08 -3.498147520000000000e+08 1.630020800000000000e+07
-1.304361440000000000e+08 -3.577336000000000000e+08 2.589683000000000000e+07
-1.219668240000000000e+08 -4.008242560000000000e+08 2.113961800000000000e+07
-4.847272000000000000e+08 -4.709019600000000000e+07 2.303525120000000000e+08
-1.695253920000000000e+08 -3.013847040000000000e+08 4.292035600000000000e+07
-2.895286400000000000e+08 -1.764107200000000000e+08 7.708002400000000000e+07
-2.146827680000000000e+08 -2.738139520000000000e+08 3.264253600000000000e+07
-2.122414720000000000e+08 -2.898977280000000000e+08 9.646016800000000000e+07
-1.808098240000000000e+08 -2.614063520000000000e+08 3.697379200000000000e+07
-1.415038560000000000e+08 -3.456307520000000000e+08 3.314182400000000000e+07
-1.387136160000000000e+08 -3.429255680000000000e+08 2.540457800000000000e+07
-3.035838080000000000e+08 -1.694315520000000000e+08 8.396257600000000000e+07
-2.340442880000000000e+08 -2.375689280000000000e+08 7.609507200000000000e+07
-6.963254400000000000e+07 -2.565445440000000000e+08 1.900817400000000000e+07
-6.122815360000000000e+08 1.976748960000000000e+08 4.997645120000000000e+08
-1.490447680000000000e+08 -3.333464960000000000e+08 1.665139200000000000e+07
-3.636079680000000000e+08 -1.481793600000000000e+08 2.959685200000000000e+07
-1.259394000000000000e+08 -3.769777600000000000e+08 6.044920800000000000e+07
-1.564691200000000000e+08 -3.564983040000000000e+08 4.477963600000000000e+07
-4.108368640000000000e+08 2.020739040000000000e+08 2.865146880000000000e+08
-1.420876800000000000e+08 -2.920014720000000000e+08 3.772508400000000000e+07
-1.037950960000000000e+08 -3.297416000000000000e+08 2.302775500000000000e+06
-2.752509760000000000e+08 -2.133572480000000000e+08 8.360310400000000000e+07
-1.253086960000000000e+08 -2.679153600000000000e+08 3.748759600000000000e+07
-1.147021120000000000e+08 -2.993655040000000000e+08 5.891173200000000000e+07
-1.241507200000000000e+08 -2.732507200000000000e+08 4.509403200000000000e+07
-8.923300800000000000e+07 -3.666216960000000000e+08 2.340348400000000000e+07
-3.716435840000000000e+08 -1.647527360000000000e+08 1.289958240000000000e+08
-1.985427040000000000e+08 -2.083128800000000000e+08 1.077716800000000000e+08
-1.086881280000000000e+08 -1.510996000000000000e+08 2.012899680000000000e+08
-6.710212500000000000e+05 -3.423985280000000000e+08 4.343502400000000000e+07
-5.832220000000000000e+07 -3.644240640000000000e+08 2.063516000000000000e+07
-8.160833600000000000e+07 -3.441837120000000000e+08 2.690543200000000000e+07
-5.991705200000000000e+07 -3.406084480000000000e+08 8.033508800000000000e+07
-3.664658000000000000e+07 -4.281146880000000000e+08 6.145750000000000000e+07
-7.371404000000000000e+07 -3.712967040000000000e+08 1.786364200000000000e+07
8.304683500000000000e+06 -3.465247040000000000e+08 1.922621600000000000e+08
-3.375194400000000000e+07 -3.506496320000000000e+08 6.446163200000000000e+07
-9.905976800000000000e+07 -1.767105280000000000e+08 1.874828320000000000e+08
-2.332560600000000000e+07 -3.630590400000000000e+08 8.700616000000000000e+07
-3.633570400000000000e+07 -2.760616320000000000e+08 2.576064400000000000e+07
-3.769970000000000000e+07 -3.725959680000000000e+08 1.659975500000000000e+07
-2.338692000000000000e+07 -2.974899520000000000e+08 1.612349440000000000e+08
3.688854500000000000e+06 -3.350478080000000000e+08 1.477564160000000000e+08
-4.640620400000000000e+07 -2.587597920000000000e+08 1.124588640000000000e+08
3.658546000000000000e+07 -3.367051520000000000e+08 6.005711200000000000e+07
-8.165635200000000000e+07 -1.791157440000000000e+08 9.083516000000000000e+07
2.935162400000000000e+07 -3.468779200000000000e+08 3.834317600000000000e+07
3.542436800000000000e+07 -2.799524160000000000e+08 2.086657920000000000e+08
4.662888000000000000e+07 -3.750521920000000000e+08 3.083310600000000000e+07
4.598648000000000000e+07 -4.621747840000000000e+08 1.552024687500000000e+05
4.212538400000000000e+07 -4.162285760000000000e+08 5.704624400000000000e+07
6.956954400000000000e+07 -3.892663360000000000e+08 8.639930400000000000e+07
-5.279559600000000000e+07 -2.029236800000000000e+08 1.488488960000000000e+08
8.760293600000000000e+07 -3.813390720000000000e+08 5.275254000000000000e+07
1.631911040000000000e+08 -3.529038080000000000e+08 1.835139840000000000e+08
1.938254720000000000e+08 -3.475776320000000000e+08 2.160305200000000000e+07
1.049497120000000000e+08 -3.397390720000000000e+08 4.543532000000000000e+07
2.695001920000000000e+08 -2.939824960000000000e+08 2.572745440000000000e+08
1.735272960000000000e+08 -3.339319360000000000e+08 4.821987840000000000e+08
2.769055360000000000e+08 -3.783675200000000000e+07 1.926519840000000000e+08
1.564993920000000000e+08 -3.456986240000000000e+08 7.328201600000000000e+07
1.124164800000000000e+08 -3.936093440000000000e+08 3.092300250000000000e+06
1.178321760000000000e+08 -3.973721600000000000e+08 3.290761200000000000e+07
1.898537120000000000e+08 -3.255008960000000000e+08 1.281121360000000000e+08
2.764928960000000000e+08 -2.951908480000000000e+08 2.451341600000000000e+08
9.533252000000000000e+07 -4.190891520000000000e+08 3.830983200000000000e+07
9.473221600000000000e+07 -4.018348800000000000e+08 1.342421250000000000e+06
1.727806400000000000e+08 -4.427243520000000000e+08 1.704837400000000000e+07
1.642061760000000000e+08 -3.774545920000000000e+08 9.120331200000000000e+07
1.525357760000000000e+08 -3.753290240000000000e+08 3.823837600000000000e+07
1.115612400000000000e+08 -4.322726080000000000e+08 -7.312808500000000000e+06
1.532519200000000000e+08 -3.771838400000000000e+08 1.118268800000000000e+07
2.270644160000000000e+08 -2.981809600000000000e+08 4.345341200000000000e+07
1.664210560000000000e+08 -4.403645440000000000e+08 9.283606400000000000e+07
1.391547360000000000e+08 -4.646823040000000000e+08 4.157657600000000000e+07
1.859174880000000000e+08 -3.866818240000000000e+08 1.023770080000000000e+08
1.907787520000000000e+08 -4.184709760000000000e+08 2.313292600000000000e+07
1.621100320000000000e+08 -4.455719680000000000e+08 8.804945000000000000e+05
2.894169280000000000e+08 -3.607172800000000000e+08 4.945728400000000000e+07
2.147963840000000000e+08 -4.151362880000000000e+08 3.688610250000000000e+06
3.731383360000000000e+08 -3.505747520000000000e+08 2.246212800000000000e+08
3.119301440000000000e+08 -3.461030080000000000e+08 1.544158400000000000e+07
2.546100000000000000e+08 -3.625180160000000000e+08 3.043830000000000000e+07
2.548877600000000000e+08 -3.517301120000000000e+08 6.396498400000000000e+07
2.833106240000000000e+08 -3.964524480000000000e+08 2.924040600000000000e+07
2.708722240000000000e+08 -3.578732160000000000e+08 1.060887120000000000e+08
4.487010560000000000e+08 -3.399327680000000000e+08 2.423535680000000000e+08
2.912386880000000000e+08 -3.507864320000000000e+08 3.660082240000000000e+08
3.418687680000000000e+08 -3.071560000000000000e+08 3.648750400000000000e+07
2.980872320000000000e+08 -3.592495040000000000e+08 3.192438800000000000e+07
5.935847680000000000e+08 -1.289112000000000000e+08 8.630923000000000000e+06
2.969255040000000000e+08 -3.551303040000000000e+08 1.194308800000000000e+08
2.467374080000000000e+08 -4.073760320000000000e+08 -2.050478000000000000e+07
2.341249600000000000e+08 -4.318139840000000000e+08 1.289436125000000000e+06
2.691510720000000000e+08 -3.938327360000000000e+08 -1.301036700000000000e+07
4.908991040000000000e+08 -2.117122880000000000e+08 9.175749120000000000e+08
6.097511040000000000e+08 -2.510986880000000000e+08 3.623696320000000000e+08
4.259707520000000000e+08 -2.991538560000000000e+08 1.160373280000000000e+08
5.619712640000000000e+08 -1.427714560000000000e+08 -8.158896800000000000e+07
5.186446720000000000e+08 -2.688606080000000000e+08 4.454365440000000000e+08
3.400799680000000000e+08 -3.526626240000000000e+08 -1.906190200000000000e+07
1.373382784000000000e+09 3.863946240000000000e+08 9.358176640000000000e+08
5.860149120000000000e+08 -1.648480480000000000e+08 2.225118080000000000e+08
7.178297600000000000e+08 -1.519843840000000000e+08 3.114413440000000000e+08
6.989452160000000000e+08 -1.277677280000000000e+08 2.205060320000000000e+08
6.556321920000000000e+08 -6.716358400000000000e+07 9.918542400000000000e+07
7.121518720000000000e+08 -2.803958400000000000e+07 2.747663200000000000e+07
5.261098560000000000e+08 -2.678202720000000000e+08 7.958056800000000000e+07
1.035490880000000000e+09 1.630881920000000000e+08 1.769169920000000000e+08
8.168321280000000000e+08 -1.679642600000000000e+07 2.065842560000000000e+08
9.906930560000000000e+08 2.191898560000000000e+08 -1.770418800000000000e+07
7.180728960000000000e+08 7.847230500000000000e+06 1.676429280000000000e+08
5.703239040000000000e+08 -1.991127040000000000e+08 7.630916000000000000e+07
6.606522880000000000e+08 -1.411244800000000000e+08 5.521882400000000000e+07
6.856892800000000000e+08 -1.588037760000000000e+08 2.877144320000000000e+08
8.504189440000000000e+08 -1.067140160000000000e+08 3.319068800000000000e+08
9.613500160000000000e+08 1.493330080000000000e+08 1.146282560000000000e+08
5.942975360000000000e+08 -1.993337920000000000e+08 1.355947040000000000e+08
1.841772416000000000e+09 7.284853120000000000e+08 5.946913792000000000e+09
6.983041280000000000e+08 -9.605128800000000000e+07 2.851481280000000000e+08
1.264543872000000000e+09 3.762857280000000000e+08 6.165989760000000000e+08
9.142533760000000000e+08 9.602788000000000000e+07 -2.206001000000000000e+07
9.050789120000000000e+08 1.034171920000000000e+08 -4.623285000000000000e+05
9.938297600000000000e+08 1.747451200000000000e+08 7.594458880000000000e+08
1.511010048000000000e+09 6.265134080000000000e+08 3.162240640000000000e+08
9.068273280000000000e+08 1.288827120000000000e+08 5.863984000000000000e+07
7.917672960000000000e+08 -1.889908800000000000e+07 3.257453440000000000e+08
9.794520320000000000e+08 1.482345440000000000e+08 3.314266400000000000e+07
1.219313408000000000e+09 3.514270720000000000e+08 6.534304640000000000e+08
1.308865152000000000e+09 5.282314880000000000e+08 -1.938369440000000000e+08
1.078436224000000000e+09 2.712232640000000000e+08 4.806995600000000000e+07
8.175886080000000000e+08 -1.919462600000000000e+07 -1.248367200000000000e+07
1.207376640000000000e+09 2.795822720000000000e+08 2.604772640000000000e+08
1.124061568000000000e+09 2.885554880000000000e+08 1.544160960000000000e+08
1.291900928000000000e+09 4.581731520000000000e+08 8.077801500000000000e+06
9.461265280000000000e+08 1.719048640000000000e+08 7.415777600000000000e+07
9.166958080000000000e+08 1.295707040000000000e+08 5.632986800000000000e+07
9.798600960000000000e+08 2.062933920000000000e+08 2.286574080000000000e+08
2.240604672000000000e+09 1.497181056000000000e+09 -3.921467200000000000e+08
2.725520896000000000e+09 1.781893120000000000e+09 1.849337344000000000e+09
1.623412224000000000e+09 7.417139840000000000e+08 1.450279680000000000e+08
1.910571776000000000e+09 1.071071232000000000e+09 -1.536940640000000000e+08
1.646027264000000000e+09 7.793870080000000000e+08 -9.299188000000000000e+07
1.989572864000000000e+09 1.111141504000000000e+09 -4.177149600000000000e+07
1.950163840000000000e+09 1.129127168000000000e+09 7.575619200000000000e+07
1.236894720000000000e+09 4.155532160000000000e+08 5.937701600000000000e+07
1.170403200000000000e+09 4.997057600000000000e+08 -7.880767200000000000e+07
1.716227968000000000e+09 9.132990720000000000e+08 -4.141471360000000000e+08
-1.273333100000000000e+07 -7.327052160000000000e+08 -7.851632800000000000e+07
-1.273333100000000000e+07 -7.327052160000000000e+08 -7.851632800000000000e+07
-1.273333100000000000e+07 -7.327052160000000000e+08 -7.851632800000000000e+07
-1.273333100000000000e+07 -7.327052160000000000e+08 -7.851632800000000000e+07
-1.273333100000000000e+07 -7.327052160000000000e+08 -7.851632800000000000e+07
3.166323968000000000e+09 2.514544896000000000e+09 -4.554665600000000000e+08
2.172455168000000000e+09 1.382633344000000000e+09 6.031657200000000000e+07
2.622600960000000000e+09 1.883029248000000000e+09 2.474159680000000000e+08
2.290618880000000000e+09 1.460197120000000000e+09 -1.044618080000000000e+08
2.208680704000000000e+09 1.555791744000000000e+09 -3.741016960000000000e+08
3.997264384000000000e+09 3.553905408000000000e+09 6.380668800000000000e+08
1.484165888000000000e+09 6.342901760000000000e+08 -6.912133600000000000e+07
1.238978816000000000e+09 4.569821120000000000e+08 2.124933280000000000e+08
1.814867584000000000e+09 1.066027456000000000e+09 -1.512306720000000000e+08
1.584442880000000000e+09 7.076988160000000000e+08 -1.500625000000000000e+07
1.297243904000000000e+09 4.598323200000000000e+08 5.174733500000000000e+06
1.255945216000000000e+09 3.908809280000000000e+08 -2.865412400000000000e+07
7.664720000000000000e+08 1.160115500000000000e+07 -2.571539000000000000e+07
1.257138816000000000e+09 3.762938560000000000e+08 5.075320400000000000e+07
7.870250240000000000e+08 -1.823288600000000000e+07 -3.293181500000000000e+06
1.207908096000000000e+09 2.699382400000000000e+08 5.716464640000000000e+08
1.511175424000000000e+09 5.360237760000000000e+08 5.168333760000000000e+08
1.320956032000000000e+09 4.796192640000000000e+08 4.484784320000000000e+08
1.717112448000000000e+09 8.182252160000000000e+08 1.039594880000000000e+09
9.089436800000000000e+08 8.031598400000000000e+07 2.198903840000000000e+08
1.388968576000000000e+09 5.214099520000000000e+08 2.007933600000000000e+08
1.627713280000000000e+09 8.169762560000000000e+08 6.597057920000000000e+08
7.431331200000000000e+08 -3.076860200000000000e+07 1.824746400000000000e+07
1.128693120000000000e+09 3.330457600000000000e+08 -3.862277200000000000e+07
1.079048064000000000e+09 2.204265120000000000e+08 1.434781600000000000e+08
8.262165120000000000e+08 -1.437868100000000000e+07 2.890200320000000000e+08
8.066231040000000000e+08 9.996223000000000000e+06 2.391033920000000000e+08
9.582264960000000000e+08 1.720959520000000000e+08 3.007930240000000000e+08
5.078780160000000000e+08 -2.374104640000000000e+08 8.610672800000000000e+07
1.283162112000000000e+09 3.763919680000000000e+08 4.358286336000000000e+09
8.809464320000000000e+08 -1.246329800000000000e+07 8.267773440000000000e+08
7.109368320000000000e+08 -7.866978400000000000e+07 2.219264800000000000e+08
6.162590080000000000e+08 -1.511870080000000000e+08 1.698678400000000000e+08
8.308881280000000000e+08 5.947470400000000000e+07 1.760156000000000000e+08
5.414904320000000000e+08 -1.885842080000000000e+08 1.481986240000000000e+08
4.907409280000000000e+08 -2.667321760000000000e+08 2.113915840000000000e+08
4.492939200000000000e+08 -2.766058880000000000e+08 2.470986720000000000e+08
7.874698880000000000e+08 6.015506400000000000e+07 -8.178520000000000000e+07
3.948862720000000000e+08 -2.934797760000000000e+08 4.350129500000000000e+06
4.181648960000000000e+08 -3.117584640000000000e+08 1.707859600000000000e+07
3.656366720000000000e+08 -3.354782400000000000e+08 1.983855400000000000e+07
4.807285760000000000e+08 -2.221845440000000000e+08 1.209386640000000000e+08
5.961739520000000000e+08 -1.576525440000000000e+08 6.232332160000000000e+08
3.283804480000000000e+08 -3.452863680000000000e+08 5.867238000000000000e+07
5.014321600000000000e+08 -1.704469120000000000e+08 1.589172000000000000e+08
4.478965120000000000e+08 -2.295661440000000000e+08 2.625103840000000000e+08
3.145224000000000000e+08 -3.784286720000000000e+08 1.278881760000000000e+08
4.005015360000000000e+08 -2.785825280000000000e+08 6.070664800000000000e+07
3.776299200000000000e+08 -2.979718400000000000e+08 1.835756160000000000e+08
3.376482240000000000e+08 -3.355442560000000000e+08 1.489007200000000000e+08
2.519549440000000000e+08 -4.086513280000000000e+08 8.897898400000000000e+07
2.083921760000000000e+08 -4.029104320000000000e+08 3.774572500000000000e+06
2.540784160000000000e+08 -3.390865600000000000e+08 1.463003520000000000e+08
1.845914720000000000e+08 -4.263403840000000000e+08 6.077088000000000000e+07
2.732493760000000000e+08 -3.343226240000000000e+08 2.145618600000000000e+07
2.988645760000000000e+08 -3.520709440000000000e+08 2.163792160000000000e+08
3.122703040000000000e+08 -2.997104640000000000e+08 5.191650400000000000e+07
2.802132800000000000e+08 -3.470132480000000000e+08 1.973750560000000000e+08
2.071092640000000000e+08 -3.558364480000000000e+08 3.895818800000000000e+07
3.545851520000000000e+08 -1.676760160000000000e+08 8.057816800000000000e+07
2.393693600000000000e+08 -3.137649920000000000e+08 6.187886800000000000e+07
2.377844800000000000e+08 -3.625542720000000000e+08 2.351117600000000000e+08
1.720526720000000000e+08 -3.788899200000000000e+08 2.808805600000000000e+07
3.162181440000000000e+08 -5.403259200000000000e+07 1.892374880000000000e+08
1.709934400000000000e+08 -3.661119040000000000e+08 7.482037600000000000e+07
2.245924000000000000e+08 -2.817955200000000000e+08 2.025656480000000000e+08
1.301158800000000000e+08 -3.939487040000000000e+08 8.660662000000000000e+06
1.746244640000000000e+08 -3.727297600000000000e+08 1.184419120000000000e+08
1.629282400000000000e+08 -3.935507840000000000e+08 1.273848560000000000e+08
7.051972800000000000e+07 -3.845896960000000000e+08 -3.736082250000000000e+06
7.359325600000000000e+07 -4.075210560000000000e+08 2.263428400000000000e+07
4.884342800000000000e+07 -4.187157120000000000e+08 1.522514746093750000e+04
2.400806000000000000e+07 -4.428285440000000000e+08 -2.489125600000000000e+07
4.626906000000000000e+07 -4.160727680000000000e+08 9.497251000000000000e+06
3.644730000000000000e+07 -4.278408320000000000e+08 -1.605730750000000000e+06
1.069667200000000000e+08 -3.777369600000000000e+08 1.448559300000000000e+07
4.642756000000000000e+07 -4.123760640000000000e+08 2.952286400000000000e+07
3.218271200000000000e+07 -3.340781120000000000e+08 5.794826800000000000e+07
2.715949200000000000e+07 -3.090731840000000000e+08 1.909728200000000000e+07
9.688366000000000000e+06 -3.753960320000000000e+08 -1.653473800000000000e+07
3.267331400000000000e+07 -3.406529600000000000e+08 2.512488000000000000e+07
2.165175400000000000e+07 -4.081649920000000000e+08 -2.711101250000000000e+06
-1.397239500000000000e+07 -2.962073600000000000e+08 9.292300000000000000e+07
-3.236921600000000000e+07 -3.380013120000000000e+08 3.417233600000000000e+07
3.250957800000000000e+07 -3.749970880000000000e+08 8.846248000000000000e+06
-1.639835360000000000e+08 -2.310300000000000000e+08 6.342910000000000000e+07
-2.365335500000000000e+06 -4.147275520000000000e+08 2.870376000000000000e+06
2.227247851562500000e+04 -4.000145280000000000e+08 2.162367400000000000e+07
-3.860875200000000000e+07 -3.633323520000000000e+08 1.905793600000000000e+07
8.561012800000000000e+07 -2.540573760000000000e+08 1.552260960000000000e+08
-9.085352000000000000e+06 -3.593829120000000000e+08 1.455095200000000000e+07
5.970115500000000000e+06 -3.453468480000000000e+08 1.009771120000000000e+08
-3.562304400000000000e+07 -3.549175680000000000e+08 8.281036000000000000e+07
-6.887770400000000000e+07 -3.166087680000000000e+08 3.594450400000000000e+07
-3.948298000000000000e+07 -3.908029440000000000e+08 3.202422000000000000e+07
-3.514098800000000000e+07 -3.182727680000000000e+08 1.168785920000000000e+08
-3.494695600000000000e+07 -3.297544000000000000e+08 2.049462400000000000e+07
-1.350989120000000000e+08 -3.065961920000000000e+08 3.346335600000000000e+07
-1.942001920000000000e+08 -2.117044160000000000e+08 3.577546400000000000e+07
-7.921214400000000000e+07 -3.736063360000000000e+08 8.242374400000000000e+07
-8.956575200000000000e+07 -3.619998080000000000e+08 4.180304800000000000e+07
-9.853354400000000000e+07 -3.580636480000000000e+08 2.164969200000000000e+07
1.699820800000000000e+07 -2.085427840000000000e+08 2.584173000000000000e+07
-7.778556800000000000e+07 -3.844194240000000000e+08 2.731091400000000000e+07
-1.650646560000000000e+08 -2.498627360000000000e+08 8.279354400000000000e+07
-7.890471200000000000e+07 -3.648410560000000000e+08 8.546983200000000000e+07
-4.229438800000000000e+07 -3.675849280000000000e+08 3.694660800000000000e+07
-9.932971200000000000e+07 -3.708987840000000000e+08 5.360244000000000000e+07
-6.406749600000000000e+07 -3.756907520000000000e+08 4.703982800000000000e+07
-1.713182720000000000e+08 -3.527999040000000000e+08 2.864742200000000000e+07
-1.476697280000000000e+08 -2.203914400000000000e+08 1.560931840000000000e+08
-1.817020480000000000e+08 -2.977160320000000000e+08 6.411718000000000000e+07
-1.111388960000000000e+08 -3.930698880000000000e+08 1.422451300000000000e+07
-1.353203360000000000e+08 -4.088678080000000000e+08 4.275280500000000000e+06
-1.153547200000000000e+08 -4.115364800000000000e+08 4.866745600000000000e+07
-3.041909120000000000e+08 -2.178315040000000000e+08 1.105929920000000000e+08
-2.687309440000000000e+08 -2.235600800000000000e+08 3.019624600000000000e+07
-1.061037120000000000e+08 -3.833490880000000000e+08 4.011639200000000000e+07
-1.669422560000000000e+08 -3.271685120000000000e+08 2.559546600000000000e+07
-1.619415840000000000e+08 -3.758312640000000000e+08 -5.947360000000000000e+06
-1.421961280000000000e+08 -3.663427520000000000e+08 4.744650400000000000e+07
-1.041844560000000000e+08 -3.978633920000000000e+08 -2.875116750000000000e+06
-1.886014560000000000e+08 -3.404658240000000000e+08 -3.208572500000000000e+06
-2.173244480000000000e+08 -2.752365760000000000e+08 4.571458400000000000e+07
-2.511707520000000000e+08 -2.682351840000000000e+08 9.954286400000000000e+07
-1.767447840000000000e+08 -3.731725440000000000e+08 3.512905200000000000e+07
-1.745866240000000000e+08 -3.520821440000000000e+08 3.564190800000000000e+07
-2.756513280000000000e+08 -2.963968640000000000e+08 3.718821600000000000e+07
-1.891306080000000000e+08 -3.743944320000000000e+08 1.827779600000000000e+07
-3.221557760000000000e+08 -2.754818880000000000e+08 8.657220000000000000e+07
-2.384203360000000000e+08 -3.040221760000000000e+08 2.102679400000000000e+07
-4.885726080000000000e+08 -4.356185600000000000e+07 1.047956720000000000e+08
-1.986413920000000000e+08 -3.875680960000000000e+08 6.951775000000000000e+06
-2.434126720000000000e+08 -3.514530560000000000e+08 2.834554600000000000e+07
-2.318358400000000000e+08 -3.973305280000000000e+08 1.787966000000000000e+07
-3.024407360000000000e+08 -3.450369600000000000e+08 3.148941600000000000e+07
-3.419544640000000000e+08 -2.845159040000000000e+08 4.613862000000000000e+07
-3.066990400000000000e+08 -2.639304960000000000e+08 4.489214800000000000e+07
-3.715834240000000000e+08 -2.813992960000000000e+08 6.264532800000000000e+07
-4.613923840000000000e+08 -1.896102880000000000e+08 1.233682400000000000e+08
-4.775414080000000000e+08 -1.160043280000000000e+08 5.522000800000000000e+07
-3.643330240000000000e+08 -2.634823520000000000e+08 -7.808573000000000000e+06
-3.205608640000000000e+08 -3.057946880000000000e+08 2.056288600000000000e+07
-2.605744800000000000e+08 -3.401123520000000000e+08 2.121675000000000000e+07
-4.512993600000000000e+08 -1.767427520000000000e+08 2.273498600000000000e+07
-2.767305600000000000e+08 -3.333813120000000000e+08 -1.051288500000000000e+07
-3.731958400000000000e+08 -2.439702400000000000e+08 -2.459228600000000000e+07
-2.710997120000000000e+08 -3.201653440000000000e+08 -3.571847200000000000e+07
-3.674933120000000000e+08 -1.626285280000000000e+08 -5.460229500000000000e+06
-3.332643520000000000e+08 -2.790684800000000000e+08 -5.128883500000000000e+06
-2.643735360000000000e+08 -3.298884160000000000e+08 -1.472594600000000000e+07
-3.789766080000000000e+08 -2.795785600000000000e+08 1.190332500000000000e+07
-2.719036160000000000e+08 -3.729576960000000000e+08 -2.521608400000000000e+07
-4.701933440000000000e+08 -1.325140000000000000e+08 -1.056096320000000000e+08
-4.331269440000000000e+08 -2.417442880000000000e+08 3.386234400000000000e+07
-2.301812800000000000e+08 -3.884372480000000000e+08 -4.349846000000000000e+07
-2.990879360000000000e+08 -3.137620480000000000e+08 -6.756602400000000000e+07
-2.492440320000000000e+08 -3.812050880000000000e+08 -3.452070000000000000e+07
-2.204714080000000000e+08 -4.131480640000000000e+08 -4.530497600000000000e+07
-4.280406080000000000e+08 -2.084458880000000000e+08 3.627705200000000000e+07
-2.331281280000000000e+08 -3.703210560000000000e+08 -3.992533600000000000e+07
-2.456467040000000000e+08 -3.446396160000000000e+08 -3.612054400000000000e+07
-2.695835200000000000e+08 -3.456457600000000000e+08 -3.944332400000000000e+07
-3.076443520000000000e+08 -3.062611840000000000e+08 -2.000256000000000000e+07
-2.644029760000000000e+08 -3.276794240000000000e+08 -5.695493600000000000e+07
-2.712910400000000000e+08 -3.164425600000000000e+08 -4.333217200000000000e+07
-2.556988320000000000e+08 -3.101116800000000000e+08 -4.367503200000000000e+07
-2.105515840000000000e+08 -3.472812480000000000e+08 -7.116700000000000000e+07
-2.666578080000000000e+08 -2.579755360000000000e+08 -7.008516000000000000e+07
-3.015457920000000000e+08 -1.300645520000000000e+08 -4.217837600000000000e+07
-3.933454080000000000e+08 -8.548800000000000000e+07 -4.311488800000000000e+07
-3.412527680000000000e+08 7.133816800000000000e+07 -7.623664000000000000e+07
-3.529628800000000000e+08 4.450182800000000000e+07 -7.139692000000000000e+07
-4.369594560000000000e+08 2.092942880000000000e+08 -6.201410400000000000e+07
-4.975256000000000000e+08 3.051625920000000000e+08 2.188242750000000000e+06
-4.263251520000000000e+08 1.825908480000000000e+08 -9.797272000000000000e+07
-3.460050560000000000e+08 -1.585016700000000000e+07 -7.124934400000000000e+07
-3.552461440000000000e+08 3.011467840000000000e+08 -8.978048000000000000e+07
-1.273333100000000000e+07 -7.327052160000000000e+08 -7.851632800000000000e+07
-1.273333100000000000e+07 -7.327052160000000000e+08 -7.851632800000000000e+07
-1.273333100000000000e+07 -7.327052160000000000e+08 -7.851632800000000000e+07
-1.273333100000000000e+07 -7.327052160000000000e+08 -7.851632800000000000e+07
-2.055242240000000000e+08 -2.553166880000000000e+08 -1.484468960000000000e+08
-6.212147840000000000e+08 3.795896640000000000e+08 -2.604362560000000000e+08
-5.466850560000000000e+08 3.101668800000000000e+08 -2.795510720000000000e+08
-4.528824000000000000e+08 2.152354240000000000e+08 -2.250231680000000000e+08
-6.039018880000000000e+08 2.734230720000000000e+08 -1.753682080000000000e+08
-3.601729280000000000e+08 5.645352400000000000e+07 -1.943414880000000000e+08
-5.108321280000000000e+08 8.449684000000000000e+07 -2.155881280000000000e+08
-5.029207360000000000e+08 1.278873280000000000e+08 -1.925552640000000000e+08
-4.441736640000000000e+08 1.346831750000000000e+06 -1.855664800000000000e+08
-4.251565440000000000e+08 -7.272031200000000000e+07 -1.598512960000000000e+08
-6.405721600000000000e+08 2.077703520000000000e+08 -1.352572320000000000e+08
-3.604745600000000000e+08 -1.336839440000000000e+08 -1.720477120000000000e+08
-7.103004800000000000e+08 1.648322400000000000e+08 -1.187713200000000000e+08
-3.853928000000000000e+08 -1.387387360000000000e+08 -1.436350400000000000e+08
-3.280946880000000000e+08 -2.223556480000000000e+08 -1.624056480000000000e+08
-5.203954880000000000e+08 -4.177059600000000000e+07 -1.728791840000000000e+08
-3.547661120000000000e+08 -1.922125600000000000e+08 -2.030353600000000000e+08
-2.806804800000000000e+08 -2.837535040000000000e+08 -1.238956800000000000e+08
-5.340607680000000000e+08 -1.076372000000000000e+08 -4.468806400000000000e+07
-3.198242560000000000e+08 -2.315456000000000000e+08 -1.104158480000000000e+08
-3.586316480000000000e+08 -1.454527040000000000e+08 -1.224397600000000000e+08
-2.363907680000000000e+08 -3.256709760000000000e+08 -1.166626560000000000e+08
-3.616843200000000000e+08 -1.759303840000000000e+08 -1.080156880000000000e+08
-2.254036320000000000e+08 -3.312990720000000000e+08 -1.173848560000000000e+08
-4.056278720000000000e+08 -1.175295600000000000e+08 -1.280315280000000000e+08
-2.646032480000000000e+08 -2.635371680000000000e+08 -1.381251040000000000e+08
-2.717478400000000000e+08 -2.501249920000000000e+08 -1.296534320000000000e+08
-2.363478880000000000e+08 -2.885120000000000000e+08 -1.263023520000000000e+08
-3.227097600000000000e+08 -2.374187680000000000e+08 -9.827503200000000000e+07
-3.216809600000000000e+08 -1.229770800000000000e+08 -1.827064160000000000e+08
-2.937466880000000000e+08 -2.217091840000000000e+08 -1.084460960000000000e+08
-4.206610560000000000e+08 -7.251125600000000000e+07 -1.487380480000000000e+08
-5.988760320000000000e+08 3.040967800000000000e+07 -6.133043600000000000e+07
-2.114148000000000000e+08 -2.859560320000000000e+08 -1.312151680000000000e+08
-2.765308800000000000e+08 -2.566199520000000000e+08 -1.304071680000000000e+08
-2.427110720000000000e+08 -2.586514400000000000e+08 -1.372820160000000000e+08
-2.994303040000000000e+08 -1.983168320000000000e+08 -1.283587120000000000e+08
-2.904152960000000000e+08 -2.359521600000000000e+08 -8.482596000000000000e+07
-2.162694560000000000e+08 -3.312572160000000000e+08 -1.189881200000000000e+08
-2.272899200000000000e+08 -2.611601760000000000e+08 -1.349038720000000000e+08
-1.974724480000000000e+08 -2.923462720000000000e+08 -1.476495680000000000e+08
-2.277934720000000000e+08 -2.982515520000000000e+08 -1.437356960000000000e+08
-1.516498880000000000e+08 -3.908637440000000000e+08 -1.377288480000000000e+08
-1.778266720000000000e+08 -3.227919680000000000e+08 -1.276945680000000000e+08
-1.650608800000000000e+08 -3.241462400000000000e+08 -1.308064480000000000e+08
-1.610819520000000000e+08 -3.855837440000000000e+08 -1.097772560000000000e+08
-1.336379440000000000e+08 -3.940278720000000000e+08 -1.029297200000000000e+08
-1.304956400000000000e+08 -3.886958400000000000e+08 -1.144995200000000000e+08
-1.723025920000000000e+08 -3.080072000000000000e+08 -1.286760640000000000e+08
-1.359147520000000000e+08 -3.695430400000000000e+08 -1.215059040000000000e+08
-1.460707840000000000e+08 -3.308185280000000000e+08 -1.234891760000000000e+08
-1.508927200000000000e+08 -2.912207360000000000e+08 -1.232037680000000000e+08
-1.337676000000000000e+08 -3.435088000000000000e+08 -9.479256800000000000e+07
-6.472945600000000000e+07 -3.814300800000000000e+08 -1.238111040000000000e+08
-8.136908800000000000e+07 -3.971323520000000000e+08 -1.263951280000000000e+08
-1.016589120000000000e+08 -3.553068480000000000e+08 -1.123354640000000000e+08
-2.046355040000000000e+08 -6.931085600000000000e+07 -1.608764960000000000e+08
-8.000012000000000000e+07 -3.097694720000000000e+08 -1.107863600000000000e+08
-6.173599600000000000e+07 -3.977016320000000000e+08 -1.229225920000000000e+08
-3.269190200000000000e+07 -4.152147520000000000e+08 -1.366735680000000000e+08
-4.879408000000000000e+07 -4.185591040000000000e+08 -1.147967840000000000e+08
-4.697240800000000000e+07 -4.249048960000000000e+08 -1.142739040000000000e+08
-5.715977600000000000e+07 -3.944824000000000000e+08 -1.433796000000000000e+08
-8.096432800000000000e+07 -3.629345920000000000e+08 -1.323820000000000000e+08
-3.193027000000000000e+07 -4.450268160000000000e+08 -1.273223840000000000e+08
-3.250835400000000000e+07 -3.925645440000000000e+08 -1.113907120000000000e+08
-1.060054160000000000e+08 -2.071125120000000000e+08 -1.337708400000000000e+08
-1.375980800000000000e+07 -4.072493440000000000e+08 -1.393869600000000000e+08
-7.911419000000000000e+06 -3.849930240000000000e+08 -1.453373600000000000e+08
4.410891000000000000e+06 -4.283477760000000000e+08 -1.127948960000000000e+08
4.754028000000000000e+06 -4.084657600000000000e+08 -1.392264000000000000e+08
-2.465389400000000000e+07 -3.966512320000000000e+08 -1.312699520000000000e+08
9.674102000000000000e+06 -3.983672000000000000e+08 -1.465880000000000000e+08
9.305006000000000000e+06 -4.299244800000000000e+08 -1.354067520000000000e+08
1.597825000000000000e+07 -4.302924800000000000e+08 -1.302734160000000000e+08
3.650713200000000000e+07 -4.048724800000000000e+08 -1.414757280000000000e+08
3.910228400000000000e+07 -4.119744640000000000e+08 -1.292881040000000000e+08
4.185109600000000000e+07 -3.678520320000000000e+08 -1.511393280000000000e+08
2.803253600000000000e+07 -4.336386560000000000e+08 -1.345442400000000000e+08
4.397579200000000000e+07 -4.063352000000000000e+08 -1.159231120000000000e+08
-4.894661500000000000e+06 -4.521821440000000000e+08 -1.366133600000000000e+08
2.886584600000000000e+07 -4.647310720000000000e+08 -1.331342480000000000e+08
5.315556000000000000e+07 -4.272649920000000000e+08 -1.417423040000000000e+08
5.906912400000000000e+07 -3.477362560000000000e+08 -1.598816320000000000e+08
7.429849600000000000e+07 -3.357061120000000000e+08 -1.807663840000000000e+08
3.370424400000000000e+07 -4.479613440000000000e+08 -1.416066080000000000e+08
5.410218400000000000e+07 -4.242544960000000000e+08 -1.435488640000000000e+08
1.027433360000000000e+08 -3.087568320000000000e+08 -1.830061440000000000e+08
1.077094960000000000e+08 -3.348871040000000000e+08 -1.634539360000000000e+08
6.033852400000000000e+07 -3.779118720000000000e+08 -1.607708640000000000e+08
1.056716800000000000e+08 -3.718134080000000000e+08 -1.690473920000000000e+08
1.891615040000000000e+08 -3.795966080000000000e+08 -2.416145120000000000e+08
6.836127200000000000e+07 -4.150280640000000000e+08 -1.419879200000000000e+08
9.356464000000000000e+07 -4.051252480000000000e+08 -1.477074400000000000e+08
7.864972800000000000e+07 -4.285000320000000000e+08 -9.555632000000000000e+07
1.213641760000000000e+08 -4.035223680000000000e+08 -1.554500640000000000e+08
1.572245440000000000e+08 -3.609716800000000000e+08 -1.573426080000000000e+08
8.568008800000000000e+07 -3.718132480000000000e+08 -1.358965120000000000e+08
1.535932480000000000e+08 -3.585772160000000000e+08 -1.621301120000000000e+08
1.524489600000000000e+08 -3.736111360000000000e+08 -1.513640800000000000e+08
1.442860320000000000e+08 -4.173598400000000000e+08 -1.534363840000000000e+08
1.231209760000000000e+08 -4.337479040000000000e+08 -1.641753280000000000e+08
1.250639280000000000e+08 -4.560351680000000000e+08 -1.352041920000000000e+08
1.740921600000000000e+08 -3.998069440000000000e+08 -1.530850400000000000e+08
1.801389760000000000e+08 -4.160556480000000000e+08 -1.536316160000000000e+08
1.627706400000000000e+08 -4.023351040000000000e+08 -1.482550240000000000e+08
1.718111200000000000e+08 -3.979421760000000000e+08 -1.244873440000000000e+08
1.495633920000000000e+08 -4.507093120000000000e+08 -1.382421440000000000e+08
1.741132000000000000e+08 -4.074925760000000000e+08 -1.520998400000000000e+08
1.988041600000000000e+08 -3.785122880000000000e+08 -1.690864640000000000e+08
1.574455680000000000e+08 -4.360480320000000000e+08 -9.888425600000000000e+07
1.467300000000000000e+08 -4.744561600000000000e+08 -1.671897760000000000e+08
1.370980800000000000e+08 -4.611512320000000000e+08 -1.547190720000000000e+08
1.796575200000000000e+08 -4.100176000000000000e+08 -1.730163200000000000e+08
2.137850560000000000e+08 -3.919598400000000000e+08 -1.559256000000000000e+08
3.892635520000000000e+08 -2.908342400000000000e+08 -2.444849600000000000e+08
2.143448800000000000e+08 -4.132151680000000000e+08 -1.677707840000000000e+08
2.600365760000000000e+08 -3.570953280000000000e+08 -2.067251680000000000e+08
2.352182240000000000e+08 -3.784287040000000000e+08 -1.891571200000000000e+08
2.475663200000000000e+08 -3.640642560000000000e+08 -1.800427520000000000e+08
2.392275040000000000e+08 -3.656434240000000000e+08 -1.913349920000000000e+08
2.890091520000000000e+08 -3.022676160000000000e+08 -2.203738560000000000e+08
2.097070080000000000e+08 -4.374754560000000000e+08 -1.754102240000000000e+08
2.009700000000000000e+08 -4.522948800000000000e+08 -1.711065920000000000e+08
2.049131200000000000e+08 -4.335995200000000000e+08 -1.782914400000000000e+08
2.326848640000000000e+08 -3.805984960000000000e+08 -1.902251040000000000e+08
2.386012640000000000e+08 -3.131614720000000000e+08 -2.230842560000000000e+08
2.417641760000000000e+08 -3.652132480000000000e+08 -1.986977760000000000e+08
4.547662720000000000e+08 -1.277568960000000000e+08 -3.380265280000000000e+08
2.749072000000000000e+08 -3.511120960000000000e+08 -2.021006880000000000e+08
4.244038720000000000e+08 -2.207856640000000000e+08 -3.100287040000000000e+08
2.661768160000000000e+08 -3.893878080000000000e+08 -1.903270080000000000e+08
3.112394240000000000e+08 -3.564475200000000000e+08 -1.769766720000000000e+08
3.670467840000000000e+08 -3.317776000000000000e+08 -2.012914720000000000e+08
3.959593920000000000e+08 -2.765930880000000000e+08 -2.319272320000000000e+08
4.396013760000000000e+08 -2.434675520000000000e+08 -2.287426240000000000e+08
4.981920640000000000e+08 -2.198346080000000000e+08 -1.868275840000000000e+08
5.290433600000000000e+08 -1.672875040000000000e+08 -2.620291200000000000e+08
5.706208000000000000e+08 -1.352660800000000000e+08 -2.819467840000000000e+08
4.770376320000000000e+08 -2.235215360000000000e+08 -2.339026880000000000e+08
4.688775040000000000e+08 -2.293063200000000000e+08 -2.066360000000000000e+08
7.582895360000000000e+08 5.123232400000000000e+07 -3.862314560000000000e+08
8.429459840000000000e+08 9.159085600000000000e+07 -4.058336320000000000e+08
7.918376320000000000e+08 6.452184400000000000e+07 -3.634901440000000000e+08
1.337195008000000000e+09 6.311930880000000000e+08 -4.729474560000000000e+08
8.248038400000000000e+08 9.064369600000000000e+07 -3.351006400000000000e+08
5.597620480000000000e+08 -1.689896800000000000e+08 -1.781452800000000000e+08
1.090012928000000000e+09 2.383662400000000000e+08 -4.223943360000000000e+08
8.859948800000000000e+08 1.614408640000000000e+08 -3.340292800000000000e+08
1.605283712000000000e+09 8.587163520000000000e+08 -7.331347840000000000e+08
1.237626496000000000e+09 4.868413440000000000e+08 -4.410072960000000000e+08
1.089568640000000000e+09 3.554419200000000000e+08 -2.253445440000000000e+08
1.347840896000000000e+09 5.304334400000000000e+08 -2.606563520000000000e+08
1.538423680000000000e+09 7.913063680000000000e+08 -5.441680000000000000e+08
1.191238272000000000e+09 4.109416640000000000e+08 -3.216027200000000000e+08
1.032837056000000000e+09 2.915965120000000000e+08 -2.044621600000000000e+08
-1.273333100000000000e+07 -7.327052160000000000e+08 -7.851632800000000000e+07
-1.273333100000000000e+07 -7.327052160000000000e+08 -7.851632800000000000e+07
-1.273333100000000000e+07 -7.327052160000000000e+08 -7.851632800000000000e+07
-1.273333100000000000e+07 -7.327052160000000000e+08 -7.851632800000000000e+07
-1.273333100000000000e+07 -7.327052160000000000e+08 -7.851632800000000000e+07
-1.273333100000000000e+07 -7.327052160000000000e+08 -7.851632800000000000e+07
1.192768000000000000e+09 4.478749760000000000e+08 -1.468470240000000000e+08
1.311585920000000000e+09 6.104407680000000000e+08 -5.548762240000000000e+08
1.850056448000000000e+09 1.202643968000000000e+09 -6.546342400000000000e+08
1.490632064000000000e+09 7.174597760000000000e+08 -5.219612160000000000e+08
9.579217920000000000e+08 2.480581600000000000e+08 -8.875376800000000000e+07
1.470536960000000000e+09 7.370145280000000000e+08 -5.456147200000000000e+08
1.720423680000000000e+09 9.232663680000000000e+08 -2.095422240000000000e+08
1.843232256000000000e+09 1.252468736000000000e+09 -2.100733600000000000e+08
1.071416000000000000e+09 3.083090240000000000e+08 -3.858607360000000000e+08
1.279253504000000000e+09 5.354921600000000000e+08 -4.958079360000000000e+08
1.666535808000000000e+09 7.520147840000000000e+08 2.913658624000000000e+09
1.108344832000000000e+09 3.191071680000000000e+08 -1.004237600000000000e+08
1.465722624000000000e+09 7.623674240000000000e+08 -5.590183040000000000e+08
1.294133120000000000e+09 5.099421760000000000e+08 -3.908531840000000000e+08
1.231322112000000000e+09 3.665452800000000000e+08 -2.966539520000000000e+08
1.532296832000000000e+09 7.341144960000000000e+08 -3.733844160000000000e+08
1.200916096000000000e+09 4.080564800000000000e+08 -4.041573120000000000e+08
1.289722368000000000e+09 5.247509120000000000e+08 -2.094293760000000000e+08
7.544444160000000000e+08 6.184622000000000000e+07 -2.229856160000000000e+08
1.008716480000000000e+09 2.539740480000000000e+08 -1.362795040000000000e+08
9.894113920000000000e+08 2.352018240000000000e+08 -2.526270720000000000e+08
7.582562560000000000e+08 -4.324785600000000000e+07 -1.058987360000000000e+08
5.610275840000000000e+08 -1.602228160000000000e+08 -1.959773920000000000e+08
6.771664000000000000e+08 -6.204629500000000000e+06 -2.746606080000000000e+08
4.066437120000000000e+08 -2.684470080000000000e+08 -1.909438560000000000e+08
4.282267200000000000e+08 -2.618229440000000000e+08 -1.197353040000000000e+08
4.558018560000000000e+08 -2.454442400000000000e+08 -1.734282240000000000e+08
5.560753920000000000e+08 -1.268461760000000000e+08 -2.529854080000000000e+08
5.469335040000000000e+08 -1.521806400000000000e+08 -1.761737600000000000e+08
5.137842560000000000e+08 -2.241883200000000000e+08 -1.934238720000000000e+08
5.422206720000000000e+08 -1.832462240000000000e+08 -1.485186560000000000e+08
4.215355840000000000e+08 -2.452359200000000000e+08 -1.189617680000000000e+08
4.307150080000000000e+08 -2.479148160000000000e+08 -2.022371040000000000e+08
5.494145280000000000e+08 -1.043055040000000000e+08 -2.865479040000000000e+08
4.131410560000000000e+08 -2.328940800000000000e+08 -1.675056800000000000e+08
3.326892160000000000e+08 -3.185630400000000000e+08 -1.522328160000000000e+08
4.332473600000000000e+08 -2.077400480000000000e+08 -2.241268000000000000e+08
2.967956160000000000e+08 -3.426645120000000000e+08 -1.993340960000000000e+08
3.066873920000000000e+08 -3.505732160000000000e+08 -1.695284320000000000e+08
2.252974720000000000e+08 -4.057050240000000000e+08 -1.365729120000000000e+08
2.979479040000000000e+08 -3.161373440000000000e+08 -1.926944480000000000e+08
2.249851520000000000e+08 -3.911590720000000000e+08 -1.752762400000000000e+08
2.191275360000000000e+08 -3.961985920000000000e+08 -1.708708800000000000e+08
2.815407360000000000e+08 -3.150111680000000000e+08 -2.150840800000000000e+08
2.706705920000000000e+08 -2.933041920000000000e+08 -2.216955840000000000e+08
2.301439840000000000e+08 -3.668725440000000000e+08 -2.018054080000000000e+08
2.030294720000000000e+08 -3.709043840000000000e+08 -2.102501120000000000e+08
1.965134560000000000e+08 -3.811535360000000000e+08 -1.922338400000000000e+08
2.322135040000000000e+08 -2.751679040000000000e+08 -2.417709120000000000e+08
1.680288960000000000e+08 -4.095213440000000000e+08 -1.850219840000000000e+08
1.582107040000000000e+08 -4.158961280000000000e+08 -1.830869440000000000e+08
1.540027840000000000e+08 -3.901291840000000000e+08 -1.768512960000000000e+08
1.442069600000000000e+08 -4.029257920000000000e+08 -1.716395200000000000e+08
1.180362400000000000e+08 -4.370205440000000000e+08 -1.575224160000000000e+08
1.431080000000000000e+08 -4.312120000000000000e+08 -1.465139840000000000e+08
9.805424800000000000e+07 -4.765712960000000000e+08 -1.392564160000000000e+08
1.360414400000000000e+08 -4.035258880000000000e+08 -1.568274880000000000e+08
1.340138400000000000e+08 -4.037245120000000000e+08 -1.257003280000000000e+08
1.152274880000000000e+08 -4.006225280000000000e+08 -1.369052000000000000e+08
1.103515680000000000e+08 -4.251007040000000000e+08 -1.422609760000000000e+08
1.154759520000000000e+08 -4.092444160000000000e+08 -1.354301440000000000e+08
9.383005600000000000e+07 -4.308974400000000000e+08 -1.335236880000000000e+08
1.120457600000000000e+08 -4.217419520000000000e+08 -1.623610560000000000e+08
1.457364960000000000e+08 -3.390238080000000000e+08 -1.415915680000000000e+08
1.349706880000000000e+08 -3.726600000000000000e+08 -1.507345920000000000e+08
7.386243200000000000e+07 -4.437343680000000000e+08 -1.281655360000000000e+08
2.425620640000000000e+08 -3.910565120000000000e+08 5.433849200000000000e+07
1.223006560000000000e+08 -4.153218560000000000e+08 -1.184865040000000000e+08
1.121864880000000000e+08 -3.554584960000000000e+08 -1.658016800000000000e+08
9.563736800000000000e+07 -3.026448320000000000e+08 -1.686722720000000000e+08
8.808336800000000000e+07 -1.923880320000000000e+08 -1.697382400000000000e+08
6.849406400000000000e+07 -4.295954560000000000e+08 -7.877208800000000000e+07
6.941054400000000000e+07 -4.026789760000000000e+08 -9.071029600000000000e+07
8.536087200000000000e+07 -4.091414400000000000e+08 -8.274872800000000000e+07
3.340579400000000000e+07 -4.328606720000000000e+08 -1.080782880000000000e+08
5.243067600000000000e+07 -3.908618560000000000e+08 -1.006011200000000000e+08
6.356531600000000000e+07 -3.841084160000000000e+08 -6.607848000000000000e+07
4.864189200000000000e+07 -4.124231040000000000e+08 -1.026595040000000000e+08
5.092522800000000000e+07 -4.006542400000000000e+08 -1.168311600000000000e+08
-1.530313250000000000e+06 -3.548787200000000000e+08 -1.132735600000000000e+08
2.797156000000000000e+07 -3.927104000000000000e+08 -1.304443360000000000e+08
-9.760318000000000000e+06 -3.734349440000000000e+08 -8.147892800000000000e+07
1.276005200000000000e+07 -4.195158080000000000e+08 -1.243387760000000000e+08
1.382627800000000000e+07 -4.176919040000000000e+08 -1.123014640000000000e+08
-1.327892125000000000e+06 -3.445388160000000000e+08 -1.053336720000000000e+08
-4.312944000000000000e+07 -3.692749440000000000e+08 -1.097923120000000000e+08
-7.630230400000000000e+07 -4.222028800000000000e+08 -9.117078400000000000e+07
-1.109651000000000000e+07 -4.686367360000000000e+08 -9.754468800000000000e+07
-5.044132800000000000e+07 -3.501996160000000000e+08 -1.271131520000000000e+08
2.398134000000000000e+06 -3.730289600000000000e+08 -9.987437600000000000e+07
-5.168366800000000000e+07 -1.461330560000000000e+08 -1.594206880000000000e+08
-7.629428800000000000e+07 -3.667092800000000000e+08 -1.052570640000000000e+08
-4.205920000000000000e+07 -4.223097600000000000e+08 -1.132629200000000000e+08
-8.188435200000000000e+07 -3.446705280000000000e+08 -9.414752000000000000e+07
-4.860184800000000000e+07 -4.014236160000000000e+08 -1.048364000000000000e+08
-5.643864800000000000e+07 -3.237489600000000000e+08 -8.625356000000000000e+07
-1.657511520000000000e+08 -3.303528000000000000e+08 -9.286069600000000000e+07
-7.700833600000000000e+07 -3.860910400000000000e+08 -9.792293600000000000e+07
-7.559364000000000000e+07 -3.855147200000000000e+08 -1.163546560000000000e+08
-6.681384400000000000e+07 -3.390112000000000000e+08 -1.325291920000000000e+08
-1.297520640000000000e+08 -3.149095040000000000e+08 -1.362291200000000000e+08
-7.774552800000000000e+07 -3.897103680000000000e+08 -1.139870000000000000e+08
-1.213231760000000000e+08 -3.596465280000000000e+08 -1.161988880000000000e+08
-6.734342400000000000e+07 -4.061860160000000000e+08 -1.131180160000000000e+08
-1.766762240000000000e+08 -2.844034240000000000e+08 -1.867377120000000000e+08
-1.533450720000000000e+08 -3.306621760000000000e+08 -7.935272000000000000e+07
-8.951432000000000000e+07 -3.153792960000000000e+08 -1.247531920000000000e+08
-7.919779200000000000e+07 -4.327528960000000000e+08 -9.973177600000000000e+07
-8.725155200000000000e+07 -4.305820800000000000e+08 -8.472724000000000000e+07
-1.015973680000000000e+08 -3.676050560000000000e+08 -9.678704000000000000e+07
-2.182702880000000000e+08 -1.986903520000000000e+08 -1.003289840000000000e+08
-1.592947040000000000e+08 -3.324249280000000000e+08 -8.281144800000000000e+07
-1.094747520000000000e+08 -3.941276480000000000e+08 -7.320891200000000000e+07
-1.106878480000000000e+08 -3.920680320000000000e+08 -9.914068800000000000e+07
-1.086714560000000000e+08 -3.921151680000000000e+08 -1.106024560000000000e+08
-1.540210560000000000e+08 -3.270139520000000000e+08 -1.770160000000000000e+08
-1.038096160000000000e+08 -3.618687360000000000e+08 -6.636697600000000000e+07
-1.483395040000000000e+08 -3.275996160000000000e+08 -1.167539840000000000e+08
-1.341822400000000000e+08 -2.788095680000000000e+08 -6.494037200000000000e+07
-2.129271520000000000e+08 -2.149739680000000000e+08 -1.301610320000000000e+08
-1.238910080000000000e+08 -3.233499520000000000e+08 -9.867100000000000000e+07
-1.388495040000000000e+08 -3.710253440000000000e+08 -8.712044000000000000e+07
-1.566316640000000000e+08 -2.853815360000000000e+08 -1.092191120000000000e+08
-1.765385280000000000e+08 -3.309562880000000000e+08 -9.009429600000000000e+07
-1.445985280000000000e+08 -4.016984000000000000e+08 -8.231639200000000000e+07
-1.838386080000000000e+08 -3.712046720000000000e+08 -6.988524800000000000e+07
-2.570006720000000000e+08 -2.478121440000000000e+08 -8.871851200000000000e+07
-2.389269440000000000e+08 -2.771749440000000000e+08 -8.755893600000000000e+07
-1.890176800000000000e+08 -2.862500480000000000e+08 -1.095420160000000000e+08
-1.665403360000000000e+08 -3.244985600000000000e+08 -9.924483200000000000e+07
-2.537533920000000000e+08 -5.404014000000000000e+07 -7.970425600000000000e+07
-2.624840160000000000e+08 -1.624834240000000000e+08 -7.901209600000000000e+07
-4.062985280000000000e+08 -1.238205280000000000e+08 8.728215000000000000e+06
-2.802794240000000000e+08 -2.045820160000000000e+08 -1.003199520000000000e+08
-1.978057600000000000e+08 -3.250802560000000000e+08 -9.724876800000000000e+07
-2.378054080000000000e+08 -2.808225280000000000e+08 -9.753927200000000000e+07
-2.681918240000000000e+08 -2.597487840000000000e+08 -8.918252800000000000e+07
-4.307442240000000000e+08 -4.341907200000000000e+07 -4.577224000000000000e+07
-2.935945600000000000e+08 -2.304876320000000000e+08 -8.887824000000000000e+07
-2.358430720000000000e+08 -2.623837440000000000e+08 -8.307652800000000000e+07
-2.125747360000000000e+08 -3.149411840000000000e+08 -9.256673600000000000e+07
-3.153953600000000000e+08 -1.810760000000000000e+08 -7.627160000000000000e+07
-2.546041920000000000e+08 -2.427603200000000000e+08 -9.276316000000000000e+07
-2.199256160000000000e+08 -2.794394560000000000e+08 -1.157710960000000000e+08
-2.399699840000000000e+08 -2.624946880000000000e+08 -8.393968000000000000e+07
-5.124007360000000000e+08 -5.342482800000000000e+07 8.329836000000000000e+06
-4.134042240000000000e+08 -1.569698400000000000e+08 -5.352795200000000000e+07
-2.986199360000000000e+08 -2.374121280000000000e+08 -8.465680800000000000e+07
-3.571719680000000000e+08 -1.383125920000000000e+08 -1.309738240000000000e+08
-2.694025280000000000e+08 -2.095509920000000000e+08 -1.416188160000000000e+08
-2.617695520000000000e+08 -2.627696160000000000e+08 -8.871608000000000000e+07
-4.241510080000000000e+08 -1.132868560000000000e+08 -4.676167600000000000e+07
-5.146563200000000000e+08 -6.105988400000000000e+07 -9.388514000000000000e+06
-2.831177600000000000e+08 -2.323623680000000000e+08 -1.015494640000000000e+08
-2.846791040000000000e+08 -2.416770400000000000e+08 -8.671543200000000000e+07
-7.431984000000000000e+08 3.248134400000000000e+08 -2.193002560000000000e+08
-3.010082240000000000e+08 -2.039974720000000000e+08 -1.117886000000000000e+08
-4.181167360000000000e+08 -1.029682160000000000e+08 -1.076801360000000000e+08
-4.990083840000000000e+08 4.331618400000000000e+07 -1.006695280000000000e+08
-5.350912960000000000e+08 -7.601127200000000000e+07 -1.130964300000000000e+07
-4.748710080000000000e+08 -9.691888000000000000e+07 -6.370034400000000000e+07
-9.285695360000000000e+08 3.742579520000000000e+08 -1.311872900000000000e+07
-5.440423040000000000e+08 3.129441400000000000e+07 -8.388817600000000000e+07
-4.023513600000000000e+08 -1.764014720000000000e+08 -3.638794000000000000e+07
-4.149196160000000000e+08 -1.462424320000000000e+08 -7.002849600000000000e+07
-3.863078400000000000e+08 -1.068362000000000000e+08 -1.044249760000000000e+08
-3.966191680000000000e+08 -1.233659440000000000e+08 -9.331468800000000000e+07
-5.074802880000000000e+08 -1.871424600000000000e+07 -2.248259800000000000e+07
-5.742434560000000000e+08 9.159346400000000000e+07 2.893002250000000000e+06
-4.320101120000000000e+08 -1.029647360000000000e+08 -7.501826400000000000e+07
-3.681928640000000000e+08 -1.511692640000000000e+08 -7.199894400000000000e+07
-3.529539520000000000e+08 -1.878664320000000000e+08 -1.020802720000000000e+08
-7.067207040000000000e+08 1.179797520000000000e+08 2.607287400000000000e+07
-3.959774720000000000e+08 -1.382246400000000000e+08 -1.368778400000000000e+08
-4.325086080000000000e+08 -1.204660080000000000e+08 -7.606673600000000000e+07
-5.925445120000000000e+08 -1.484865600000000000e+07 -3.659736750000000000e+06
-5.341610560000000000e+08 -6.098808400000000000e+07 -2.209852160000000000e+08
-8.606243200000000000e+08 2.170523200000000000e+08 5.225751500000000000e+06
-5.045849280000000000e+08 -8.476656800000000000e+07 -6.823667200000000000e+07
-5.211467200000000000e+08 -2.696529000000000000e+07 -6.711816800000000000e+07
-5.359388800000000000e+08 -6.387402000000000000e+07 -3.373126800000000000e+07
-5.381434240000000000e+08 -3.217367000000000000e+07 -3.599162000000000000e+07
-8.726523520000000000e+08 3.697637120000000000e+08 -7.595713000000000000e+06
-8.663279360000000000e+08 2.611793760000000000e+08 -2.967124400000000000e+07
-4.441107200000000000e+08 -1.508218720000000000e+08 -1.100773920000000000e+08
-5.719414400000000000e+08 7.382412500000000000e+06 -4.925582800000000000e+07
-6.203530240000000000e+08 1.071544900000000000e+07 -5.387260800000000000e+07
-5.045848320000000000e+08 -9.462619200000000000e+07 -6.934336000000000000e+07
-5.891372800000000000e+08 2.171706800000000000e+07 -7.518781600000000000e+07
-7.982152960000000000e+08 2.012203040000000000e+08 4.113425200000000000e+07
-6.613584640000000000e+08 5.155066800000000000e+07 -8.281186400000000000e+07
-6.068330880000000000e+08 4.946345200000000000e+07 -6.910216800000000000e+07
-5.552929280000000000e+08 -5.235939500000000000e+06 -6.904244800000000000e+07
-8.670096640000000000e+08 2.997109760000000000e+08 -2.265589000000000000e+07
-7.645248000000000000e+08 1.440721440000000000e+08 -3.094740000000000000e+07
-7.210474240000000000e+08 1.706853120000000000e+08 -4.704799600000000000e+07
-1.008367808000000000e+09 5.613377280000000000e+08 -1.506148000000000000e+08
-6.605317760000000000e+08 1.073622000000000000e+08 -9.118475200000000000e+07
-1.043294784000000000e+09 5.013243520000000000e+08 -1.009082900000000000e+07
-8.965891840000000000e+08 3.584674240000000000e+08 -2.703505400000000000e+07
-8.661758080000000000e+08 3.015394560000000000e+08 -8.516729600000000000e+07
-7.082070400000000000e+08 1.198737120000000000e+08 -1.131099200000000000e+08
-6.790563200000000000e+08 5.754503600000000000e+07 -1.148540720000000000e+08
-6.192739200000000000e+08 5.079149600000000000e+07 -7.148168800000000000e+07
-7.771686400000000000e+08 2.120360640000000000e+08 -8.496176000000000000e+07
-8.533122560000000000e+08 2.908226240000000000e+08 -7.943232000000000000e+07
-1.387619456000000000e+09 8.710596480000000000e+08 -4.920516800000000000e+08
-8.119001600000000000e+08 3.017641920000000000e+08 -7.555553000000000000e+06
-5.696538240000000000e+08 -3.340832500000000000e+05 -8.821752800000000000e+07
-1.007922368000000000e+09 4.030725440000000000e+08 7.906964000000000000e+07
-6.346519040000000000e+08 7.652875200000000000e+07 -1.311544160000000000e+08
-6.781873920000000000e+08 1.284838560000000000e+08 -1.181227920000000000e+08
-1.507358080000000000e+09 1.024670144000000000e+09 -7.598112000000000000e+08
-1.226386560000000000e+09 6.263604480000000000e+08 1.062765840000000000e+08
-6.362554240000000000e+08 4.987238800000000000e+07 -5.172699200000000000e+07
-1.178980864000000000e+09 5.234826880000000000e+08 4.563384800000000000e+07
-6.046892160000000000e+08 6.837118500000000000e+06 -9.102712800000000000e+07
-1.254015488000000000e+09 6.567806720000000000e+08 1.435069760000000000e+08
-8.217607040000000000e+08 2.269227040000000000e+08 -8.398618400000000000e+07
-8.288476160000000000e+08 2.263341920000000000e+08 -5.295286800000000000e+07
-1.288219648000000000e+09 6.270138880000000000e+08 -3.915074800000000000e+07
-1.139750912000000000e+09 5.538232960000000000e+08 -1.692443840000000000e+08
-1.258342656000000000e+09 6.446066560000000000e+08 1.198464000000000000e+08
-9.064730240000000000e+08 2.635928960000000000e+08 1.139358900000000000e+07
-6.550510720000000000e+08 8.411270400000000000e+07 -9.091571200000000000e+07
-7.540462080000000000e+08 1.836960640000000000e+08 -9.954250400000000000e+07
-1.109662848000000000e+09 4.733015360000000000e+08 3.685634400000000000e+07
-9.219708800000000000e+08 3.478188160000000000e+08 -1.383925120000000000e+08
-1.152184448000000000e+09 5.210175040000000000e+08 -5.399144000000000000e+07
-8.101919360000000000e+08 2.415000640000000000e+08 -9.105256800000000000e+07
-8.994560640000000000e+08 2.488385760000000000e+08 -2.446041800000000000e+07
-1.060964160000000000e+09 3.505573760000000000e+08 5.957246400000000000e+07
-8.062939520000000000e+08 2.062558240000000000e+08 -1.243377900000000000e+07
-1.458419456000000000e+09 6.981509120000000000e+08 1.459986400000000000e+08
-6.997004800000000000e+08 9.427146400000000000e+07 -6.895652800000000000e+07
-1.348528640000000000e+09 7.540476160000000000e+08 -7.105874400000000000e+07
-6.350629120000000000e+08 -6.149209500000000000e+06 -5.071723600000000000e+07
-7.962071040000000000e+08 2.267553760000000000e+08 -1.128149200000000000e+08
-8.456297600000000000e+08 2.029570400000000000e+08 -6.425545200000000000e+07
-1.151971200000000000e+09 4.832878080000000000e+08 5.095366000000000000e+07
-1.198114816000000000e+09 5.579163520000000000e+08 -9.441490400000000000e+07
-9.408474880000000000e+08 2.862706240000000000e+08 -6.151825600000000000e+07
-8.554023680000000000e+08 2.222422400000000000e+08 -5.111652800000000000e+07
-1.495594240000000000e+09 8.534048640000000000e+08 7.843493600000000000e+07
-1.134922112000000000e+09 4.884620480000000000e+08 -8.117299000000000000e+06
-9.143685760000000000e+08 3.115668160000000000e+08 -6.861312800000000000e+07
-1.168216960000000000e+09 5.488684800000000000e+08 -2.160159800000000000e+07
-1.702844288000000000e+09 1.080658176000000000e+09 2.970797760000000000e+08
-1.523138176000000000e+09 8.580753920000000000e+08 -1.899614800000000000e+07
-1.976128000000000000e+09 1.473255296000000000e+09 4.525085440000000000e+08
-1.079930112000000000e+09 5.033980800000000000e+08 -1.156493600000000000e+08
-1.106237824000000000e+09 5.170401280000000000e+08 -9.429249600000000000e+07
-1.100494976000000000e+09 5.048720000000000000e+08 -4.697492800000000000e+07
-1.580229120000000000e+09 1.019209664000000000e+09 -8.660237600000000000e+07
-1.599837056000000000e+09 9.736869760000000000e+08 2.761855040000000000e+08
-1.430867456000000000e+09 8.926574080000000000e+08 -3.551390000000000000e+07
-1.145966464000000000e+09 6.185212160000000000e+08 -1.175240400000000000e+08
-1.085303936000000000e+09 5.292625280000000000e+08 -2.203526560000000000e+08
-1.318686976000000000e+09 7.498368000000000000e+08 -8.496164000000000000e+07
-1.027683072000000000e+09 4.593834880000000000e+08 -6.736385600000000000e+07
-1.602441216000000000e+09 1.054985472000000000e+09 3.359375600000000000e+07
-1.717443200000000000e+09 1.201454464000000000e+09 -9.596237600000000000e+07
-1.055973248000000000e+09 5.369818240000000000e+08 -1.486918080000000000e+08
-2.810081280000000000e+09 2.803933696000000000e+09 8.713181440000000000e+08
-1.222454784000000000e+09 6.924844800000000000e+08 -1.689941600000000000e+08
-1.625810176000000000e+09 1.232268416000000000e+09 -3.136539840000000000e+08
-2.114115968000000000e+09 2.074747648000000000e+09 6.133227520000000000e+08
-1.550244096000000000e+09 1.087841152000000000e+09 -3.945632800000000000e+07
-1.293644160000000000e+09 6.957168000000000000e+08 6.020317600000000000e+07
-1.074903040000000000e+09 5.194857600000000000e+08 -1.721711520000000000e+08
-1.008801792000000000e+09 4.379640320000000000e+08 -6.749076800000000000e+07
-9.573519360000000000e+08 3.986139200000000000e+08 -1.210705040000000000e+08
-2.241112320000000000e+09 1.719073792000000000e+09 1.699460640000000000e+08
-1.694556288000000000e+09 1.222637824000000000e+09 -1.005259440000000000e+08
-1.189400064000000000e+09 6.404521600000000000e+08 -1.125745760000000000e+08
-3.784288256000000000e+09 4.025648128000000000e+09 5.292283840000000000e+08
-1.681367808000000000e+09 1.335210752000000000e+09 -1.766707200000000000e+08
-2.032720256000000000e+09 1.761472384000000000e+09 -1.286508080000000000e+08
-1.722677504000000000e+09 1.297208320000000000e+09 -1.186676000000000000e+08
-2.959533056000000000e+09 3.058350848000000000e+09 -7.509550720000000000e+08
-2.919051520000000000e+09 3.315305728000000000e+09 -9.368650880000000000e+08
-3.901444352000000000e+09 5.383761408000000000e+09 -5.296973824000000000e+09
-1.904387712000000000e+09 1.579604352000000000e+09 -9.546152800000000000e+07
-2.495827712000000000e+09 2.582073088000000000e+09 5.065740160000000000e+08
-1.486672256000000000e+09 1.665494272000000000e+09 -2.959686720000000000e+08
-1.273333100000000000e+07 -7.327052160000000000e+08 -7.851632800000000000e+07
-1.273333100000000000e+07 -7.327052160000000000e+08 -7.851632800000000000e+07
-1.273333100000000000e+07 -7.327052160000000000e+08 -7.851632800000000000e+07
-1.273333100000000000e+07 -7.327052160000000000e+08 -7.851632800000000000e+07
-1.273333100000000000e+07 -7.327052160000000000e+08 -7.851632800000000000e+07
-1.273333100000000000e+07 -7.327052160000000000e+08 -7.851632800000000000e+07
-1.273333100000000000e+07 -7.327052160000000000e+08 -7.851632800000000000e+07
4.720159200000000000e+07 -3.610566720000000000e+08 -1.146019040000000000e+08
-4.139185600000000000e+07 -3.761336000000000000e+08 -5.277635600000000000e+07
5.664491200000000000e+07 -3.536425600000000000e+08 -1.364408160000000000e+08
7.227241600000000000e+07 -4.368167040000000000e+08 -1.009904240000000000e+08
7.105419200000000000e+07 -3.935598400000000000e+08 -1.141190560000000000e+08
4.687067200000000000e+07 -3.861981120000000000e+08 -8.551508000000000000e+07
1.524489760000000000e+08 -3.739813120000000000e+08 -7.740258400000000000e+07
9.824760800000000000e+07 -4.224711040000000000e+08 -9.904146400000000000e+07
1.942520640000000000e+08 -4.438732800000000000e+08 -8.693995200000000000e+07
1.203308880000000000e+08 -4.729110080000000000e+08 -8.256531200000000000e+07
1.333093520000000000e+08 -3.935048000000000000e+08 -1.147738960000000000e+08
2.362680160000000000e+08 -3.316220480000000000e+08 -1.082827440000000000e+08
1.471237280000000000e+08 -4.062846080000000000e+08 -6.479532000000000000e+07
1.558115840000000000e+08 -4.148525120000000000e+08 -6.150323200000000000e+07
2.291364640000000000e+08 -3.671661120000000000e+08 -1.067239280000000000e+08
2.025474240000000000e+08 -3.768652800000000000e+08 -1.185599280000000000e+08
1.804042080000000000e+08 -4.106512320000000000e+08 -7.086368800000000000e+07
2.868887680000000000e+08 -2.599585760000000000e+08 -1.669208800000000000e+08
2.354874400000000000e+08 -3.419232320000000000e+08 -1.172572480000000000e+08
3.264820800000000000e+08 -2.289729600000000000e+08 -1.339401280000000000e+08
3.898081600000000000e+08 -2.176118880000000000e+08 -8.161025600000000000e+07
2.559829600000000000e+08 -3.761840000000000000e+08 -7.866721600000000000e+07
2.352622560000000000e+08 -3.596457920000000000e+08 -1.116323680000000000e+08
4.819610560000000000e+08 -1.325205920000000000e+08 -1.711906720000000000e+08
2.380346400000000000e+08 -3.891994560000000000e+08 -1.004248880000000000e+08
2.651793440000000000e+08 -3.627313280000000000e+08 -9.595070400000000000e+07
2.473779840000000000e+08 -3.338980800000000000e+08 -1.092979600000000000e+08
2.788472640000000000e+08 -3.417565120000000000e+08 -4.658710000000000000e+07
2.575524960000000000e+08 -3.605466560000000000e+08 -1.173537920000000000e+08
2.888573440000000000e+08 -3.223392640000000000e+08 -7.524680000000000000e+07
2.723336320000000000e+08 -3.598848000000000000e+08 -1.052412960000000000e+08
3.150908160000000000e+08 -2.787959680000000000e+08 -7.351475200000000000e+07
3.587038400000000000e+08 -2.604313120000000000e+08 -8.513210400000000000e+07
2.745768000000000000e+08 -3.451204480000000000e+08 -1.021106400000000000e+08
3.129087360000000000e+08 -2.702832320000000000e+08 -8.665547200000000000e+07
3.363252800000000000e+08 -2.683734720000000000e+08 -1.577080320000000000e+08
3.027228160000000000e+08 -3.222294080000000000e+08 -1.397372960000000000e+08
4.110481600000000000e+08 -2.672937120000000000e+08 -1.272712160000000000e+08
5.162655680000000000e+08 -1.488979520000000000e+08 -7.742280800000000000e+07
3.728249920000000000e+08 -2.862086720000000000e+08 -5.431764800000000000e+07
3.893615680000000000e+08 -2.655032000000000000e+08 -9.673049600000000000e+07
3.800254080000000000e+08 -2.877617920000000000e+08 -1.314441520000000000e+08
4.017302080000000000e+08 -2.416159680000000000e+08 -4.274270800000000000e+07
5.326550400000000000e+08 -1.567874720000000000e+08 -1.011777600000000000e+08
4.837556480000000000e+08 -2.106053760000000000e+08 -8.177849600000000000e+07
4.346589120000000000e+08 -2.595553120000000000e+08 -8.224297600000000000e+07
6.524469760000000000e+08 -8.666046400000000000e+07 8.898536800000000000e+07
5.218646400000000000e+08 -2.340682560000000000e+08 -1.007113440000000000e+08
4.305563840000000000e+08 -2.739666240000000000e+08 -6.923557600000000000e+07
4.451997120000000000e+08 -2.531132640000000000e+08 -9.673995200000000000e+07
8.456782080000000000e+08 1.282967520000000000e+08 -5.274672000000000000e+07
8.785251840000000000e+08 3.245792600000000000e+07 -2.409434400000000000e+07
4.658752000000000000e+08 -2.414898720000000000e+08 -1.129548800000000000e+08
7.557281920000000000e+08 -6.812363200000000000e+07 4.405891600000000000e+07
5.256047680000000000e+08 -2.094488000000000000e+08 5.461973120000000000e+08
7.187680000000000000e+08 2.370184000000000000e+06 -8.964223000000000000e+06
7.975637760000000000e+08 4.358779200000000000e+07 -2.702103040000000000e+08
4.445229440000000000e+08 -2.771912000000000000e+08 -5.364545600000000000e+07
7.838499200000000000e+08 -1.138540300000000000e+07 -6.405768000000000000e+07
1.198956544000000000e+09 3.479557760000000000e+08 1.515130400000000000e+08
6.202210560000000000e+08 -1.446678400000000000e+08 -1.199682240000000000e+08
7.649436800000000000e+08 -4.063117812500000000e+05 1.047094800000000000e+08
6.137956480000000000e+08 -1.461322720000000000e+08 -5.920024800000000000e+07
5.833789440000000000e+08 -1.417315200000000000e+08 -8.422988000000000000e+07
6.947324160000000000e+08 -8.808504800000000000e+07 -6.096644800000000000e+07
8.781400320000000000e+08 1.189466960000000000e+08 -1.163762720000000000e+08
7.783139200000000000e+08 1.820394000000000000e+07 -1.068130800000000000e+08
9.640217600000000000e+08 1.700185760000000000e+08 -1.749593440000000000e+08
1.024169920000000000e+09 2.030965920000000000e+08 -1.330434240000000000e+08
9.619332480000000000e+08 2.049063520000000000e+08 -9.820576000000000000e+07
1.674139904000000000e+09 6.934412800000000000e+08 5.318698496000000000e+09
6.728150400000000000e+08 -8.896136800000000000e+07 -8.060439200000000000e+07
8.665230720000000000e+08 8.140091200000000000e+07 -1.015452560000000000e+08
1.286847744000000000e+09 4.573430400000000000e+08 -2.645296800000000000e+08
1.290090496000000000e+09 5.764101760000000000e+08 -1.554178080000000000e+08
1.098206208000000000e+09 3.630646400000000000e+08 -4.528160800000000000e+07
1.128125056000000000e+09 2.937426560000000000e+08 -2.048191000000000000e+07
8.343757440000000000e+08 6.581953200000000000e+07 -8.424862400000000000e+07
9.607957760000000000e+08 1.683401760000000000e+08 -1.886905440000000000e+08
1.414479872000000000e+09 5.691834880000000000e+08 1.314741040000000000e+08
1.635644416000000000e+09 7.636368000000000000e+08 -3.398059840000000000e+08
9.972019840000000000e+08 1.926544800000000000e+08 -1.892895680000000000e+08
1.297033728000000000e+09 4.500565440000000000e+08 4.273360320000000000e+08
1.125515904000000000e+09 2.857934720000000000e+08 -4.162854000000000000e+07
1.429387648000000000e+09 6.530476160000000000e+08 -4.593921280000000000e+08
1.496130560000000000e+09 5.670272640000000000e+08 -2.071936640000000000e+08
1.655665024000000000e+09 8.444885760000000000e+08 -4.354308160000000000e+08
1.437587200000000000e+09 6.166883200000000000e+08 -3.964969280000000000e+08
1.261701120000000000e+09 4.014184000000000000e+08 -1.921156640000000000e+08
3.869378048000000000e+09 3.067859456000000000e+09 -1.590766336000000000e+09
1.353331200000000000e+09 6.193848320000000000e+08 -2.921197760000000000e+08
1.711878912000000000e+09 8.762051840000000000e+08 -3.030392320000000000e+08
1.596090880000000000e+09 8.005678080000000000e+08 3.076011840000000000e+08
2.080674560000000000e+09 1.308100864000000000e+09 -3.841002880000000000e+08
1.887453056000000000e+09 9.502380800000000000e+08 -1.872709760000000000e+08
2.519377920000000000e+09 1.479541760000000000e+09 1.151612928000000000e+09
2.133706880000000000e+09 1.236304896000000000e+09 -2.676531520000000000e+08
2.813509888000000000e+09 1.936926336000000000e+09 -7.015392640000000000e+08
1.411806720000000000e+09 6.234179200000000000e+08 -3.254329920000000000e+08
2.366556928000000000e+09 1.550128640000000000e+09 -3.721794560000000000e+08
2.476722176000000000e+09 1.675669248000000000e+09 -2.813351040000000000e+08
2.204397312000000000e+09 1.400746496000000000e+09 -1.096354560000000000e+08
2.224790784000000000e+09 1.449553280000000000e+09 -5.005411600000000000e+07
-1.273333100000000000e+07 -7.327052160000000000e+08 -7.851632800000000000e+07
-1.273333100000000000e+07 -7.327052160000000000e+08 -7.851632800000000000e+07
-1.273333100000000000e+07 -7.327052160000000000e+08 -7.851632800000000000e+07
-1.273333100000000000e+07 -7.327052160000000000e+08 -7.851632800000000000e+07
-1.273333100000000000e+07 -7.327052160000000000e+08 -7.851632800000000000e+07
-1.273333100000000000e+07 -7.327052160000000000e+08 -7.851632800000000000e+07
-1.273333100000000000e+07 -7.327052160000000000e+08 -7.851632800000000000e+07
-1.273333100000000000e+07 -7.327052160000000000e+08 -7.851632800000000000e+07
2.860173312000000000e+09 2.224956160000000000e+09 -6.719632640000000000e+08
2.482136576000000000e+09 1.745894016000000000e+09 -7.738386560000000000e+08
1.295288576000000000e+09 5.764580480000000000e+08 -1.146653440000000000e+08
3.129492736000000000e+09 2.299868928000000000e+09 4.658364416000000000e+09
1.741957248000000000e+09 1.039930176000000000e+09 -4.199009920000000000e+08
1.757142656000000000e+09 9.972838400000000000e+08 -3.035172480000000000e+08
1.359574912000000000e+09 6.111040000000000000e+08 -3.282686080000000000e+08
3.584270592000000000e+09 3.116036352000000000e+09 -1.624558208000000000e+09
2.822909696000000000e+09 2.240208384000000000e+09 -5.601972480000000000e+08
3.372320512000000000e+09 2.626057728000000000e+09 -7.406924160000000000e+08
2.932405504000000000e+09 2.078186240000000000e+09 -5.400306560000000000e+08
2.704009472000000000e+09 1.965523456000000000e+09 4.277545600000000000e+07
1.303842688000000000e+09 5.352356800000000000e+08 7.983677600000000000e+07
1.203180672000000000e+09 4.410845120000000000e+08 -8.424444000000000000e+07
1.406274432000000000e+09 5.976820480000000000e+08 -2.740139520000000000e+08
2.143542400000000000e+09 1.340990720000000000e+09 1.852597376000000000e+09
1.493829376000000000e+09 6.776714240000000000e+08 -2.089632000000000000e+08
2.327000064000000000e+09 1.430060416000000000e+09 -5.597361920000000000e+08
1.179226752000000000e+09 3.593320640000000000e+08 -1.247509840000000000e+08
1.019645696000000000e+09 2.510173120000000000e+08 -2.070736320000000000e+08
1.069409664000000000e+09 3.035681600000000000e+08 -2.500453120000000000e+08
1.004866944000000000e+09 2.241725760000000000e+08 -8.821822400000000000e+07
8.494011520000000000e+08 7.079829600000000000e+07 -1.681488160000000000e+08
1.025229568000000000e+09 2.263068160000000000e+08 -2.128691680000000000e+08
1.269801728000000000e+09 4.340284160000000000e+08 -3.055344000000000000e+08
1.302349568000000000e+09 4.914213760000000000e+08 -3.616790080000000000e+08
8.095195520000000000e+08 4.610433600000000000e+07 -2.268103520000000000e+08
8.264007040000000000e+08 1.000347280000000000e+08 -2.538506560000000000e+08
6.503232000000000000e+08 -6.885525600000000000e+07 -1.788530720000000000e+08
5.163250560000000000e+08 -1.750102240000000000e+08 -1.376160000000000000e+08
5.963445760000000000e+08 -1.162576320000000000e+08 -1.699913920000000000e+08
6.876277760000000000e+08 1.072330800000000000e+07 -2.577016320000000000e+08
8.859290240000000000e+08 1.936530880000000000e+08 -2.759536000000000000e+08
6.571703680000000000e+08 -2.179397200000000000e+07 -1.842998720000000000e+08
4.938328000000000000e+08 -1.742769120000000000e+08 -3.712023200000000000e+07
1.118624128000000000e+09 3.981848640000000000e+08 -4.802679680000000000e+08
8.762734080000000000e+08 1.470908320000000000e+08 -2.414471360000000000e+08
1.068515584000000000e+09 3.080182080000000000e+08 -1.740225600000000000e+08
6.928288640000000000e+08 -3.830792400000000000e+07 -2.680369800000000000e+07
6.300108160000000000e+08 -9.500708800000000000e+07 -1.119370640000000000e+08
6.874434560000000000e+08 -3.119821600000000000e+07 -1.955969440000000000e+08
7.718179200000000000e+08 -3.354415000000000000e+07 -2.171587400000000000e+07
6.481769600000000000e+08 -5.832158400000000000e+07 -1.059384240000000000e+08
8.089121280000000000e+08 7.942120000000000000e+07 3.673338240000000000e+08
5.872978560000000000e+08 -1.267571280000000000e+08 -1.081822080000000000e+08
8.494359680000000000e+08 9.690190400000000000e+07 -1.234996480000000000e+08
6.760659200000000000e+08 -7.215680800000000000e+07 1.487118600000000000e+07
8.144161280000000000e+08 5.359459600000000000e+07 7.474697600000000000e+08
4.911739840000000000e+08 -2.096645120000000000e+08 -7.966374400000000000e+07
6.124949760000000000e+08 -1.310289600000000000e+08 -1.154895920000000000e+08
5.522638720000000000e+08 -1.594168640000000000e+08 -1.488492320000000000e+08
6.621312640000000000e+08 -7.943721600000000000e+07 -1.491125600000000000e+08
5.207131840000000000e+08 -2.029712320000000000e+08 -6.483180000000000000e+07
4.966231680000000000e+08 -2.349614880000000000e+08 -1.197348480000000000e+08
4.864527360000000000e+08 -2.280949120000000000e+08 -5.249523200000000000e+07
7.975912320000000000e+08 1.746665600000000000e+07 7.581224960000000000e+08
6.318901120000000000e+08 -7.413393600000000000e+07 -1.011344640000000000e+08
5.204712960000000000e+08 -2.054269440000000000e+08 -5.484525600000000000e+07
4.187720640000000000e+08 -2.400300800000000000e+08 -1.221610960000000000e+08
5.140702400000000000e+08 -1.704530880000000000e+08 -1.154007360000000000e+08
5.502396160000000000e+08 -1.324340720000000000e+08 -1.234386240000000000e+08
4.568829120000000000e+08 -2.175366720000000000e+08 -8.637503200000000000e+07
5.382359680000000000e+08 -1.679759200000000000e+08 -1.658066000000000000e+06
7.065690240000000000e+08 -8.118321000000000000e+06 -5.862100400000000000e+07
5.347563520000000000e+08 -1.642840480000000000e+08 1.221379400000000000e+07
6.195898880000000000e+08 -4.566279600000000000e+07 -1.870187840000000000e+08
4.417064000000000000e+08 -2.297028480000000000e+08 9.109645600000000000e+07
6.135078400000000000e+08 -1.192232320000000000e+08 2.326290200000000000e+07
4.792044480000000000e+08 -1.950031840000000000e+08 1.856780160000000000e+08
4.465423680000000000e+08 -2.050518720000000000e+08 -5.909358800000000000e+07
5.256164160000000000e+08 -1.493594720000000000e+08 -1.240064080000000000e+08
3.831200640000000000e+08 -2.763044160000000000e+08 -9.596522400000000000e+07
3.471196160000000000e+08 -3.209495680000000000e+08 1.615977800000000000e+07
3.968342720000000000e+08 -2.807583680000000000e+08 -8.049925600000000000e+07
4.486392320000000000e+08 -1.992043840000000000e+08 -2.750769000000000000e+07
4.610692160000000000e+08 -1.700290240000000000e+08 -1.208914560000000000e+08
4.362587840000000000e+08 -1.827277600000000000e+08 -4.824934800000000000e+07
7.440381440000000000e+08 1.086677760000000000e+08 4.644610560000000000e+08
4.648102080000000000e+08 -1.738108480000000000e+08 -4.277057200000000000e+07
3.814448000000000000e+08 -2.724299520000000000e+08 -2.671365600000000000e+07
3.930515200000000000e+08 -2.352877280000000000e+08 -5.973664800000000000e+07
4.441371840000000000e+08 -1.889665120000000000e+08 1.452678300000000000e+07
4.098966400000000000e+08 -2.410569440000000000e+08 -6.212022800000000000e+07
4.106761600000000000e+08 -2.633229920000000000e+08 -3.318416800000000000e+07
3.611496000000000000e+08 -2.952772480000000000e+08 3.391911200000000000e+07
4.081797760000000000e+08 -2.245499840000000000e+08 -1.152620640000000000e+08
3.052072000000000000e+08 -3.488027840000000000e+08 -8.504792800000000000e+07
3.012550400000000000e+08 -3.238400960000000000e+08 -8.190569600000000000e+07
5.120657600000000000e+08 -1.764454560000000000e+08 2.279971600000000000e+07
3.116351360000000000e+08 -3.295143040000000000e+08 -4.046754800000000000e+07
3.791660160000000000e+08 -2.645516960000000000e+08 -8.244034400000000000e+07
2.936367680000000000e+08 -2.818792000000000000e+08 -2.224128750000000000e+06
2.976593920000000000e+08 -3.172885760000000000e+08 -5.253010800000000000e+07
3.226061120000000000e+08 -2.542525280000000000e+08 9.436218400000000000e+07
4.293219200000000000e+08 -2.392470400000000000e+08 6.388237600000000000e+07
2.791628160000000000e+08 -3.065337280000000000e+08 -5.646722000000000000e+07
2.924137600000000000e+08 -3.150010880000000000e+08 2.601016000000000000e+07
2.428808000000000000e+08 -3.249408000000000000e+08 -7.483851200000000000e+07
6.065608320000000000e+08 1.514540000000000000e+08 -8.861467200000000000e+07
2.010178080000000000e+08 -3.248881920000000000e+08 -6.361359200000000000e+07
2.836818560000000000e+08 -2.637357920000000000e+08 -9.112566400000000000e+07
2.212617920000000000e+08 -3.429961920000000000e+08 -5.641595200000000000e+07
2.800662400000000000e+08 -2.464432160000000000e+08 -5.075988800000000000e+07
2.026977920000000000e+08 -3.057847360000000000e+08 -9.196153600000000000e+07
2.541931520000000000e+08 -2.761591680000000000e+08 3.095439800000000000e+07
1.360816160000000000e+08 -4.248778880000000000e+08 -6.434915200000000000e+07
1.404671520000000000e+08 -3.949324160000000000e+08 -8.101678400000000000e+07
1.479058080000000000e+08 -3.705588480000000000e+08 -7.552700800000000000e+07
1.735047520000000000e+08 -3.086416960000000000e+08 -4.091149600000000000e+07
1.378589280000000000e+08 -3.829413760000000000e+08 -7.282592800000000000e+07
1.756798080000000000e+08 -3.157539200000000000e+08 -7.425264800000000000e+07
1.234484000000000000e+08 -3.816653760000000000e+08 -9.632984000000000000e+07
1.260412000000000000e+08 -3.586896640000000000e+08 -9.856169600000000000e+07
1.109789040000000000e+08 -3.826274880000000000e+08 -7.995001600000000000e+07
1.117901760000000000e+08 -3.666765120000000000e+08 -7.708236000000000000e+07
8.583142400000000000e+07 -4.037048320000000000e+08 -7.322303200000000000e+07
1.350271200000000000e+08 -3.599529920000000000e+08 -7.918192800000000000e+07
7.599024000000000000e+07 -3.308263680000000000e+08 -8.727644800000000000e+07
5.831685600000000000e+07 -3.917666880000000000e+08 -8.202452800000000000e+07
9.447822400000000000e+07 -3.192341120000000000e+08 -7.823355200000000000e+07
5.011956800000000000e+07 -2.923690880000000000e+08 -1.030408720000000000e+08
1.777460600000000000e+07 -2.723672960000000000e+08 -1.019580080000000000e+08
2.917943000000000000e+07 -3.009058560000000000e+08 -7.514267200000000000e+07
2.336196200000000000e+07 -3.108352320000000000e+08 -1.137004480000000000e+08
1.594205600000000000e+07 -3.986669120000000000e+08 -1.011972240000000000e+08
1.504681700000000000e+07 -3.742832640000000000e+08 -8.931824800000000000e+07
-3.036701200000000000e+07 -2.998471040000000000e+08 -1.071020640000000000e+08
2.315648600000000000e+07 -2.722249280000000000e+08 -1.146546400000000000e+08
-8.288512800000000000e+07 -1.503505280000000000e+08 -1.207225120000000000e+08
4.857267600000000000e+07 2.324799680000000000e+08 -1.973393600000000000e+08
-1.491752000000000000e+08 -5.086754560000000000e+08 -9.592440800000000000e+07
-1.846018560000000000e+08 -4.586440640000000000e+08 -9.785029600000000000e+07
