-1.273333000000000000e+07 -7.327064320000000000e+08 -7.808873600000000000e+07
-1.273333000000000000e+07 -7.327064320000000000e+08 -7.808873600000000000e+07
-1.273333000000000000e+07 -7.327064320000000000e+08 -7.808873600000000000e+07
-1.273333000000000000e+07 -7.327064320000000000e+08 -7.808873600000000000e+07
-1.273333000000000000e+07 -7.327064320000000000e+08 -7.808873600000000000e+07
-1.895406336000000000e+09 1.332929024000000000e+09 1.115126640000000000e+08
-1.433073152000000000e+09 8.527706240000000000e+08 1.223915920000000000e+08
-1.660584704000000000e+09 1.357680512000000000e+09 4.616620160000000000e+08
-2.931809792000000000e+09 2.734232064000000000e+09 7.634862080000000000e+08
-2.238047488000000000e+09 1.572624896000000000e+09 4.528316800000000000e+08
-1.407657856000000000e+09 7.239739520000000000e+08 1.664225280000000000e+08
-9.815135360000000000e+08 3.056809920000000000e+08 4.229193600000000000e+07
-1.008185792000000000e+09 3.354164160000000000e+08 7.147608800000000000e+07
-1.539385088000000000e+09 8.982245760000000000e+08 2.411897440000000000e+08
-1.420166272000000000e+09 8.246813440000000000e+08 7.868623200000000000e+07
-1.915867264000000000e+09 1.459866880000000000e+09 7.874154240000000000e+08
-1.019762304000000000e+09 3.680316160000000000e+08 8.318287200000000000e+07
-8.469572480000000000e+08 1.506740640000000000e+08 2.336089600000000000e+07
-7.664785920000000000e+08 9.427536000000000000e+07 1.566052000000000000e+07
-1.671991808000000000e+09 8.782307200000000000e+08 2.414577920000000000e+08
-1.093891072000000000e+09 3.649794560000000000e+08 1.633188000000000000e+08
-1.310468992000000000e+09 5.287154880000000000e+08 1.836378560000000000e+08
-1.225954304000000000e+09 5.006622720000000000e+08 8.114620800000000000e+07
-1.407959040000000000e+09 6.416181120000000000e+08 2.592853600000000000e+08
-1.510227840000000000e+09 8.449081600000000000e+08 2.916683840000000000e+08
-1.498690944000000000e+09 7.788956160000000000e+08 1.074444240000000000e+08
-1.077386496000000000e+09 3.609030080000000000e+08 1.337099920000000000e+08
-1.189405696000000000e+09 5.587486720000000000e+08 2.929344320000000000e+08
-2.364240896000000000e+09 1.981395200000000000e+09 7.323660800000000000e+08
-1.373315456000000000e+09 6.867319040000000000e+08 5.230480400000000000e+07
-1.149397248000000000e+09 4.331505280000000000e+08 1.077846080000000000e+08
-1.247112192000000000e+09 5.228112960000000000e+08 2.222969760000000000e+08
-1.627617024000000000e+09 1.072139008000000000e+09 5.386391680000000000e+08
-2.032256000000000000e+09 1.330866944000000000e+09 4.966817600000000000e+08
-1.095928064000000000e+09 3.998282880000000000e+08 3.479020400000000000e+07
-1.520247040000000000e+09 9.695747840000000000e+08 9.866495200000000000e+07
-8.428344320000000000e+08 1.823270560000000000e+08 1.481092320000000000e+08
-9.601463680000000000e+08 2.563426080000000000e+08 1.209957840000000000e+08
-1.467360128000000000e+09 6.879909760000000000e+08 3.336582080000000000e+08
-8.493142400000000000e+08 1.730734240000000000e+08 7.056344000000000000e+07
-1.382897280000000000e+09 6.765427200000000000e+08 1.590121760000000000e+08
-1.060083328000000000e+09 3.929783680000000000e+08 3.200612480000000000e+08
-7.823154560000000000e+08 1.034338800000000000e+08 8.704253600000000000e+07
-1.198091520000000000e+09 3.993048000000000000e+08 2.183191360000000000e+08
-1.498542976000000000e+09 7.413445120000000000e+08 2.439633280000000000e+08
-1.430394624000000000e+09 6.852032640000000000e+08 1.125152480000000000e+08
-9.216568320000000000e+08 2.395260480000000000e+08 8.408991200000000000e+07
-9.623841280000000000e+08 2.315566400000000000e+08 2.696675520000000000e+08
-9.707451520000000000e+08 2.205668000000000000e+08 1.184474080000000000e+08
-1.212662784000000000e+09 5.316095680000000000e+08 1.753126720000000000e+08
-1.527429376000000000e+09 7.713403520000000000e+08 2.893944960000000000e+08
-2.006050944000000000e+09 1.356278016000000000e+09 9.207941760000000000e+08
-1.471534720000000000e+09 7.301506560000000000e+08 1.974206080000000000e+08
-1.561505152000000000e+09 8.148722560000000000e+08 2.656792480000000000e+08
-8.374414720000000000e+08 1.365677920000000000e+08 8.595732800000000000e+07
-8.833078400000000000e+08 1.765591360000000000e+08 9.072551200000000000e+07
-1.728090496000000000e+09 1.018443776000000000e+09 3.825510080000000000e+08
-1.135086080000000000e+09 4.222315840000000000e+08 1.510801600000000000e+08
-9.488007040000000000e+08 2.690027520000000000e+08 9.479033600000000000e+07
-1.150528000000000000e+09 4.410917760000000000e+08 1.540284960000000000e+08
-2.071132416000000000e+09 1.334889472000000000e+09 7.132318080000000000e+08
-1.218577152000000000e+09 4.717576640000000000e+08 2.008010560000000000e+08
-7.395214720000000000e+08 1.069338640000000000e+08 1.143527360000000000e+08
-7.508707840000000000e+08 1.250749680000000000e+08 1.156246960000000000e+08
-6.555388160000000000e+08 1.094271600000000000e+07 9.014011200000000000e+07
-1.164731776000000000e+09 4.211013120000000000e+08 2.047839360000000000e+08
-7.714683520000000000e+08 1.439921920000000000e+08 6.814093600000000000e+07
-6.640289920000000000e+08 2.878425000000000000e+07 6.456708400000000000e+07
-1.046184320000000000e+09 3.664808960000000000e+08 2.383083360000000000e+08
-7.837697920000000000e+08 1.144553440000000000e+08 8.166704000000000000e+07
-1.358126592000000000e+09 6.409384960000000000e+08 2.767169600000000000e+08
-9.369799680000000000e+08 2.190329760000000000e+08 1.470216960000000000e+08
-1.046460032000000000e+09 3.355778560000000000e+08 2.821758720000000000e+08
-8.606064640000000000e+08 2.248038240000000000e+08 1.046304400000000000e+08
-1.141978624000000000e+09 3.813607360000000000e+08 3.095749440000000000e+08
-1.370514560000000000e+09 6.723290240000000000e+08 6.874367200000000000e+07
-8.571653760000000000e+08 1.842387840000000000e+08 1.347707040000000000e+08
-6.985644800000000000e+08 5.181043200000000000e+07 1.089112400000000000e+08
-1.074248960000000000e+09 3.891504640000000000e+08 2.023352320000000000e+08
-8.720171520000000000e+08 1.623512640000000000e+08 1.487323360000000000e+08
-1.058793344000000000e+09 3.567939840000000000e+08 2.522614720000000000e+08
-6.993354880000000000e+08 5.405822000000000000e+07 1.005311840000000000e+08
-5.734228480000000000e+08 -5.870430800000000000e+07 1.114330640000000000e+08
-9.003531520000000000e+08 2.252853120000000000e+08 2.079620160000000000e+08
-1.076121472000000000e+09 4.127469440000000000e+08 2.231579840000000000e+08
-9.462953600000000000e+08 3.692910080000000000e+08 2.847229120000000000e+08
-7.102049920000000000e+08 1.541007520000000000e+08 1.341051680000000000e+08
-1.149920768000000000e+09 4.617407680000000000e+08 2.677637600000000000e+08
-9.382083200000000000e+08 2.631325440000000000e+08 2.004192000000000000e+08
-5.656610560000000000e+08 -8.858273600000000000e+07 8.963392000000000000e+07
-7.267304320000000000e+08 -1.808260400000000000e+07 1.205030000000000000e+08
-6.517342720000000000e+08 -2.676029400000000000e+07 1.999413120000000000e+08
-8.572716160000000000e+08 2.063645440000000000e+08 1.519290400000000000e+08
-8.981473280000000000e+08 1.845003680000000000e+08 2.551086720000000000e+08
-5.405228800000000000e+08 -9.615796800000000000e+07 8.021300000000000000e+07
-8.519984640000000000e+08 1.690750560000000000e+08 1.729566720000000000e+08
-1.394553344000000000e+09 6.956247680000000000e+08 2.343875680000000000e+08
-7.361998080000000000e+08 6.837768800000000000e+07 1.326433760000000000e+08
-7.013603200000000000e+08 4.468464800000000000e+07 1.448831840000000000e+08
-1.371621888000000000e+09 5.970112000000000000e+08 4.153340160000000000e+08
-1.008134784000000000e+09 2.884261760000000000e+08 1.892920960000000000e+08
-1.215654912000000000e+09 5.399640320000000000e+08 2.159084960000000000e+08
-7.100630400000000000e+08 -2.085009400000000000e+07 1.121658080000000000e+08
-4.393014720000000000e+08 -2.011024640000000000e+08 5.597819200000000000e+07
-1.428001408000000000e+09 6.373526400000000000e+08 2.123135840000000000e+08
-7.736209920000000000e+08 1.615263360000000000e+08 1.644559360000000000e+08
-1.021146944000000000e+09 3.513414080000000000e+08 2.785451520000000000e+08
-8.205859200000000000e+08 9.836738400000000000e+07 2.092327040000000000e+08
-9.442526720000000000e+08 2.704027200000000000e+08 2.686136960000000000e+08
-5.713427200000000000e+08 -1.046955040000000000e+08 1.338130400000000000e+08
-6.756794240000000000e+08 -1.239458800000000000e+07 1.736908640000000000e+08
-5.479352960000000000e+08 -8.107520000000000000e+07 1.050764880000000000e+08
-1.116720640000000000e+09 4.669328000000000000e+08 3.052442560000000000e+08
-8.706657920000000000e+08 1.896570240000000000e+08 1.052394240000000000e+08
-1.025391552000000000e+09 2.640149280000000000e+08 2.256238080000000000e+08
-9.147777920000000000e+08 2.366376160000000000e+08 2.392994560000000000e+08
-6.593336320000000000e+08 1.447651500000000000e+07 1.609950720000000000e+08
-4.606170560000000000e+08 -1.747382240000000000e+08 1.784183840000000000e+08
-5.807735040000000000e+08 -2.927158400000000000e+07 1.523109280000000000e+08
-6.220385920000000000e+08 -6.355322500000000000e+06 1.007196160000000000e+08
-6.811450240000000000e+08 3.054866800000000000e+07 1.224380800000000000e+08
-7.170540160000000000e+08 6.401048400000000000e+07 2.207345120000000000e+08
-5.220644480000000000e+08 -7.538828800000000000e+07 1.283604800000000000e+08
-6.840147840000000000e+08 2.394163800000000000e+07 1.154581360000000000e+08
-7.694808960000000000e+08 1.346409600000000000e+08 2.667190240000000000e+08
-7.065632640000000000e+08 -2.294295750000000000e+06 1.707132160000000000e+08
-7.421411840000000000e+08 8.128113600000000000e+07 2.177452800000000000e+08
-4.395591680000000000e+08 -1.697346400000000000e+08 1.044698160000000000e+08
-4.084977280000000000e+08 -1.824604640000000000e+08 9.342050400000000000e+07
-4.654348800000000000e+08 -1.839954080000000000e+08 1.556557760000000000e+08
-6.538589440000000000e+08 6.563572800000000000e+07 1.872412480000000000e+08
-1.088113024000000000e+09 4.823565120000000000e+08 1.287139280000000000e+08
-5.997841920000000000e+08 1.786898720000000000e+08 3.235384960000000000e+08
-6.601521920000000000e+08 7.516648500000000000e+06 2.181472000000000000e+08
-5.439510400000000000e+08 -5.230175500000000000e+06 1.576406720000000000e+08
-4.356069440000000000e+08 -1.627098240000000000e+08 9.174975200000000000e+07
-5.363755200000000000e+08 -7.069278400000000000e+07 6.887698400000000000e+07
-1.038607552000000000e+09 4.878369600000000000e+08 3.485526400000000000e+08
-6.879060480000000000e+08 1.330570080000000000e+08 1.568903680000000000e+08
-4.985871680000000000e+08 -8.109894400000000000e+07 8.320402000000000000e+06
-4.941254400000000000e+08 -1.737066000000000000e+06 1.678642720000000000e+08
-4.201068800000000000e+08 -9.759663200000000000e+07 1.295247440000000000e+08
-3.751482880000000000e+08 -1.991824960000000000e+08 6.955018400000000000e+07
-4.997246080000000000e+08 -6.996817600000000000e+07 -1.584984125000000000e+06
-3.719757440000000000e+08 -2.305973920000000000e+08 4.623100800000000000e+07
-4.778552320000000000e+08 -1.218095760000000000e+08 8.704044800000000000e+07
-4.253866240000000000e+08 -1.467604320000000000e+08 7.787600800000000000e+07
-4.774695680000000000e+08 -7.901253600000000000e+07 1.007520160000000000e+08
-4.718093440000000000e+08 -7.682092000000000000e+07 1.008219200000000000e+08
-5.058656000000000000e+08 -8.258913600000000000e+07 1.421878880000000000e+08
-4.135272960000000000e+08 -1.693501280000000000e+08 7.740614400000000000e+07
-5.183950080000000000e+08 -6.489895200000000000e+07 1.238465920000000000e+08
-7.889016960000000000e+08 2.463820000000000000e+08 4.602952000000000000e+08
-5.230433920000000000e+08 -1.616299400000000000e+07 1.552518080000000000e+08
-4.604937600000000000e+08 -8.073512800000000000e+07 1.860854880000000000e+08
-7.597690880000000000e+08 2.411463520000000000e+08 2.257574880000000000e+08
-9.560697600000000000e+08 4.843974720000000000e+08 2.755250560000000000e+08
-4.307961280000000000e+08 -1.132238160000000000e+08 8.437732000000000000e+07
-4.938366400000000000e+08 -7.997192800000000000e+07 1.282607920000000000e+08
-4.199682560000000000e+08 -1.581663200000000000e+08 1.114788400000000000e+08
-5.429556480000000000e+08 -8.063337600000000000e+07 1.289669280000000000e+08
-4.524203200000000000e+08 -1.279549300000000000e+07 8.155420000000000000e+07
-3.068521920000000000e+08 -2.408118080000000000e+08 7.553726400000000000e+07
-3.697066240000000000e+08 -1.239624960000000000e+08 1.023520240000000000e+08
-3.221475840000000000e+08 -1.615662880000000000e+08 1.128417120000000000e+08
-5.399862400000000000e+08 -3.025375000000000000e+07 1.094327280000000000e+08
-5.225245760000000000e+08 -8.345133750000000000e+05 1.715001600000000000e+08
-3.658111680000000000e+08 -1.874438240000000000e+08 9.421696800000000000e+07
-3.103118400000000000e+08 -2.017231040000000000e+08 1.064351760000000000e+08
-8.189810560000000000e+08 2.674519840000000000e+08 6.777737600000000000e+08
-3.735834880000000000e+08 -1.673384000000000000e+08 6.007874000000000000e+07
-2.898486720000000000e+08 -2.763317440000000000e+08 5.080255200000000000e+07
-3.276323520000000000e+08 -2.277968480000000000e+08 7.395526400000000000e+07
-5.812999040000000000e+08 7.100221600000000000e+07 2.154655840000000000e+08
-4.741329600000000000e+08 -9.993080000000000000e+07 1.081114400000000000e+08
-4.394557120000000000e+08 -1.074082160000000000e+08 1.436577440000000000e+08
-3.311433920000000000e+08 -2.120537920000000000e+08 7.617583200000000000e+07
-4.767982080000000000e+08 -7.446120000000000000e+07 1.502286720000000000e+08
-5.034154880000000000e+08 -1.904795000000000000e+07 1.049602800000000000e+08
-3.355200960000000000e+08 -1.817361920000000000e+08 1.374497440000000000e+08
-4.504411200000000000e+08 -7.073909600000000000e+07 5.274986800000000000e+07
-2.693130880000000000e+08 -2.517504320000000000e+08 5.940549200000000000e+07
-4.831722880000000000e+08 -1.249328000000000000e+08 1.496489440000000000e+08
-2.240842880000000000e+08 -3.341996160000000000e+08 4.703653200000000000e+07
-4.101235520000000000e+08 -1.158738480000000000e+08 9.706355000000000000e+06
-4.655019840000000000e+08 -1.202976000000000000e+08 1.659672320000000000e+08
-3.272431360000000000e+08 -2.327457920000000000e+08 4.200588000000000000e+07
-3.294640640000000000e+08 -2.168894400000000000e+08 6.003880000000000000e+07
-2.896271040000000000e+08 -2.663860000000000000e+08 3.737224400000000000e+07
-3.533666560000000000e+08 -2.721113920000000000e+08 4.312346000000000000e+07
-5.445239680000000000e+08 -7.563241600000000000e+07 1.737768800000000000e+08
-2.716611520000000000e+08 -2.216464480000000000e+08 5.302726000000000000e+07
-6.423419520000000000e+08 4.036036800000000000e+07 8.071466400000000000e+07
-4.144623360000000000e+08 -1.078529440000000000e+08 1.733780960000000000e+08
-3.483279040000000000e+08 -2.333214080000000000e+08 8.945359200000000000e+07
-5.333690880000000000e+08 -1.428624960000000000e+08 1.474150400000000000e+08
-3.390638080000000000e+08 -2.388211680000000000e+08 7.451463200000000000e+07
-3.552649600000000000e+08 -1.532773760000000000e+08 7.617141600000000000e+07
-6.998902400000000000e+08 2.591849920000000000e+08 2.545486560000000000e+08
-2.451810720000000000e+08 -1.927638080000000000e+08 1.579295680000000000e+08
-2.558423040000000000e+08 -2.691843520000000000e+08 6.690265600000000000e+07
-3.912776960000000000e+08 -9.012369600000000000e+07 9.461281600000000000e+07
-2.856308800000000000e+08 -2.387689280000000000e+08 1.171712400000000000e+08
-2.295893600000000000e+08 -3.156986560000000000e+08 1.772272000000000000e+07
-3.174854080000000000e+08 -1.501249600000000000e+08 1.042104800000000000e+08
-3.730532480000000000e+08 -1.887650720000000000e+08 6.830120800000000000e+07
-3.451423040000000000e+08 -1.930150240000000000e+08 9.200625600000000000e+07
-3.284093760000000000e+08 -1.335923200000000000e+08 1.355292320000000000e+08
-2.613158400000000000e+08 -2.874650560000000000e+08 4.416959600000000000e+07
-2.484694560000000000e+08 -3.054007680000000000e+08 9.572646000000000000e+06
-3.466355520000000000e+08 4.645869200000000000e+07 7.012938240000000000e+08
-2.646011040000000000e+08 -2.546033440000000000e+08 4.624380000000000000e+07
-3.668839360000000000e+08 -1.859611520000000000e+08 6.924769600000000000e+07
-3.623435840000000000e+08 -1.645394880000000000e+08 6.566789200000000000e+07
-2.887374400000000000e+08 -2.187563840000000000e+08 7.004055200000000000e+07
-1.965639040000000000e+08 -2.734832000000000000e+08 1.473940320000000000e+08
-2.278774560000000000e+08 -2.121986400000000000e+08 7.800786400000000000e+07
-3.652406400000000000e+08 -1.753992800000000000e+08 5.154142400000000000e+07
-2.249941600000000000e+08 -3.014470720000000000e+08 3.138773600000000000e+07
-2.441938880000000000e+08 -2.192598720000000000e+08 7.622285600000000000e+07
-2.636591520000000000e+08 -2.343652000000000000e+08 9.331757600000000000e+07
-3.758810240000000000e+08 -1.085656560000000000e+08 2.047401600000000000e+08
-1.256299520000000000e+08 -3.596235200000000000e+08 1.039822080000000000e+08
-2.189549760000000000e+08 -2.992734720000000000e+08 3.240752200000000000e+07
-1.404786240000000000e+08 -3.566313920000000000e+08 4.972636000000000000e+07
-1.442392960000000000e+08 -3.498199040000000000e+08 1.635385200000000000e+07
-1.304361360000000000e+08 -3.577428160000000000e+08 2.486666200000000000e+07
-1.219668160000000000e+08 -4.008299840000000000e+08 2.045116800000000000e+07
-4.847272000000000000e+08 -4.710613200000000000e+07 2.292592800000000000e+08
-1.695253920000000000e+08 -3.013968960000000000e+08 4.168082400000000000e+07
-2.895286400000000000e+08 -1.764242720000000000e+08 7.652704000000000000e+07
-2.146827680000000000e+08 -2.738258240000000000e+08 3.137748400000000000e+07
-2.122414560000000000e+08 -2.899163200000000000e+08 9.522481600000000000e+07
-1.808098240000000000e+08 -2.614145760000000000e+08 3.705495200000000000e+07
-1.415038400000000000e+08 -3.456390720000000000e+08 3.186136400000000000e+07
-1.387136000000000000e+08 -3.429354240000000000e+08 2.474438400000000000e+07
-3.035837760000000000e+08 -1.694490720000000000e+08 8.007348000000000000e+07
-2.340442720000000000e+08 -2.375880160000000000e+08 7.408068000000000000e+07
-6.963253600000000000e+07 -2.565604000000000000e+08 1.827773600000000000e+07
-6.122813440000000000e+08 1.974636480000000000e+08 4.801211840000000000e+08
-1.490447680000000000e+08 -3.333582400000000000e+08 1.627489700000000000e+07
-3.636079360000000000e+08 -1.481933280000000000e+08 2.898021400000000000e+07
-1.259393840000000000e+08 -3.769925440000000000e+08 5.902017200000000000e+07
-1.564691200000000000e+08 -3.565013440000000000e+08 4.527840000000000000e+07
-4.108368320000000000e+08 2.020307680000000000e+08 2.809285440000000000e+08
-1.420876640000000000e+08 -2.920182080000000000e+08 3.620754000000000000e+07
-1.037950880000000000e+08 -3.297523200000000000e+08 1.984588250000000000e+06
-2.752509760000000000e+08 -2.133711520000000000e+08 8.320848800000000000e+07
-1.253086880000000000e+08 -2.679275040000000000e+08 3.648587600000000000e+07
-1.147021040000000000e+08 -2.993720960000000000e+08 5.795848400000000000e+07
-1.241507040000000000e+08 -2.732620160000000000e+08 4.437520000000000000e+07
-8.923299200000000000e+07 -3.666348800000000000e+08 2.231113400000000000e+07
-3.716435840000000000e+08 -1.647775200000000000e+08 1.264399760000000000e+08
-1.985427200000000000e+08 -2.083085120000000000e+08 1.100852480000000000e+08
-1.086881120000000000e+08 -1.511214080000000000e+08 1.997548000000000000e+08
-6.710106250000000000e+05 -3.424096320000000000e+08 4.242404000000000000e+07
-5.832219200000000000e+07 -3.644341760000000000e+08 1.975406000000000000e+07
-8.160832000000000000e+07 -3.441973440000000000e+08 2.645590600000000000e+07
-5.991704400000000000e+07 -3.406163520000000000e+08 7.998790400000000000e+07
-3.664658000000000000e+07 -4.281211520000000000e+08 6.138096800000000000e+07
-7.371403200000000000e+07 -3.713082240000000000e+08 1.756903600000000000e+07
8.304694500000000000e+06 -3.465374720000000000e+08 1.915999040000000000e+08
-3.375193600000000000e+07 -3.506601280000000000e+08 6.367431200000000000e+07
-9.905976800000000000e+07 -1.767256160000000000e+08 1.875709120000000000e+08
-2.332559800000000000e+07 -3.630651200000000000e+08 8.608542400000000000e+07
-3.633568800000000000e+07 -2.760791040000000000e+08 2.456089600000000000e+07
-3.769969200000000000e+07 -3.726074880000000000e+08 1.624524200000000000e+07
-2.338691200000000000e+07 -2.974981440000000000e+08 1.608690080000000000e+08
3.688865250000000000e+06 -3.350600000000000000e+08 1.468345440000000000e+08
-4.640618400000000000e+07 -2.587765760000000000e+08 1.097987120000000000e+08
3.658547200000000000e+07 -3.367195520000000000e+08 5.795794800000000000e+07
-8.165634400000000000e+07 -1.791323680000000000e+08 8.941852800000000000e+07
2.935163600000000000e+07 -3.468894400000000000e+08 3.774371600000000000e+07
3.542437200000000000e+07 -2.799658560000000000e+08 2.084015360000000000e+08
4.662889600000000000e+07 -3.750667520000000000e+08 2.904058400000000000e+07
4.598648800000000000e+07 -4.621830720000000000e+08 -4.095368750000000000e+05
4.212538800000000000e+07 -4.162345600000000000e+08 5.710316800000000000e+07
6.956955200000000000e+07 -3.892769600000000000e+08 8.580412800000000000e+07
-5.279561200000000000e+07 -2.029096000000000000e+08 1.509611520000000000e+08
8.760294400000000000e+07 -3.813487680000000000e+08 5.194223200000000000e+07
1.631911200000000000e+08 -3.529168320000000000e+08 1.813119680000000000e+08
1.938254720000000000e+08 -3.475910400000000000e+08 2.039767200000000000e+07
1.049497200000000000e+08 -3.397406720000000000e+08 4.488402800000000000e+07
2.695002240000000000e+08 -2.940035520000000000e+08 2.489435200000000000e+08
1.735272960000000000e+08 -3.339378240000000000e+08 4.824640960000000000e+08
2.769056000000000000e+08 -3.786058400000000000e+07 1.888758720000000000e+08
1.564994080000000000e+08 -3.457068800000000000e+08 7.307294400000000000e+07
1.124164800000000000e+08 -3.936207360000000000e+08 2.602208000000000000e+06
1.178321840000000000e+08 -3.973846720000000000e+08 3.124036200000000000e+07
1.898537280000000000e+08 -3.255157760000000000e+08 1.273240880000000000e+08
2.764929280000000000e+08 -2.952053760000000000e+08 2.378654720000000000e+08
9.533252000000000000e+07 -4.190975040000000000e+08 3.817884000000000000e+07
9.473222400000000000e+07 -4.018447680000000000e+08 8.766352500000000000e+05
1.727806560000000000e+08 -4.427391680000000000e+08 1.433419700000000000e+07
1.642061920000000000e+08 -3.774677760000000000e+08 8.979273600000000000e+07
1.525357760000000000e+08 -3.753360320000000000e+08 3.796933200000000000e+07
1.115612480000000000e+08 -4.322821760000000000e+08 -7.681039500000000000e+06
1.532519360000000000e+08 -3.771960320000000000e+08 1.084382400000000000e+07
2.270644320000000000e+08 -2.981976320000000000e+08 4.212817200000000000e+07
1.664210560000000000e+08 -4.403745600000000000e+08 9.226858400000000000e+07
1.391547520000000000e+08 -4.646883200000000000e+08 4.166069200000000000e+07
1.859175040000000000e+08 -3.866892800000000000e+08 1.020242640000000000e+08
1.907787680000000000e+08 -4.184840320000000000e+08 2.186192000000000000e+07
1.621100320000000000e+08 -4.455782400000000000e+08 3.206583437500000000e+05
2.894169280000000000e+08 -3.607309440000000000e+08 4.710879200000000000e+07
2.147963840000000000e+08 -4.151435520000000000e+08 3.187342250000000000e+06
3.731383680000000000e+08 -3.505862080000000000e+08 2.164509120000000000e+08
3.119301440000000000e+08 -3.461190080000000000e+08 1.275227100000000000e+07
2.546100000000000000e+08 -3.625088320000000000e+08 3.154786800000000000e+07
2.548877760000000000e+08 -3.517447360000000000e+08 6.312546000000000000e+07
2.833106240000000000e+08 -3.964600320000000000e+08 2.743980400000000000e+07
2.708722240000000000e+08 -3.578817920000000000e+08 1.052173920000000000e+08
4.487011200000000000e+08 -3.399499840000000000e+08 2.330847200000000000e+08
2.912386560000000000e+08 -3.507857280000000000e+08 3.669786560000000000e+08
3.418687680000000000e+08 -3.071508480000000000e+08 3.693464400000000000e+07
2.980872320000000000e+08 -3.592422400000000000e+08 3.170054600000000000e+07
5.935848320000000000e+08 -1.289290160000000000e+08 4.699889000000000000e+06
2.969255040000000000e+08 -3.551333120000000000e+08 1.190982880000000000e+08
2.467374240000000000e+08 -4.073874240000000000e+08 -2.204613000000000000e+07
2.341249760000000000e+08 -4.318196480000000000e+08 8.900661250000000000e+05
2.691510720000000000e+08 -3.938425280000000000e+08 -1.354126100000000000e+07
4.908990720000000000e+08 -2.117109120000000000e+08 9.189339520000000000e+08
6.097511680000000000e+08 -2.511203840000000000e+08 3.503377920000000000e+08
4.259707520000000000e+08 -2.991679040000000000e+08 1.146054560000000000e+08
5.619713920000000000e+08 -1.427906240000000000e+08 -8.653624000000000000e+07
5.186447040000000000e+08 -2.688717440000000000e+08 4.383244800000000000e+08
3.400799680000000000e+08 -3.526745600000000000e+08 -1.893575000000000000e+07
1.373382656000000000e+09 3.867055040000000000e+08 9.386179200000000000e+08
5.860149120000000000e+08 -1.648570400000000000e+08 2.204909440000000000e+08
7.178297600000000000e+08 -1.520001920000000000e+08 3.013052800000000000e+08
6.989452800000000000e+08 -1.278095600000000000e+08 2.099789760000000000e+08
6.556321920000000000e+08 -6.716986400000000000e+07 1.003635440000000000e+08
7.121518720000000000e+08 -2.801793200000000000e+07 3.883995200000000000e+07
5.261098880000000000e+08 -2.678345600000000000e+08 7.564425600000000000e+07
1.035491072000000000e+09 1.630605600000000000e+08 1.662321280000000000e+08
8.168321280000000000e+08 -1.682348800000000000e+07 2.009372320000000000e+08
9.906930560000000000e+08 2.191598880000000000e+08 -2.336056200000000000e+07
7.180728960000000000e+08 7.827336500000000000e+06 1.665280000000000000e+08
5.703239040000000000e+08 -1.991225920000000000e+08 7.549157600000000000e+07
6.606523520000000000e+08 -1.411306880000000000e+08 5.609586800000000000e+07
6.856892800000000000e+08 -1.588220320000000000e+08 2.825876800000000000e+08
8.504190080000000000e+08 -1.067376080000000000e+08 3.207108480000000000e+08
9.613499520000000000e+08 1.493174400000000000e+08 1.202547360000000000e+08
5.942975360000000000e+08 -1.993398400000000000e+08 1.346856800000000000e+08
1.841772288000000000e+09 7.285258880000000000e+08 5.947757056000000000e+09
6.983041280000000000e+08 -9.605846400000000000e+07 2.850616960000000000e+08
1.264543744000000000e+09 3.762709760000000000e+08 6.238731520000000000e+08
9.142533760000000000e+08 9.603872800000000000e+07 -1.709540600000000000e+07
9.050789120000000000e+08 1.034091840000000000e+08 2.365863250000000000e+06
9.938297600000000000e+08 1.747440640000000000e+08 7.600563200000000000e+08
1.511010048000000000e+09 6.264615680000000000e+08 2.996143040000000000e+08
9.068273280000000000e+08 1.288611440000000000e+08 5.576324400000000000e+07
7.917672960000000000e+08 -1.889799200000000000e+07 3.261678080000000000e+08
9.794520960000000000e+08 1.482052960000000000e+08 3.166563800000000000e+07
1.219313408000000000e+09 3.514157760000000000e+08 6.536602880000000000e+08
1.308865152000000000e+09 5.282676160000000000e+08 -1.778309600000000000e+08
1.078436224000000000e+09 2.712536640000000000e+08 5.728160800000000000e+07
8.175886080000000000e+08 -1.920368200000000000e+07 -1.342378200000000000e+07
1.207376640000000000e+09 2.795983360000000000e+08 2.565956320000000000e+08
1.124061568000000000e+09 2.885474880000000000e+08 1.569361600000000000e+08
1.291900928000000000e+09 4.580626240000000000e+08 1.487231300000000000e+07
9.461265280000000000e+08 1.718834080000000000e+08 7.390894400000000000e+07
9.166958080000000000e+08 1.295935680000000000e+08 5.567046000000000000e+07
9.798600960000000000e+08 2.062809280000000000e+08 2.319850560000000000e+08
2.240604672000000000e+09 1.497388160000000000e+09 -3.342276800000000000e+08
2.725521152000000000e+09 1.781788928000000000e+09 1.820749440000000000e+09
1.623412352000000000e+09 7.416864000000000000e+08 1.469090400000000000e+08
1.910571776000000000e+09 1.071036736000000000e+09 -1.599223680000000000e+08
1.646027264000000000e+09 7.793388800000000000e+08 -9.938183200000000000e+07
1.989572864000000000e+09 1.111132928000000000e+09 -4.182958800000000000e+07
1.950163968000000000e+09 1.129018496000000000e+09 7.377776800000000000e+07
1.236894720000000000e+09 4.155334400000000000e+08 5.916632800000000000e+07
1.170403200000000000e+09 4.997124480000000000e+08 -7.472067200000000000e+07
1.716227968000000000e+09 9.133246720000000000e+08 -4.081596160000000000e+08
-1.273333000000000000e+07 -7.327064320000000000e+08 -7.808873600000000000e+07
-1.273333000000000000e+07 -7.327064320000000000e+08 -7.808873600000000000e+07
-1.273333000000000000e+07 -7.327064320000000000e+08 -7.808873600000000000e+07
-1.273333000000000000e+07 -7.327064320000000000e+08 -7.808873600000000000e+07
-1.273333000000000000e+07 -7.327064320000000000e+08 -7.808873600000000000e+07
3.166323968000000000e+09 2.514767872000000000e+09 -4.122009600000000000e+08
2.172455168000000000e+09 1.382587648000000000e+09 6.199881600000000000e+07
2.622601216000000000e+09 1.883001728000000000e+09 2.388113120000000000e+08
2.290618624000000000e+09 1.460383744000000000e+09 -1.011772000000000000e+08
2.208680704000000000e+09 1.555794176000000000e+09 -3.738675520000000000e+08
3.997264640000000000e+09 3.553854208000000000e+09 6.376466560000000000e+08
1.484165888000000000e+09 6.342643840000000000e+08 -7.403393600000000000e+07
1.238978688000000000e+09 4.569854400000000000e+08 2.112439200000000000e+08
1.814867584000000000e+09 1.066042368000000000e+09 -1.509409120000000000e+08
1.584442880000000000e+09 7.077189120000000000e+08 -1.156543200000000000e+07
1.297243904000000000e+09 4.598470720000000000e+08 3.409507500000000000e+06
1.255945216000000000e+09 3.908668800000000000e+08 -2.926073200000000000e+07
7.664720000000000000e+08 1.160661900000000000e+07 -2.331596000000000000e+07
1.257138816000000000e+09 3.762684160000000000e+08 4.698388400000000000e+07
7.870250240000000000e+08 -1.822851200000000000e+07 -4.212442000000000000e+06
1.207908096000000000e+09 2.699272320000000000e+08 5.731100800000000000e+08
1.511175296000000000e+09 5.362392640000000000e+08 5.225490560000000000e+08
1.320956160000000000e+09 4.795355520000000000e+08 4.402852800000000000e+08
1.717112448000000000e+09 8.182574720000000000e+08 1.050352064000000000e+09
9.089436800000000000e+08 8.029292000000000000e+07 2.190990400000000000e+08
1.388968576000000000e+09 5.213685120000000000e+08 1.990819040000000000e+08
1.627713408000000000e+09 8.169414400000000000e+08 6.617157120000000000e+08
7.431331200000000000e+08 -3.076814400000000000e+07 1.878342200000000000e+07
1.128693248000000000e+09 3.329993600000000000e+08 -4.034372400000000000e+07
1.079048064000000000e+09 2.204262400000000000e+08 1.410686720000000000e+08
8.262165120000000000e+08 -1.437022100000000000e+07 2.856688640000000000e+08
8.066231040000000000e+08 9.982965000000000000e+06 2.393989600000000000e+08
9.582264960000000000e+08 1.720578560000000000e+08 3.005958400000000000e+08
5.078780480000000000e+08 -2.374221440000000000e+08 8.368647200000000000e+07
1.283161984000000000e+09 3.764295040000000000e+08 4.365430784000000000e+09
8.809464320000000000e+08 -1.246005200000000000e+07 8.239376640000000000e+08
7.109368320000000000e+08 -7.868548000000000000e+07 2.201254240000000000e+08
6.162590080000000000e+08 -1.511892160000000000e+08 1.700015200000000000e+08
8.308881280000000000e+08 5.945783600000000000e+07 1.724104320000000000e+08
5.414904320000000000e+08 -1.885913280000000000e+08 1.476862240000000000e+08
4.907409600000000000e+08 -2.667368320000000000e+08 2.108614080000000000e+08
4.492939200000000000e+08 -2.766129920000000000e+08 2.448668800000000000e+08
7.874698880000000000e+08 6.017048400000000000e+07 -7.127353600000000000e+07
3.948862720000000000e+08 -2.934880000000000000e+08 4.280394000000000000e+06
4.181649280000000000e+08 -3.117696640000000000e+08 1.648088200000000000e+07
3.656366720000000000e+08 -3.354872640000000000e+08 1.887050200000000000e+07
4.807286080000000000e+08 -2.221998720000000000e+08 1.164656800000000000e+08
5.961739520000000000e+08 -1.576634880000000000e+08 6.213441920000000000e+08
3.283804480000000000e+08 -3.452929600000000000e+08 5.813864000000000000e+07
5.014321600000000000e+08 -1.704630720000000000e+08 1.576131040000000000e+08
4.478965120000000000e+08 -2.295811200000000000e+08 2.579400160000000000e+08
3.145224000000000000e+08 -3.784342720000000000e+08 1.276801600000000000e+08
4.005015360000000000e+08 -2.785992320000000000e+08 5.951832000000000000e+07
3.776299520000000000e+08 -2.979866240000000000e+08 1.828926080000000000e+08
3.376482240000000000e+08 -3.355521920000000000e+08 1.475405120000000000e+08
2.519549600000000000e+08 -4.086607040000000000e+08 8.780599200000000000e+07
2.083921920000000000e+08 -4.029196160000000000e+08 3.348608750000000000e+06
2.540784160000000000e+08 -3.390895040000000000e+08 1.467303200000000000e+08
1.845914880000000000e+08 -4.263466880000000000e+08 6.049620800000000000e+07
2.732493760000000000e+08 -3.343286720000000000e+08 2.136754400000000000e+07
2.988645760000000000e+08 -3.520810240000000000e+08 2.153688640000000000e+08
3.122703040000000000e+08 -2.997301120000000000e+08 4.887944000000000000e+07
2.802133120000000000e+08 -3.470252800000000000e+08 1.946099040000000000e+08
2.071092640000000000e+08 -3.558417600000000000e+08 3.860070000000000000e+07
3.545851520000000000e+08 -1.676935360000000000e+08 7.896511200000000000e+07
2.393693760000000000e+08 -3.137687040000000000e+08 6.322087600000000000e+07
2.377844800000000000e+08 -3.625609600000000000e+08 2.332171680000000000e+08
1.720526880000000000e+08 -3.789004160000000000e+08 2.780282600000000000e+07
3.162181440000000000e+08 -5.404933200000000000e+07 1.889122400000000000e+08
1.709934560000000000e+08 -3.661186240000000000e+08 7.502961600000000000e+07
2.245924160000000000e+08 -2.818120320000000000e+08 1.980199840000000000e+08
1.301158800000000000e+08 -3.939597120000000000e+08 7.083771000000000000e+06
1.746244800000000000e+08 -3.727401600000000000e+08 1.147732720000000000e+08
1.629282400000000000e+08 -3.935618880000000000e+08 1.254646880000000000e+08
7.051974400000000000e+07 -3.846022080000000000e+08 -4.759015500000000000e+06
7.359325600000000000e+07 -4.075311040000000000e+08 2.204425400000000000e+07
4.884343600000000000e+07 -4.187233280000000000e+08 -1.924756406250000000e+05
2.400806200000000000e+07 -4.428350720000000000e+08 -2.446293400000000000e+07
4.626906800000000000e+07 -4.160861120000000000e+08 9.026210000000000000e+06
3.644730800000000000e+07 -4.278493120000000000e+08 -1.865058875000000000e+06
1.069667360000000000e+08 -3.777518080000000000e+08 1.265114900000000000e+07
4.642756400000000000e+07 -4.123851840000000000e+08 2.940308200000000000e+07
3.218273200000000000e+07 -3.341052800000000000e+08 5.525165600000000000e+07
2.715949800000000000e+07 -3.090835200000000000e+08 1.873564400000000000e+07
9.688371000000000000e+06 -3.754053120000000000e+08 -1.712380800000000000e+07
3.267332600000000000e+07 -3.406674880000000000e+08 2.335829200000000000e+07
2.165175800000000000e+07 -4.081722240000000000e+08 -2.745888500000000000e+06
-1.397238600000000000e+07 -2.962186880000000000e+08 9.175852800000000000e+07
-3.236920400000000000e+07 -3.380176960000000000e+08 3.304192800000000000e+07
3.250958200000000000e+07 -3.750085760000000000e+08 8.708339000000000000e+06
-1.639835040000000000e+08 -2.310369280000000000e+08 6.006735200000000000e+07
-2.365329750000000000e+06 -4.147370880000000000e+08 2.384654750000000000e+06
2.228065039062500000e+04 -4.000257280000000000e+08 2.095209000000000000e+07
-3.860874400000000000e+07 -3.633433600000000000e+08 1.831796000000000000e+07
8.561011200000000000e+07 -2.540228800000000000e+08 1.563530560000000000e+08
-9.085342000000000000e+06 -3.593936960000000000e+08 1.388642900000000000e+07
5.970131500000000000e+06 -3.453565440000000000e+08 1.000510800000000000e+08
-3.562303600000000000e+07 -3.549277120000000000e+08 8.239060000000000000e+07
-6.887768800000000000e+07 -3.166187520000000000e+08 3.463784400000000000e+07
-3.948297200000000000e+07 -3.908114880000000000e+08 3.141934400000000000e+07
-3.514097600000000000e+07 -3.182859520000000000e+08 1.153035680000000000e+08
-3.494694000000000000e+07 -3.297687680000000000e+08 2.021292400000000000e+07
-1.350988960000000000e+08 -3.066093120000000000e+08 3.302183600000000000e+07
-1.942001760000000000e+08 -2.117279200000000000e+08 3.409279600000000000e+07
-7.921213600000000000e+07 -3.736178880000000000e+08 8.193240000000000000e+07
-8.956574400000000000e+07 -3.620079360000000000e+08 4.179818000000000000e+07
-9.853353600000000000e+07 -3.580741440000000000e+08 2.110989600000000000e+07
1.699820000000000000e+07 -2.085677120000000000e+08 1.812218400000000000e+07
-7.778556000000000000e+07 -3.844277440000000000e+08 2.665206400000000000e+07
-1.650646400000000000e+08 -2.498749280000000000e+08 8.014792800000000000e+07
-7.890470400000000000e+07 -3.648480000000000000e+08 8.477688800000000000e+07
-4.229437200000000000e+07 -3.675963840000000000e+08 3.606134000000000000e+07
-9.932971200000000000e+07 -3.709023680000000000e+08 5.341981200000000000e+07
-6.406749200000000000e+07 -3.757034560000000000e+08 4.520383200000000000e+07
-1.713182560000000000e+08 -3.528024000000000000e+08 2.754627200000000000e+07
-1.476697280000000000e+08 -2.204002720000000000e+08 1.549539200000000000e+08
-1.817020320000000000e+08 -2.977229120000000000e+08 6.321214400000000000e+07
-1.111388880000000000e+08 -3.930784960000000000e+08 1.328812600000000000e+07
-1.353203360000000000e+08 -4.088719040000000000e+08 4.331817500000000000e+06
-1.153547120000000000e+08 -4.115461120000000000e+08 4.834217200000000000e+07
-3.041908800000000000e+08 -2.178568320000000000e+08 1.071490720000000000e+08
-2.687309120000000000e+08 -2.235919840000000000e+08 2.758360000000000000e+07
-1.061037040000000000e+08 -3.833574720000000000e+08 3.906874400000000000e+07
-1.669422560000000000e+08 -3.271825600000000000e+08 2.356553000000000000e+07
-1.619415680000000000e+08 -3.758394240000000000e+08 -6.254485000000000000e+06
-1.421961120000000000e+08 -3.663496000000000000e+08 4.648238800000000000e+07
-1.041844560000000000e+08 -3.978718400000000000e+08 -3.826124000000000000e+06
-1.886014560000000000e+08 -3.404720000000000000e+08 -3.433532000000000000e+06
-2.173244320000000000e+08 -2.752534720000000000e+08 4.402102400000000000e+07
-2.511707520000000000e+08 -2.682393280000000000e+08 9.839096800000000000e+07
-1.767447840000000000e+08 -3.731808960000000000e+08 3.412706400000000000e+07
-1.745866240000000000e+08 -3.520966080000000000e+08 3.331773400000000000e+07
-2.756513280000000000e+08 -2.964050560000000000e+08 3.685448000000000000e+07
-1.891305920000000000e+08 -3.743973440000000000e+08 1.811771800000000000e+07
-3.221557760000000000e+08 -2.755037120000000000e+08 8.519761600000000000e+07
-2.384203360000000000e+08 -3.040300800000000000e+08 1.983760200000000000e+07
-4.885726080000000000e+08 -4.361007600000000000e+07 1.112423840000000000e+08
-1.986413920000000000e+08 -3.875710080000000000e+08 6.855901000000000000e+06
-2.434126560000000000e+08 -3.514591680000000000e+08 2.722488000000000000e+07
-2.318358240000000000e+08 -3.973477120000000000e+08 1.668420300000000000e+07
-3.024407360000000000e+08 -3.450490240000000000e+08 2.938984600000000000e+07
-3.419544640000000000e+08 -2.845150080000000000e+08 4.613698400000000000e+07
-3.066990400000000000e+08 -2.639434400000000000e+08 4.249549200000000000e+07
-3.715834240000000000e+08 -2.814221440000000000e+08 5.976370800000000000e+07
-4.613923200000000000e+08 -1.896417920000000000e+08 1.165951680000000000e+08
-4.775414080000000000e+08 -1.160075920000000000e+08 5.340608000000000000e+07
-3.643330240000000000e+08 -2.634986400000000000e+08 -8.782230000000000000e+06
-3.205608320000000000e+08 -3.058018880000000000e+08 1.983061400000000000e+07
-2.605744800000000000e+08 -3.401176960000000000e+08 2.091724200000000000e+07
-4.512994560000000000e+08 -1.766816640000000000e+08 3.411552400000000000e+07
-2.767305600000000000e+08 -3.333893760000000000e+08 -1.035742200000000000e+07
-3.731958400000000000e+08 -2.439830400000000000e+08 -2.489696800000000000e+07
-2.710997120000000000e+08 -3.201709120000000000e+08 -3.565195200000000000e+07
-3.674933120000000000e+08 -1.626357280000000000e+08 -4.506684500000000000e+06
-3.332643520000000000e+08 -2.790748480000000000e+08 -5.720710000000000000e+06
-2.643735360000000000e+08 -3.298928320000000000e+08 -1.495365900000000000e+07
-3.789766080000000000e+08 -2.795836160000000000e+08 1.163031100000000000e+07
-2.719036160000000000e+08 -3.729616000000000000e+08 -2.550024400000000000e+07
-4.701933120000000000e+08 -1.325366720000000000e+08 -1.074873200000000000e+08
-4.331269440000000000e+08 -2.417526240000000000e+08 3.192180000000000000e+07
-2.301812800000000000e+08 -3.884386560000000000e+08 -4.360561600000000000e+07
-2.990879360000000000e+08 -3.137705920000000000e+08 -6.789415200000000000e+07
-2.492440160000000000e+08 -3.812138240000000000e+08 -3.506594400000000000e+07
-2.204714080000000000e+08 -4.131479680000000000e+08 -4.503034800000000000e+07
-4.280406720000000000e+08 -2.083883680000000000e+08 4.517262000000000000e+07
-2.331281280000000000e+08 -3.703233600000000000e+08 -3.957128800000000000e+07
-2.456467040000000000e+08 -3.446436480000000000e+08 -3.619081200000000000e+07
-2.695835200000000000e+08 -3.456459200000000000e+08 -3.915106800000000000e+07
-3.076443520000000000e+08 -3.062615680000000000e+08 -1.972183400000000000e+07
-2.644029760000000000e+08 -3.276791680000000000e+08 -5.624793600000000000e+07
-2.712910720000000000e+08 -3.164412480000000000e+08 -4.283518000000000000e+07
-2.556988320000000000e+08 -3.101095360000000000e+08 -4.377040000000000000e+07
-2.105515840000000000e+08 -3.472802240000000000e+08 -7.116678400000000000e+07
-2.666578080000000000e+08 -2.579773120000000000e+08 -7.025745600000000000e+07
-3.015457920000000000e+08 -1.300745200000000000e+08 -4.319621600000000000e+07
-3.933454400000000000e+08 -8.548505600000000000e+07 -4.268708800000000000e+07
-3.412528000000000000e+08 7.134991200000000000e+07 -7.598504800000000000e+07
-3.529629120000000000e+08 4.450730800000000000e+07 -7.158408800000000000e+07
-4.369594560000000000e+08 2.093059520000000000e+08 -6.206398400000000000e+07
-4.975256000000000000e+08 3.051517440000000000e+08 6.039830000000000000e+05
-4.263251520000000000e+08 1.825938240000000000e+08 -9.819373600000000000e+07
-3.460050880000000000e+08 -1.584372800000000000e+07 -7.137410400000000000e+07
-3.552461760000000000e+08 3.011714880000000000e+08 -8.811762400000000000e+07
-1.273333000000000000e+07 -7.327064320000000000e+08 -7.808873600000000000e+07
-1.273333000000000000e+07 -7.327064320000000000e+08 -7.808873600000000000e+07
-1.273333000000000000e+07 -7.327064320000000000e+08 -7.808873600000000000e+07
-1.273333000000000000e+07 -7.327064320000000000e+08 -7.808873600000000000e+07
-2.055242560000000000e+08 -2.552896960000000000e+08 -1.455803680000000000e+08
-6.212148480000000000e+08 3.796478720000000000e+08 -2.574015200000000000e+08
-5.466851200000000000e+08 3.102006080000000000e+08 -2.775565120000000000e+08
-4.528824320000000000e+08 2.152733280000000000e+08 -2.221125280000000000e+08
-6.039019520000000000e+08 2.734892160000000000e+08 -1.727284640000000000e+08
-3.601729600000000000e+08 5.648701200000000000e+07 -1.919013760000000000e+08
-5.108321920000000000e+08 8.453768000000000000e+07 -2.131628800000000000e+08
-5.029207680000000000e+08 1.279090000000000000e+08 -1.910203840000000000e+08
-4.441736960000000000e+08 1.378475750000000000e+06 -1.820738720000000000e+08
-4.251565760000000000e+08 -7.270165600000000000e+07 -1.586470880000000000e+08
-6.405720960000000000e+08 2.077427840000000000e+08 -1.331227680000000000e+08
-3.604745600000000000e+08 -1.336615600000000000e+08 -1.709476000000000000e+08
-7.103005440000000000e+08 1.648914560000000000e+08 -1.119528080000000000e+08
-3.853928320000000000e+08 -1.387183200000000000e+08 -1.412497600000000000e+08
-3.280946880000000000e+08 -2.223474880000000000e+08 -1.616357440000000000e+08
-5.203955200000000000e+08 -4.172412000000000000e+07 -1.723577280000000000e+08
-3.547661120000000000e+08 -1.922039360000000000e+08 -2.003327040000000000e+08
-2.806804800000000000e+08 -2.837420160000000000e+08 -1.232324640000000000e+08
-5.340607680000000000e+08 -1.076411440000000000e+08 -4.793265200000000000e+07
-3.198242560000000000e+08 -2.315398880000000000e+08 -1.103276240000000000e+08
-3.586316480000000000e+08 -1.454402080000000000e+08 -1.207010560000000000e+08
-2.363907840000000000e+08 -3.256575040000000000e+08 -1.147183280000000000e+08
-3.616843200000000000e+08 -1.759143680000000000e+08 -1.075985680000000000e+08
-2.254036480000000000e+08 -3.312879680000000000e+08 -1.164357200000000000e+08
-4.056278720000000000e+08 -1.175081920000000000e+08 -1.269841520000000000e+08
-2.646032640000000000e+08 -2.635226560000000000e+08 -1.364506240000000000e+08
-2.717478400000000000e+08 -2.501117600000000000e+08 -1.278574160000000000e+08
-2.363479040000000000e+08 -2.884974400000000000e+08 -1.254686800000000000e+08
-3.227097920000000000e+08 -2.373996640000000000e+08 -9.755852000000000000e+07
-3.216809920000000000e+08 -1.229582560000000000e+08 -1.800482720000000000e+08
-2.937466880000000000e+08 -2.216908480000000000e+08 -1.072713360000000000e+08
-4.206610880000000000e+08 -7.248902400000000000e+07 -1.467637920000000000e+08
-5.988760320000000000e+08 3.040531000000000000e+07 -6.499347600000000000e+07
-2.114148000000000000e+08 -2.859432960000000000e+08 -1.303377840000000000e+08
-2.765308800000000000e+08 -2.566082400000000000e+08 -1.283263360000000000e+08
-2.427111040000000000e+08 -2.586323360000000000e+08 -1.343900160000000000e+08
-2.994303040000000000e+08 -1.983036640000000000e+08 -1.271299440000000000e+08
-2.904152960000000000e+08 -2.359317760000000000e+08 -8.600385600000000000e+07
-2.162694720000000000e+08 -3.312440960000000000e+08 -1.171121760000000000e+08
-2.272899200000000000e+08 -2.611472800000000000e+08 -1.343396160000000000e+08
-1.974724640000000000e+08 -2.923375680000000000e+08 -1.467732640000000000e+08
-2.277934880000000000e+08 -2.982352000000000000e+08 -1.415141440000000000e+08
-1.516498880000000000e+08 -3.908545920000000000e+08 -1.367804000000000000e+08
-1.778266880000000000e+08 -3.227799360000000000e+08 -1.269664880000000000e+08
-1.650608800000000000e+08 -3.241365440000000000e+08 -1.297926880000000000e+08
-1.610819680000000000e+08 -3.855740160000000000e+08 -1.085302480000000000e+08
-1.336379520000000000e+08 -3.940188800000000000e+08 -1.016650640000000000e+08
-1.304956480000000000e+08 -3.886866240000000000e+08 -1.138242080000000000e+08
-1.723026080000000000e+08 -3.079961920000000000e+08 -1.274920880000000000e+08
-1.359147520000000000e+08 -3.695350080000000000e+08 -1.207462800000000000e+08
-1.460707840000000000e+08 -3.308087040000000000e+08 -1.227854240000000000e+08
-1.508927200000000000e+08 -2.912035520000000000e+08 -1.231870240000000000e+08
-1.337676080000000000e+08 -3.435032000000000000e+08 -9.380307200000000000e+07
-6.472946000000000000e+07 -3.814222080000000000e+08 -1.229704720000000000e+08
-8.136909600000000000e+07 -3.971233280000000000e+08 -1.251730640000000000e+08
-1.016589200000000000e+08 -3.552970880000000000e+08 -1.113303120000000000e+08
-2.046355200000000000e+08 -6.930636000000000000e+07 -1.592174080000000000e+08
-8.000012800000000000e+07 -3.097611200000000000e+08 -1.105517600000000000e+08
-6.173600000000000000e+07 -3.976960640000000000e+08 -1.220944160000000000e+08
-3.269190400000000000e+07 -4.152097600000000000e+08 -1.361752160000000000e+08
-4.879409200000000000e+07 -4.185496320000000000e+08 -1.137491280000000000e+08
-4.697241200000000000e+07 -4.248999680000000000e+08 -1.136746720000000000e+08
-5.715978400000000000e+07 -3.944712960000000000e+08 -1.425956960000000000e+08
-8.096433600000000000e+07 -3.629210880000000000e+08 -1.304199360000000000e+08
-3.193027600000000000e+07 -4.450196800000000000e+08 -1.265284400000000000e+08
-3.250836800000000000e+07 -3.925531840000000000e+08 -1.102672880000000000e+08
-1.060054400000000000e+08 -2.071091520000000000e+08 -1.281564480000000000e+08
-1.375981400000000000e+07 -4.072414400000000000e+08 -1.385884480000000000e+08
-7.911428500000000000e+06 -3.849839040000000000e+08 -1.441582240000000000e+08
4.410880500000000000e+06 -4.283376960000000000e+08 -1.116798960000000000e+08
4.754023000000000000e+06 -4.084572160000000000e+08 -1.382825440000000000e+08
-2.465390200000000000e+07 -3.966437120000000000e+08 -1.303170640000000000e+08
9.674091000000000000e+06 -3.983571840000000000e+08 -1.452561280000000000e+08
9.304997000000000000e+06 -4.299160640000000000e+08 -1.343645600000000000e+08
1.597824100000000000e+07 -4.302854720000000000e+08 -1.292578080000000000e+08
3.650712400000000000e+07 -4.048653120000000000e+08 -1.405353920000000000e+08
3.910228400000000000e+07 -4.119663040000000000e+08 -1.283633200000000000e+08
4.185108400000000000e+07 -3.678421120000000000e+08 -1.501772960000000000e+08
2.803253600000000000e+07 -4.336359680000000000e+08 -1.340323840000000000e+08
4.397578800000000000e+07 -4.063271360000000000e+08 -1.149820960000000000e+08
-4.894669000000000000e+06 -4.521749760000000000e+08 -1.354473920000000000e+08
2.886584000000000000e+07 -4.647239680000000000e+08 -1.323205360000000000e+08
5.315554800000000000e+07 -4.272579200000000000e+08 -1.407084160000000000e+08
5.906911200000000000e+07 -3.477236800000000000e+08 -1.592830400000000000e+08
7.429848000000000000e+07 -3.356921600000000000e+08 -1.794314080000000000e+08
3.370424000000000000e+07 -4.479526720000000000e+08 -1.404293760000000000e+08
5.410217600000000000e+07 -4.242457600000000000e+08 -1.426593120000000000e+08
1.027433120000000000e+08 -3.087417920000000000e+08 -1.822552000000000000e+08
1.077094880000000000e+08 -3.348749120000000000e+08 -1.619958240000000000e+08
6.033851200000000000e+07 -3.779019520000000000e+08 -1.596719680000000000e+08
1.056716720000000000e+08 -3.718032960000000000e+08 -1.678565120000000000e+08
1.891615040000000000e+08 -3.795843840000000000e+08 -2.401822240000000000e+08
6.836126400000000000e+07 -4.150194240000000000e+08 -1.410382880000000000e+08
9.356464000000000000e+07 -4.051179840000000000e+08 -1.471748960000000000e+08
7.864972800000000000e+07 -4.284939840000000000e+08 -9.457835200000000000e+07
1.213641760000000000e+08 -4.035132800000000000e+08 -1.544721440000000000e+08
1.572245280000000000e+08 -3.609616000000000000e+08 -1.566087360000000000e+08
8.568008000000000000e+07 -3.718033280000000000e+08 -1.348812800000000000e+08
1.535932480000000000e+08 -3.585659840000000000e+08 -1.604529440000000000e+08
1.524489440000000000e+08 -3.736024000000000000e+08 -1.507974400000000000e+08
1.442860160000000000e+08 -4.173517440000000000e+08 -1.524323360000000000e+08
1.231209680000000000e+08 -4.337399360000000000e+08 -1.630944160000000000e+08
1.250639280000000000e+08 -4.560275200000000000e+08 -1.347680640000000000e+08
1.740921600000000000e+08 -3.998023360000000000e+08 -1.531038560000000000e+08
1.801389760000000000e+08 -4.160467520000000000e+08 -1.530271520000000000e+08
1.627706400000000000e+08 -4.023256960000000000e+08 -1.472017600000000000e+08
1.718111200000000000e+08 -3.979343680000000000e+08 -1.235979840000000000e+08
1.495633760000000000e+08 -4.507017920000000000e+08 -1.371990400000000000e+08
1.741132000000000000e+08 -4.074829120000000000e+08 -1.514420640000000000e+08
1.988041600000000000e+08 -3.785039040000000000e+08 -1.682281760000000000e+08
1.574455520000000000e+08 -4.360409280000000000e+08 -9.776578400000000000e+07
1.467299840000000000e+08 -4.744502400000000000e+08 -1.662466240000000000e+08
1.370980800000000000e+08 -4.611434240000000000e+08 -1.536246240000000000e+08
1.796575040000000000e+08 -4.100090880000000000e+08 -1.719634080000000000e+08
2.137850560000000000e+08 -3.919516480000000000e+08 -1.553249760000000000e+08
3.892635840000000000e+08 -2.908299840000000000e+08 -2.418779680000000000e+08
2.143448800000000000e+08 -4.132073920000000000e+08 -1.670045120000000000e+08
2.600365600000000000e+08 -3.570879360000000000e+08 -2.063005600000000000e+08
2.352182240000000000e+08 -3.784187840000000000e+08 -1.877197600000000000e+08
2.475663200000000000e+08 -3.640544320000000000e+08 -1.790965760000000000e+08
2.392275040000000000e+08 -3.656357760000000000e+08 -1.903561120000000000e+08
2.890091200000000000e+08 -3.022553280000000000e+08 -2.205575520000000000e+08
2.097070080000000000e+08 -4.374678080000000000e+08 -1.745814560000000000e+08
2.009700000000000000e+08 -4.522889600000000000e+08 -1.703753920000000000e+08
2.049131200000000000e+08 -4.335920000000000000e+08 -1.773628320000000000e+08
2.326848640000000000e+08 -3.805892800000000000e+08 -1.889087520000000000e+08
2.386012480000000000e+08 -3.131468800000000000e+08 -2.219883040000000000e+08
2.417641760000000000e+08 -3.652029120000000000e+08 -1.974663200000000000e+08
4.547662720000000000e+08 -1.277373360000000000e+08 -3.360805120000000000e+08
2.749071680000000000e+08 -3.511050880000000000e+08 -2.012980160000000000e+08
4.244038400000000000e+08 -2.207688960000000000e+08 -3.083160000000000000e+08
2.661768160000000000e+08 -3.893793600000000000e+08 -1.894570240000000000e+08
3.112394240000000000e+08 -3.564409600000000000e+08 -1.767838240000000000e+08
3.670467840000000000e+08 -3.317701760000000000e+08 -2.002047520000000000e+08
3.959593920000000000e+08 -2.765824640000000000e+08 -2.307287360000000000e+08
4.396013440000000000e+08 -2.434599040000000000e+08 -2.278693600000000000e+08
4.981920640000000000e+08 -2.198254240000000000e+08 -1.861287840000000000e+08
5.290433600000000000e+08 -1.672771360000000000e+08 -2.607128480000000000e+08
5.706208000000000000e+08 -1.352567360000000000e+08 -2.808938560000000000e+08
4.770376320000000000e+08 -2.235122720000000000e+08 -2.335743040000000000e+08
4.688774720000000000e+08 -2.292976640000000000e+08 -2.063957440000000000e+08
7.582895360000000000e+08 5.124947200000000000e+07 -3.834380480000000000e+08
8.429459840000000000e+08 9.159972000000000000e+07 -4.058927680000000000e+08
7.918376320000000000e+08 6.454090800000000000e+07 -3.616167040000000000e+08
1.337195008000000000e+09 6.312123520000000000e+08 -4.719471040000000000e+08
8.248038400000000000e+08 9.065216000000000000e+07 -3.353504640000000000e+08
5.597620480000000000e+08 -1.689834560000000000e+08 -1.785942560000000000e+08
1.090012928000000000e+09 2.383829760000000000e+08 -4.171124160000000000e+08
8.859948800000000000e+08 1.614550240000000000e+08 -3.337677440000000000e+08
1.605283584000000000e+09 8.587562240000000000e+08 -7.303964160000000000e+08
1.237626496000000000e+09 4.868637440000000000e+08 -4.396672960000000000e+08
1.089568640000000000e+09 3.554684800000000000e+08 -2.235292480000000000e+08
1.347840896000000000e+09 5.304605760000000000e+08 -2.634616960000000000e+08
1.538423680000000000e+09 7.913132160000000000e+08 -5.465137920000000000e+08
1.191238272000000000e+09 4.109671680000000000e+08 -3.206625280000000000e+08
1.032837056000000000e+09 2.916103680000000000e+08 -2.046706240000000000e+08
-1.273333000000000000e+07 -7.327064320000000000e+08 -7.808873600000000000e+07
-1.273333000000000000e+07 -7.327064320000000000e+08 -7.808873600000000000e+07
-1.273333000000000000e+07 -7.327064320000000000e+08 -7.808873600000000000e+07
-1.273333000000000000e+07 -7.327064320000000000e+08 -7.808873600000000000e+07
-1.273333000000000000e+07 -7.327064320000000000e+08 -7.808873600000000000e+07
-1.273333000000000000e+07 -7.327064320000000000e+08 -7.808873600000000000e+07
1.192768000000000000e+09 4.478836160000000000e+08 -1.514923040000000000e+08
1.311585920000000000e+09 6.104476800000000000e+08 -5.565493120000000000e+08
1.850056320000000000e+09 1.202691328000000000e+09 -6.504580480000000000e+08
1.490632064000000000e+09 7.174890880000000000e+08 -5.168013440000000000e+08
9.579217280000000000e+08 2.480870560000000000e+08 -8.663913600000000000e+07
1.470536704000000000e+09 7.370418560000000000e+08 -5.487367040000000000e+08
1.720423680000000000e+09 9.232870400000000000e+08 -2.246017760000000000e+08
1.843232256000000000e+09 1.252483584000000000e+09 -2.144155200000000000e+08
1.071416000000000000e+09 3.083295040000000000e+08 -3.818497280000000000e+08
1.279253504000000000e+09 5.355218240000000000e+08 -4.914480640000000000e+08
1.666535680000000000e+09 7.520666240000000000e+08 2.921510656000000000e+09
1.108344832000000000e+09 3.191448960000000000e+08 -9.811529600000000000e+07
1.465722624000000000e+09 7.624076800000000000e+08 -5.501927040000000000e+08
1.294133120000000000e+09 5.099855680000000000e+08 -3.851427200000000000e+08
1.231322112000000000e+09 3.666046400000000000e+08 -2.903115840000000000e+08
1.532296704000000000e+09 7.341415680000000000e+08 -3.663155840000000000e+08
1.200915968000000000e+09 4.081051520000000000e+08 -3.994213440000000000e+08
1.289722368000000000e+09 5.247688640000000000e+08 -2.082563040000000000e+08
7.544444160000000000e+08 6.186523200000000000e+07 -2.215870400000000000e+08
1.008716480000000000e+09 2.539998400000000000e+08 -1.337789920000000000e+08
9.894113920000000000e+08 2.352323360000000000e+08 -2.505157600000000000e+08
7.582562560000000000e+08 -4.323855200000000000e+07 -1.094879840000000000e+08
5.610275200000000000e+08 -1.602138080000000000e+08 -1.958029920000000000e+08
6.771663360000000000e+08 -6.192045000000000000e+06 -2.745496960000000000e+08
4.066436800000000000e+08 -2.684345280000000000e+08 -1.901257920000000000e+08
4.282266880000000000e+08 -2.618110880000000000e+08 -1.185003760000000000e+08
4.558018560000000000e+08 -2.454385920000000000e+08 -1.726371520000000000e+08
5.560753920000000000e+08 -1.268371680000000000e+08 -2.517164800000000000e+08
5.469335040000000000e+08 -1.521737280000000000e+08 -1.768734720000000000e+08
5.137842240000000000e+08 -2.241748960000000000e+08 -1.929450240000000000e+08
5.422206080000000000e+08 -1.832412800000000000e+08 -1.485306880000000000e+08
4.215355840000000000e+08 -2.452306080000000000e+08 -1.182168800000000000e+08
4.307149760000000000e+08 -2.479062560000000000e+08 -2.014247840000000000e+08
5.494144640000000000e+08 -1.042929920000000000e+08 -2.851492160000000000e+08
4.131410560000000000e+08 -2.328845920000000000e+08 -1.667592640000000000e+08
3.326892160000000000e+08 -3.185592960000000000e+08 -1.520296960000000000e+08
4.332473280000000000e+08 -2.077288320000000000e+08 -2.229412800000000000e+08
2.967956160000000000e+08 -3.426594240000000000e+08 -1.991353600000000000e+08
3.066873600000000000e+08 -3.505652800000000000e+08 -1.683676160000000000e+08
2.252974720000000000e+08 -4.056984960000000000e+08 -1.358816960000000000e+08
2.979478720000000000e+08 -3.161287360000000000e+08 -1.916600480000000000e+08
2.249851360000000000e+08 -3.911489600000000000e+08 -1.739951200000000000e+08
2.191275360000000000e+08 -3.961918400000000000e+08 -1.695328000000000000e+08
2.815407360000000000e+08 -3.150003520000000000e+08 -2.136080640000000000e+08
2.706705600000000000e+08 -2.932919040000000000e+08 -2.205320000000000000e+08
2.301439680000000000e+08 -3.668618880000000000e+08 -2.006003840000000000e+08
2.030294720000000000e+08 -3.708946880000000000e+08 -2.090619840000000000e+08
1.965134400000000000e+08 -3.811431040000000000e+08 -1.908545280000000000e+08
2.322134880000000000e+08 -2.751522880000000000e+08 -2.398229760000000000e+08
1.680288800000000000e+08 -4.095128640000000000e+08 -1.837381120000000000e+08
1.582106720000000000e+08 -4.158868160000000000e+08 -1.817730560000000000e+08
1.540027680000000000e+08 -3.901172800000000000e+08 -1.755698400000000000e+08
1.442069600000000000e+08 -4.029165440000000000e+08 -1.703825120000000000e+08
1.180362320000000000e+08 -4.370132800000000000e+08 -1.564129600000000000e+08
1.431079840000000000e+08 -4.312032640000000000e+08 -1.452468000000000000e+08
9.805424000000000000e+07 -4.765642880000000000e+08 -1.385040320000000000e+08
1.360414240000000000e+08 -4.035149120000000000e+08 -1.552696160000000000e+08
1.340138240000000000e+08 -4.037183040000000000e+08 -1.254801200000000000e+08
1.152274800000000000e+08 -4.006139840000000000e+08 -1.362257600000000000e+08
1.103515520000000000e+08 -4.250913920000000000e+08 -1.412535840000000000e+08
1.154759360000000000e+08 -4.092364800000000000e+08 -1.346523200000000000e+08
9.383005600000000000e+07 -4.308913920000000000e+08 -1.327345680000000000e+08
1.120457600000000000e+08 -4.217363520000000000e+08 -1.617288960000000000e+08
1.457364960000000000e+08 -3.390145600000000000e+08 -1.411140800000000000e+08
1.349706720000000000e+08 -3.726528000000000000e+08 -1.502090720000000000e+08
7.386242400000000000e+07 -4.437278400000000000e+08 -1.272534720000000000e+08
2.425620800000000000e+08 -3.910580160000000000e+08 4.830379600000000000e+07
1.223006560000000000e+08 -4.153175680000000000e+08 -1.186630480000000000e+08
1.121864880000000000e+08 -3.554511040000000000e+08 -1.650829920000000000e+08
9.563735200000000000e+07 -3.026353280000000000e+08 -1.673034400000000000e+08
8.808334400000000000e+07 -1.923799840000000000e+08 -1.704831360000000000e+08
6.849405600000000000e+07 -4.295886080000000000e+08 -7.796017600000000000e+07
6.941052800000000000e+07 -4.026691200000000000e+08 -9.009306400000000000e+07
8.536086400000000000e+07 -4.091345920000000000e+08 -8.195499200000000000e+07
3.340578400000000000e+07 -4.328524160000000000e+08 -1.069438400000000000e+08
5.243066800000000000e+07 -3.908536960000000000e+08 -9.987380000000000000e+07
6.356531200000000000e+07 -3.841013120000000000e+08 -6.585064400000000000e+07
4.864189200000000000e+07 -4.124171840000000000e+08 -1.020219920000000000e+08
5.092522800000000000e+07 -4.006454400000000000e+08 -1.160622960000000000e+08
-1.530308625000000000e+06 -3.548794880000000000e+08 -1.131586240000000000e+08
2.797155600000000000e+07 -3.927030720000000000e+08 -1.301508640000000000e+08
-9.760329000000000000e+06 -3.734200000000000000e+08 -8.028020800000000000e+07
1.276004600000000000e+07 -4.195080320000000000e+08 -1.234631360000000000e+08
1.382627100000000000e+07 -4.176851200000000000e+08 -1.117462560000000000e+08
-1.327899250000000000e+06 -3.445327680000000000e+08 -1.040181360000000000e+08
-4.312944400000000000e+07 -3.692662400000000000e+08 -1.091121440000000000e+08
-7.630230400000000000e+07 -4.221966720000000000e+08 -9.038983200000000000e+07
-1.109651500000000000e+07 -4.686315840000000000e+08 -9.685878400000000000e+07
-5.044132800000000000e+07 -3.501938240000000000e+08 -1.269595600000000000e+08
2.398125750000000000e+06 -3.730178560000000000e+08 -9.874062400000000000e+07
-5.168368400000000000e+07 -1.461160640000000000e+08 -1.590279520000000000e+08
-7.629428800000000000e+07 -3.667043200000000000e+08 -1.051271760000000000e+08
-4.205920800000000000e+07 -4.223001920000000000e+08 -1.125223280000000000e+08
-8.188436800000000000e+07 -3.446614400000000000e+08 -9.311970400000000000e+07
-4.860185200000000000e+07 -4.014160320000000000e+08 -1.041116000000000000e+08
-5.643865200000000000e+07 -3.237415040000000000e+08 -8.538593600000000000e+07
-1.657511680000000000e+08 -3.303472320000000000e+08 -9.170032800000000000e+07
-7.700834400000000000e+07 -3.860840960000000000e+08 -9.660688800000000000e+07
-7.559364800000000000e+07 -3.855064000000000000e+08 -1.156317200000000000e+08
-6.681386000000000000e+07 -3.390019840000000000e+08 -1.313989520000000000e+08
-1.297520800000000000e+08 -3.149007680000000000e+08 -1.351432800000000000e+08
-7.774552800000000000e+07 -3.897042240000000000e+08 -1.133439680000000000e+08
-1.213231920000000000e+08 -3.596382720000000000e+08 -1.154870560000000000e+08
-6.734343200000000000e+07 -4.061783040000000000e+08 -1.123529440000000000e+08
-1.766762240000000000e+08 -2.844032320000000000e+08 -1.850837760000000000e+08
-1.533450880000000000e+08 -3.306630720000000000e+08 -7.587777600000000000e+07
-8.951432800000000000e+07 -3.153697920000000000e+08 -1.240206400000000000e+08
-7.919780000000000000e+07 -4.327487680000000000e+08 -9.905320000000000000e+07
-8.725155200000000000e+07 -4.305754240000000000e+08 -8.402227200000000000e+07
-1.015973760000000000e+08 -3.675951040000000000e+08 -9.579865600000000000e+07
-2.182702720000000000e+08 -1.986837760000000000e+08 -1.000482000000000000e+08
-1.592947040000000000e+08 -3.324166080000000000e+08 -8.190075200000000000e+07
-1.094747600000000000e+08 -3.941224640000000000e+08 -7.248127200000000000e+07
-1.106878480000000000e+08 -3.920652160000000000e+08 -9.841510400000000000e+07
-1.086714720000000000e+08 -3.921064000000000000e+08 -1.093997920000000000e+08
-1.540210720000000000e+08 -3.270107840000000000e+08 -1.753022080000000000e+08
-1.038096240000000000e+08 -3.618615040000000000e+08 -6.571318400000000000e+07
-1.483395200000000000e+08 -3.275886400000000000e+08 -1.153757760000000000e+08
-1.341822480000000000e+08 -2.788011520000000000e+08 -6.386478400000000000e+07
-2.129271520000000000e+08 -2.149644800000000000e+08 -1.292560720000000000e+08
-1.238910160000000000e+08 -3.233417600000000000e+08 -9.879064000000000000e+07
-1.388495040000000000e+08 -3.710187200000000000e+08 -8.650028800000000000e+07
-1.566316640000000000e+08 -2.853734400000000000e+08 -1.088662240000000000e+08
-1.765385280000000000e+08 -3.309498560000000000e+08 -8.863364000000000000e+07
-1.445985280000000000e+08 -4.016879680000000000e+08 -8.103748800000000000e+07
-1.838386240000000000e+08 -3.712058880000000000e+08 -6.731717600000000000e+07
-2.570006880000000000e+08 -2.478037760000000000e+08 -8.650908800000000000e+07
-2.389269600000000000e+08 -2.771670400000000000e+08 -8.558511200000000000e+07
-1.890176960000000000e+08 -2.862384960000000000e+08 -1.079544800000000000e+08
-1.665403520000000000e+08 -3.244877440000000000e+08 -9.823520800000000000e+07
-2.537534080000000000e+08 -5.401923600000000000e+07 -7.937799200000000000e+07
-2.624840320000000000e+08 -1.624695840000000000e+08 -7.767086400000000000e+07
-4.062984960000000000e+08 -1.238398960000000000e+08 8.754772000000000000e+06
-2.802794560000000000e+08 -2.045662400000000000e+08 -9.969073600000000000e+07
-1.978057760000000000e+08 -3.250678400000000000e+08 -9.609847200000000000e+07
-2.378054080000000000e+08 -2.808165440000000000e+08 -9.590788000000000000e+07
-2.681918560000000000e+08 -2.597318560000000000e+08 -8.709469600000000000e+07
-4.307442240000000000e+08 -4.341692800000000000e+07 -4.621870000000000000e+07
-2.935945600000000000e+08 -2.304771360000000000e+08 -8.707001600000000000e+07
-2.358430880000000000e+08 -2.623728640000000000e+08 -8.241904800000000000e+07
-2.125747520000000000e+08 -3.149291840000000000e+08 -9.153788000000000000e+07
-3.153953600000000000e+08 -1.810706880000000000e+08 -7.614224800000000000e+07
-2.546042080000000000e+08 -2.427462080000000000e+08 -9.160692000000000000e+07
-2.199256160000000000e+08 -2.794296960000000000e+08 -1.146110400000000000e+08
-2.399699840000000000e+08 -2.624876800000000000e+08 -8.339439200000000000e+07
-5.124008320000000000e+08 -5.333843200000000000e+07 2.127701200000000000e+07
-4.134042240000000000e+08 -1.569634880000000000e+08 -5.603825600000000000e+07
-2.986199680000000000e+08 -2.373954880000000000e+08 -8.414512000000000000e+07
-3.571719680000000000e+08 -1.383159520000000000e+08 -1.280795520000000000e+08
-2.694025600000000000e+08 -2.095387360000000000e+08 -1.411789120000000000e+08
-2.617695680000000000e+08 -2.627663360000000000e+08 -8.717630400000000000e+07
-4.241510080000000000e+08 -1.132771760000000000e+08 -4.765949600000000000e+07
-5.146563200000000000e+08 -6.104706000000000000e+07 -9.418183000000000000e+06
-2.831177920000000000e+08 -2.323476000000000000e+08 -1.004681680000000000e+08
-2.846791040000000000e+08 -2.416673440000000000e+08 -8.595020000000000000e+07
-7.431983360000000000e+08 3.248705920000000000e+08 -2.191228960000000000e+08
-3.010082560000000000e+08 -2.039752480000000000e+08 -1.104213600000000000e+08
-4.181167360000000000e+08 -1.029587760000000000e+08 -1.064312080000000000e+08
-4.990083840000000000e+08 4.331300400000000000e+07 -9.932292000000000000e+07
-5.350912960000000000e+08 -7.601664000000000000e+07 -1.342026500000000000e+07
-4.748710080000000000e+08 -9.691042400000000000e+07 -6.379247600000000000e+07
-9.285696000000000000e+08 3.743411520000000000e+08 -6.239583000000000000e+06
-5.440423680000000000e+08 3.132669000000000000e+07 -8.043630400000000000e+07
-4.023513920000000000e+08 -1.763748960000000000e+08 -3.257583400000000000e+07
-4.149196480000000000e+08 -1.462396000000000000e+08 -6.502103200000000000e+07
-3.863078720000000000e+08 -1.068193680000000000e+08 -1.032310480000000000e+08
-3.966191680000000000e+08 -1.233511760000000000e+08 -9.199584800000000000e+07
-5.074802880000000000e+08 -1.872044200000000000e+07 -2.357585800000000000e+07
-5.742434560000000000e+08 9.160948000000000000e+07 4.520857500000000000e+06
-4.320101440000000000e+08 -1.029477840000000000e+08 -7.305580800000000000e+07
-3.681928640000000000e+08 -1.511574560000000000e+08 -7.044890400000000000e+07
-3.529539520000000000e+08 -1.878582560000000000e+08 -1.014561680000000000e+08
-7.067207040000000000e+08 1.179930400000000000e+08 2.185491200000000000e+07
-3.959774720000000000e+08 -1.382140000000000000e+08 -1.353619040000000000e+08
-4.325086080000000000e+08 -1.204567120000000000e+08 -7.498248000000000000e+07
-5.925445120000000000e+08 -1.485273900000000000e+07 -2.100230250000000000e+06
-5.341610560000000000e+08 -6.099748400000000000e+07 -2.182534400000000000e+08
-8.606243200000000000e+08 2.170811040000000000e+08 5.872305000000000000e+06
-5.045849280000000000e+08 -8.475893600000000000e+07 -6.734895200000000000e+07
-5.211467520000000000e+08 -2.693919200000000000e+07 -6.618496000000000000e+07
-5.359388800000000000e+08 -6.386006400000000000e+07 -3.257533000000000000e+07
-5.381434240000000000e+08 -3.216774200000000000e+07 -3.443260800000000000e+07
-8.726523520000000000e+08 3.697765440000000000e+08 -5.547148000000000000e+06
-8.663279360000000000e+08 2.612107360000000000e+08 -3.028990400000000000e+07
-4.441107200000000000e+08 -1.508037600000000000e+08 -1.077683120000000000e+08
-5.719414400000000000e+08 7.386891000000000000e+06 -4.901780800000000000e+07
-6.203530880000000000e+08 1.074701300000000000e+07 -5.158712800000000000e+07
-5.045848640000000000e+08 -9.461036800000000000e+07 -6.847751200000000000e+07
-5.891372800000000000e+08 2.173812800000000000e+07 -7.324823200000000000e+07
-7.982152960000000000e+08 2.012646560000000000e+08 4.407410400000000000e+07
-6.613584640000000000e+08 5.158557600000000000e+07 -8.144728800000000000e+07
-6.068330880000000000e+08 4.949405200000000000e+07 -6.642426800000000000e+07
-5.552929280000000000e+08 -5.217832000000000000e+06 -6.767821600000000000e+07
-8.670097280000000000e+08 2.997199680000000000e+08 -1.732165000000000000e+07
-7.645248000000000000e+08 1.440878400000000000e+08 -2.977705800000000000e+07
-7.210474240000000000e+08 1.707020960000000000e+08 -4.662609200000000000e+07
-1.008367872000000000e+09 5.613913600000000000e+08 -1.482896160000000000e+08
-6.605317760000000000e+08 1.073785920000000000e+08 -9.135304800000000000e+07
-1.043294720000000000e+09 5.013550080000000000e+08 -1.708376800000000000e+07
-8.965891200000000000e+08 3.584923840000000000e+08 -2.683164000000000000e+07
-8.661758720000000000e+08 3.015731200000000000e+08 -8.331293600000000000e+07
-7.082070400000000000e+08 1.198890400000000000e+08 -1.119382400000000000e+08
-6.790563200000000000e+08 5.756797600000000000e+07 -1.118986400000000000e+08
-6.192739200000000000e+08 5.081667200000000000e+07 -7.182772800000000000e+07
-7.771686400000000000e+08 2.120621760000000000e+08 -8.360528000000000000e+07
-8.533122560000000000e+08 2.908416960000000000e+08 -7.815268000000000000e+07
-1.387619456000000000e+09 8.710304640000000000e+08 -4.789667200000000000e+08
-8.119001600000000000e+08 3.017868800000000000e+08 -6.027695500000000000e+06
-5.696538240000000000e+08 -3.104546875000000000e+05 -8.467260800000000000e+07
-1.007922304000000000e+09 4.030246080000000000e+08 7.414796800000000000e+07
-6.346519040000000000e+08 7.654837600000000000e+07 -1.283994000000000000e+08
-6.781874560000000000e+08 1.284976400000000000e+08 -1.171968080000000000e+08
-1.507358080000000000e+09 1.024699520000000000e+09 -7.374646400000000000e+08
-1.226386560000000000e+09 6.263706240000000000e+08 1.076628240000000000e+08
-6.362554240000000000e+08 4.987790000000000000e+07 -5.191616000000000000e+07
-1.178980864000000000e+09 5.235630720000000000e+08 4.107957200000000000e+07
-6.046892160000000000e+08 6.862248000000000000e+06 -8.930636800000000000e+07
-1.254015488000000000e+09 6.567432960000000000e+08 1.375129600000000000e+08
-8.217607680000000000e+08 2.269523360000000000e+08 -8.078260800000000000e+07
-8.288476160000000000e+08 2.263566080000000000e+08 -5.067514400000000000e+07
-1.288219648000000000e+09 6.269706240000000000e+08 -3.288340400000000000e+07
-1.139750912000000000e+09 5.538394880000000000e+08 -1.638904160000000000e+08
-1.258342784000000000e+09 6.447137920000000000e+08 1.334533200000000000e+08
-9.064730240000000000e+08 2.636117440000000000e+08 1.279287900000000000e+07
-6.550510720000000000e+08 8.414188000000000000e+07 -9.024489600000000000e+07
-7.540462720000000000e+08 1.837172640000000000e+08 -9.653970400000000000e+07
-1.109662848000000000e+09 4.733155520000000000e+08 3.889037600000000000e+07
-9.219708160000000000e+08 3.477907840000000000e+08 -1.402746560000000000e+08
-1.152184576000000000e+09 5.211022080000000000e+08 -4.536054800000000000e+07
-8.101920000000000000e+08 2.415326400000000000e+08 -8.777259200000000000e+07
-8.994560640000000000e+08 2.488491520000000000e+08 -2.469775800000000000e+07
-1.060964160000000000e+09 3.505751360000000000e+08 5.605790400000000000e+07
-8.062939520000000000e+08 2.062636000000000000e+08 -1.294452900000000000e+07
-1.458419456000000000e+09 6.981183360000000000e+08 1.408206080000000000e+08
-6.997004800000000000e+08 9.430243200000000000e+07 -6.767846400000000000e+07
-1.348528768000000000e+09 7.541689600000000000e+08 -5.743716000000000000e+07
-6.350629120000000000e+08 -6.142182000000000000e+06 -5.090081200000000000e+07
-7.962071680000000000e+08 2.268033440000000000e+08 -1.112584240000000000e+08
-8.456297600000000000e+08 2.029585120000000000e+08 -6.559827600000000000e+07
-1.151971200000000000e+09 4.833294720000000000e+08 5.120265200000000000e+07
-1.198114944000000000e+09 5.580038400000000000e+08 -8.483970400000000000e+07
-9.408474880000000000e+08 2.862880960000000000e+08 -6.163723200000000000e+07
-8.554023680000000000e+08 2.222817600000000000e+08 -4.750765200000000000e+07
-1.495594240000000000e+09 8.534287360000000000e+08 8.042444800000000000e+07
-1.134922112000000000e+09 4.884635840000000000e+08 -4.523881000000000000e+06
-9.143685760000000000e+08 3.115829120000000000e+08 -6.762919200000000000e+07
-1.168216960000000000e+09 5.488841600000000000e+08 -2.003112000000000000e+07
-1.702844160000000000e+09 1.080557696000000000e+09 2.816361920000000000e+08
-1.523138176000000000e+09 8.580881920000000000e+08 -1.507502400000000000e+07
-1.976127872000000000e+09 1.473134464000000000e+09 4.549969920000000000e+08
-1.079930112000000000e+09 5.034312000000000000e+08 -1.102401920000000000e+08
-1.106237824000000000e+09 5.170894080000000000e+08 -9.054734400000000000e+07
-1.100495104000000000e+09 5.048993600000000000e+08 -4.251599200000000000e+07
-1.580229120000000000e+09 1.019205184000000000e+09 -8.218387200000000000e+07
-1.599836928000000000e+09 9.736225920000000000e+08 2.680451520000000000e+08
-1.430867456000000000e+09 8.926888960000000000e+08 -3.394450800000000000e+07
-1.145966464000000000e+09 6.185671680000000000e+08 -1.146706560000000000e+08
-1.085303936000000000e+09 5.293024960000000000e+08 -2.182320960000000000e+08
-1.318686976000000000e+09 7.498810880000000000e+08 -8.308034400000000000e+07
-1.027683072000000000e+09 4.593997760000000000e+08 -6.606200400000000000e+07
-1.602441344000000000e+09 1.055106880000000000e+09 4.436077200000000000e+07
-1.717443328000000000e+09 1.201566464000000000e+09 -8.988037600000000000e+07
-1.055973312000000000e+09 5.370243840000000000e+08 -1.394226720000000000e+08
-2.810080768000000000e+09 2.803873280000000000e+09 8.504734720000000000e+08
-1.222454912000000000e+09 6.925128960000000000e+08 -1.661708480000000000e+08
-1.625810432000000000e+09 1.232454016000000000e+09 -3.040050880000000000e+08
-2.114115840000000000e+09 2.074650240000000000e+09 6.128515200000000000e+08
-1.550244096000000000e+09 1.087905152000000000e+09 -3.743807600000000000e+07
-1.293644160000000000e+09 6.957862400000000000e+08 5.722731200000000000e+07
-1.074903040000000000e+09 5.195421440000000000e+08 -1.701812960000000000e+08
-1.008801856000000000e+09 4.379849920000000000e+08 -6.690566800000000000e+07
-9.573519360000000000e+08 3.986552000000000000e+08 -1.170118480000000000e+08
-2.241112320000000000e+09 1.719090304000000000e+09 1.782853440000000000e+08
-1.694556288000000000e+09 1.222665344000000000e+09 -9.975215200000000000e+07
-1.189400064000000000e+09 6.404824320000000000e+08 -1.097418800000000000e+08
-3.784288256000000000e+09 4.025584384000000000e+09 5.251320640000000000e+08
-1.681367808000000000e+09 1.335282816000000000e+09 -1.707787200000000000e+08
-2.032720256000000000e+09 1.761653632000000000e+09 -1.260613120000000000e+08
-1.722677504000000000e+09 1.297238144000000000e+09 -1.189282000000000000e+08
-2.959533312000000000e+09 3.058407424000000000e+09 -6.915783040000000000e+08
-2.919051520000000000e+09 3.315613440000000000e+09 -9.523739520000000000e+08
-3.901444096000000000e+09 5.383522304000000000e+09 -5.306529792000000000e+09
-1.904387840000000000e+09 1.579657984000000000e+09 -8.762143200000000000e+07
-2.495827712000000000e+09 2.582022912000000000e+09 4.837427200000000000e+08
-1.486672384000000000e+09 1.665581824000000000e+09 -2.972761920000000000e+08
-1.273333000000000000e+07 -7.327064320000000000e+08 -7.808873600000000000e+07
-1.273333000000000000e+07 -7.327064320000000000e+08 -7.808873600000000000e+07
-1.273333000000000000e+07 -7.327064320000000000e+08 -7.808873600000000000e+07
-1.273333000000000000e+07 -7.327064320000000000e+08 -7.808873600000000000e+07
-1.273333000000000000e+07 -7.327064320000000000e+08 -7.808873600000000000e+07
-1.273333000000000000e+07 -7.327064320000000000e+08 -7.808873600000000000e+07
-1.273333000000000000e+07 -7.327064320000000000e+08 -7.808873600000000000e+07
4.720158800000000000e+07 -3.610493120000000000e+08 -1.142080240000000000e+08
-4.139184400000000000e+07 -3.761449600000000000e+08 -5.395867200000000000e+07
5.664490400000000000e+07 -3.536384960000000000e+08 -1.358569600000000000e+08
7.227241600000000000e+07 -4.368151040000000000e+08 -1.005451040000000000e+08
7.105419200000000000e+07 -3.935564160000000000e+08 -1.137901600000000000e+08
4.687066800000000000e+07 -3.861923200000000000e+08 -8.475320800000000000e+07
1.524489760000000000e+08 -3.739778560000000000e+08 -7.673818400000000000e+07
9.824760800000000000e+07 -4.224680000000000000e+08 -9.862592800000000000e+07
1.942520640000000000e+08 -4.438735040000000000e+08 -8.674004800000000000e+07
1.203308880000000000e+08 -4.729095040000000000e+08 -8.216166400000000000e+07
1.333093520000000000e+08 -3.935037120000000000e+08 -1.146503760000000000e+08
2.362680320000000000e+08 -3.316242880000000000e+08 -1.081482000000000000e+08
1.471237280000000000e+08 -4.062832000000000000e+08 -6.474638800000000000e+07
1.558115680000000000e+08 -4.148511040000000000e+08 -6.101261200000000000e+07
2.291364800000000000e+08 -3.671676480000000000e+08 -1.071545680000000000e+08
2.025474240000000000e+08 -3.768643200000000000e+08 -1.183330000000000000e+08
1.804042080000000000e+08 -4.106523840000000000e+08 -7.107883200000000000e+07
2.868887680000000000e+08 -2.599562080000000000e+08 -1.660477600000000000e+08
2.354874400000000000e+08 -3.419198080000000000e+08 -1.165566880000000000e+08
3.264820800000000000e+08 -2.289712000000000000e+08 -1.328261200000000000e+08
3.898081600000000000e+08 -2.176033280000000000e+08 -7.946169600000000000e+07
2.559829760000000000e+08 -3.761858880000000000e+08 -7.818770400000000000e+07
2.352622560000000000e+08 -3.596443840000000000e+08 -1.111482320000000000e+08
4.819610560000000000e+08 -1.325218400000000000e+08 -1.710631200000000000e+08
2.380346400000000000e+08 -3.891970880000000000e+08 -1.001427280000000000e+08
2.651793440000000000e+08 -3.627339840000000000e+08 -9.539264800000000000e+07
2.473779840000000000e+08 -3.338973440000000000e+08 -1.083531040000000000e+08
2.788472640000000000e+08 -3.417556160000000000e+08 -4.619691600000000000e+07
2.575524800000000000e+08 -3.605479680000000000e+08 -1.170064480000000000e+08
2.888573760000000000e+08 -3.223419840000000000e+08 -7.511325600000000000e+07
2.723336320000000000e+08 -3.598868800000000000e+08 -1.052067280000000000e+08
3.150908160000000000e+08 -2.787946240000000000e+08 -7.289726400000000000e+07
3.587038400000000000e+08 -2.604285440000000000e+08 -8.434002400000000000e+07
2.745768000000000000e+08 -3.451196480000000000e+08 -1.014985440000000000e+08
3.129087360000000000e+08 -2.702846400000000000e+08 -8.702440800000000000e+07
3.363253120000000000e+08 -2.683727360000000000e+08 -1.569044480000000000e+08
3.027228160000000000e+08 -3.222304960000000000e+08 -1.394983840000000000e+08
4.110481600000000000e+08 -2.672981600000000000e+08 -1.286735840000000000e+08
5.162655680000000000e+08 -1.488941440000000000e+08 -7.671154400000000000e+07
3.728249920000000000e+08 -2.862105600000000000e+08 -5.477220400000000000e+07
3.893615680000000000e+08 -2.655020640000000000e+08 -9.670918400000000000e+07
3.800254080000000000e+08 -2.877612480000000000e+08 -1.311022880000000000e+08
4.017302080000000000e+08 -2.416160160000000000e+08 -4.203660000000000000e+07
5.326550400000000000e+08 -1.567838080000000000e+08 -1.003674640000000000e+08
4.837556800000000000e+08 -2.106060320000000000e+08 -8.084190400000000000e+07
4.346589120000000000e+08 -2.595569600000000000e+08 -8.129376000000000000e+07
6.524469760000000000e+08 -8.666492000000000000e+07 8.562329600000000000e+07
5.218646400000000000e+08 -2.340740160000000000e+08 -1.020565360000000000e+08
4.305563840000000000e+08 -2.739679360000000000e+08 -7.062569600000000000e+07
4.451997120000000000e+08 -2.531185120000000000e+08 -9.663480800000000000e+07
8.456782720000000000e+08 1.282774320000000000e+08 -5.200156400000000000e+07
8.785252480000000000e+08 3.245673200000000000e+07 -2.336152200000000000e+07
4.658752000000000000e+08 -2.414886240000000000e+08 -1.127730480000000000e+08
7.557281920000000000e+08 -6.812212800000000000e+07 3.826299600000000000e+07
5.256047680000000000e+08 -2.094456000000000000e+08 5.471530240000000000e+08
7.187680000000000000e+08 2.353388500000000000e+06 -1.066350500000000000e+07
7.975639040000000000e+08 4.357275200000000000e+07 -2.770869440000000000e+08
4.445229440000000000e+08 -2.771922880000000000e+08 -5.300808000000000000e+07
7.838499200000000000e+08 -1.139166400000000000e+07 -6.533899200000000000e+07
1.198956544000000000e+09 3.480056960000000000e+08 1.524428480000000000e+08
6.202209920000000000e+08 -1.446659360000000000e+08 -1.198411040000000000e+08
7.649436160000000000e+08 -4.086915312500000000e+05 1.051853840000000000e+08
6.137957120000000000e+08 -1.461350400000000000e+08 -6.056269200000000000e+07
5.833789440000000000e+08 -1.417319200000000000e+08 -8.450618400000000000e+07
6.947324160000000000e+08 -8.808980800000000000e+07 -6.031388800000000000e+07
8.781400960000000000e+08 1.189379280000000000e+08 -1.172943680000000000e+08
7.783139200000000000e+08 1.821451600000000000e+07 -1.057309360000000000e+08
9.640217600000000000e+08 1.700158400000000000e+08 -1.735996960000000000e+08
1.024169920000000000e+09 2.031185120000000000e+08 -1.264854160000000000e+08
9.619332480000000000e+08 2.049064320000000000e+08 -9.742092000000000000e+07
1.674139776000000000e+09 6.935076480000000000e+08 5.329937920000000000e+09
6.728150400000000000e+08 -8.895886400000000000e+07 -8.215806400000000000e+07
8.665230720000000000e+08 8.139124000000000000e+07 -1.040099360000000000e+08
1.286848000000000000e+09 4.573244480000000000e+08 -2.718669440000000000e+08
1.290090496000000000e+09 5.764915200000000000e+08 -1.317607520000000000e+08
1.098206208000000000e+09 3.630748800000000000e+08 -4.558503200000000000e+07
1.128125056000000000e+09 2.937393600000000000e+08 -2.051881400000000000e+07
8.343757440000000000e+08 6.583102000000000000e+07 -8.332060800000000000e+07
9.607957760000000000e+08 1.683319360000000000e+08 -1.917630720000000000e+08
1.414479872000000000e+09 5.691898240000000000e+08 1.237646800000000000e+08
1.635644416000000000e+09 7.636620160000000000e+08 -3.235588160000000000e+08
9.972019840000000000e+08 1.926600640000000000e+08 -1.888760160000000000e+08
1.297033728000000000e+09 4.500732160000000000e+08 4.316750720000000000e+08
1.125515904000000000e+09 2.857923200000000000e+08 -4.171836800000000000e+07
1.429387648000000000e+09 6.530562560000000000e+08 -4.599584960000000000e+08
1.496130432000000000e+09 5.669872640000000000e+08 -2.328933280000000000e+08
1.655664640000000000e+09 8.444935680000000000e+08 -4.430383360000000000e+08
1.437587200000000000e+09 6.167088640000000000e+08 -3.903674240000000000e+08
1.261701120000000000e+09 4.014205440000000000e+08 -1.928163680000000000e+08
3.869378048000000000e+09 3.067876096000000000e+09 -1.616678016000000000e+09
1.353331200000000000e+09 6.193763840000000000e+08 -2.919672960000000000e+08
1.711878784000000000e+09 8.762196480000000000e+08 -3.005600960000000000e+08
1.596091008000000000e+09 8.005674240000000000e+08 3.082430400000000000e+08
2.080674432000000000e+09 1.308107264000000000e+09 -3.768161920000000000e+08
1.887453056000000000e+09 9.502236800000000000e+08 -1.947916000000000000e+08
2.519377920000000000e+09 1.479657216000000000e+09 1.148600832000000000e+09
2.133707008000000000e+09 1.236291584000000000e+09 -2.673921280000000000e+08
2.813509888000000000e+09 1.936999296000000000e+09 -6.826481920000000000e+08
1.411806720000000000e+09 6.234120960000000000e+08 -3.251480000000000000e+08
2.366556928000000000e+09 1.550092032000000000e+09 -3.574970240000000000e+08
2.476722176000000000e+09 1.675656448000000000e+09 -2.774181760000000000e+08
2.204397312000000000e+09 1.400711168000000000e+09 -1.037850480000000000e+08
2.224790784000000000e+09 1.449510016000000000e+09 -5.719644000000000000e+07
-1.273333000000000000e+07 -7.327064320000000000e+08 -7.808873600000000000e+07
-1.273333000000000000e+07 -7.327064320000000000e+08 -7.808873600000000000e+07
-1.273333000000000000e+07 -7.327064320000000000e+08 -7.808873600000000000e+07
-1.273333000000000000e+07 -7.327064320000000000e+08 -7.808873600000000000e+07
-1.273333000000000000e+07 -7.327064320000000000e+08 -7.808873600000000000e+07
-1.273333000000000000e+07 -7.327064320000000000e+08 -7.808873600000000000e+07
-1.273333000000000000e+07 -7.327064320000000000e+08 -7.808873600000000000e+07
-1.273333000000000000e+07 -7.327064320000000000e+08 -7.808873600000000000e+07
2.860173568000000000e+09 2.224923136000000000e+09 -6.649762560000000000e+08
2.482136064000000000e+09 1.745897984000000000e+09 -7.929820160000000000e+08
1.295288576000000000e+09 5.764465920000000000e+08 -1.169782640000000000e+08
3.129492736000000000e+09 2.299952128000000000e+09 4.679177728000000000e+09
1.741957248000000000e+09 1.039950336000000000e+09 -4.189855360000000000e+08
1.757142528000000000e+09 9.972755200000000000e+08 -3.057705600000000000e+08
1.359574912000000000e+09 6.111162240000000000e+08 -3.262389440000000000e+08
3.584270080000000000e+09 3.115967488000000000e+09 -1.682736256000000000e+09
2.822909952000000000e+09 2.239865088000000000e+09 -5.717584000000000000e+08
3.372321024000000000e+09 2.625831936000000000e+09 -7.508639360000000000e+08
2.932404992000000000e+09 2.078152832000000000e+09 -5.308340160000000000e+08
2.704009984000000000e+09 1.965406592000000000e+09 5.121970400000000000e+07
1.303842688000000000e+09 5.352357760000000000e+08 8.276876800000000000e+07
1.203180672000000000e+09 4.410857600000000000e+08 -8.390577600000000000e+07
1.406274432000000000e+09 5.976860800000000000e+08 -2.749269760000000000e+08
2.143542400000000000e+09 1.341002112000000000e+09 1.853655808000000000e+09
1.493829376000000000e+09 6.776609280000000000e+08 -2.101240320000000000e+08
2.327000320000000000e+09 1.430027520000000000e+09 -5.691156480000000000e+08
1.179226752000000000e+09 3.593259520000000000e+08 -1.243460800000000000e+08
1.019645696000000000e+09 2.510288640000000000e+08 -2.026515680000000000e+08
1.069409728000000000e+09 3.035787520000000000e+08 -2.494273440000000000e+08
1.004866944000000000e+09 2.241774560000000000e+08 -8.638988800000000000e+07
8.494011520000000000e+08 7.078744000000000000e+07 -1.676412160000000000e+08
1.025229568000000000e+09 2.263008160000000000e+08 -2.125528160000000000e+08
1.269801728000000000e+09 4.340302400000000000e+08 -3.065789760000000000e+08
1.302349568000000000e+09 4.914106240000000000e+08 -3.624997440000000000e+08
8.095196160000000000e+08 4.610614000000000000e+07 -2.258028800000000000e+08
8.264007040000000000e+08 1.000398480000000000e+08 -2.522187840000000000e+08
6.503232000000000000e+08 -6.885570400000000000e+07 -1.787806560000000000e+08
5.163250880000000000e+08 -1.750109600000000000e+08 -1.369035840000000000e+08
5.963445760000000000e+08 -1.162638000000000000e+08 -1.702862080000000000e+08
6.876277760000000000e+08 1.072762000000000000e+07 -2.568204960000000000e+08
8.859290880000000000e+08 1.936478240000000000e+08 -2.753857600000000000e+08
6.571703680000000000e+08 -2.179204800000000000e+07 -1.838089600000000000e+08
4.938328000000000000e+08 -1.742768480000000000e+08 -3.611251200000000000e+07
1.118624128000000000e+09 3.981875520000000000e+08 -4.890378560000000000e+08
8.762734720000000000e+08 1.470805600000000000e+08 -2.411813280000000000e+08
1.068515648000000000e+09 3.080171840000000000e+08 -1.735294880000000000e+08
6.928288640000000000e+08 -3.830533200000000000e+07 -2.513638200000000000e+07
6.300108160000000000e+08 -9.501450400000000000e+07 -1.121282560000000000e+08
6.874433920000000000e+08 -3.119689400000000000e+07 -1.959046720000000000e+08
7.718179200000000000e+08 -3.354278800000000000e+07 -2.733514000000000000e+07
6.481769600000000000e+08 -5.832515200000000000e+07 -1.058503200000000000e+08
8.089121280000000000e+08 7.943454400000000000e+07 3.690375360000000000e+08
5.872978560000000000e+08 -1.267615440000000000e+08 -1.080347520000000000e+08
8.494359680000000000e+08 9.691148800000000000e+07 -1.187703040000000000e+08
6.760659200000000000e+08 -7.215918400000000000e+07 1.363725600000000000e+07
8.144160640000000000e+08 5.361111200000000000e+07 7.496908800000000000e+08
4.911739840000000000e+08 -2.096649280000000000e+08 -7.936548000000000000e+07
6.124949760000000000e+08 -1.310326160000000000e+08 -1.158859520000000000e+08
5.522638080000000000e+08 -1.594140160000000000e+08 -1.485559040000000000e+08
6.621312640000000000e+08 -7.942763200000000000e+07 -1.479197920000000000e+08
5.207131840000000000e+08 -2.029712640000000000e+08 -6.507085200000000000e+07
4.966231680000000000e+08 -2.349701440000000000e+08 -1.197943600000000000e+08
4.864527360000000000e+08 -2.280995680000000000e+08 -5.238370400000000000e+07
7.975911680000000000e+08 1.747257600000000000e+07 7.591905920000000000e+08
6.318901120000000000e+08 -7.413900000000000000e+07 -1.010008880000000000e+08
5.204712960000000000e+08 -2.054326560000000000e+08 -5.385380000000000000e+07
4.187720640000000000e+08 -2.400325760000000000e+08 -1.214116000000000000e+08
5.140702720000000000e+08 -1.704583520000000000e+08 -1.161312880000000000e+08
5.502396160000000000e+08 -1.324346240000000000e+08 -1.224625760000000000e+08
4.568829120000000000e+08 -2.175376000000000000e+08 -8.658470400000000000e+07
5.382359680000000000e+08 -1.679826720000000000e+08 -1.816376125000000000e+06
7.065690240000000000e+08 -8.127590500000000000e+06 -5.854842400000000000e+07
5.347563520000000000e+08 -1.642817440000000000e+08 1.301662400000000000e+07
6.195898880000000000e+08 -4.566293600000000000e+07 -1.867416800000000000e+08
4.417064000000000000e+08 -2.296957600000000000e+08 9.218468800000000000e+07
6.135078400000000000e+08 -1.192292400000000000e+08 2.205690000000000000e+07
4.792044160000000000e+08 -1.949998080000000000e+08 1.864046560000000000e+08
4.465423680000000000e+08 -2.050520800000000000e+08 -5.808390000000000000e+07
5.256164160000000000e+08 -1.493616320000000000e+08 -1.235000000000000000e+08
3.831200640000000000e+08 -2.763073920000000000e+08 -9.569430400000000000e+07
3.471196160000000000e+08 -3.209490240000000000e+08 1.675081100000000000e+07
3.968342720000000000e+08 -2.807635840000000000e+08 -8.112845600000000000e+07
4.486392320000000000e+08 -1.992058720000000000e+08 -2.718861800000000000e+07
4.610692160000000000e+08 -1.700312320000000000e+08 -1.202851360000000000e+08
4.362587840000000000e+08 -1.827298880000000000e+08 -4.826216400000000000e+07
7.440381440000000000e+08 1.086604320000000000e+08 4.636706240000000000e+08
4.648102080000000000e+08 -1.738177440000000000e+08 -4.307791200000000000e+07
3.814448000000000000e+08 -2.724319680000000000e+08 -2.648676200000000000e+07
3.930515200000000000e+08 -2.352920480000000000e+08 -6.053667600000000000e+07
4.441372160000000000e+08 -1.889707040000000000e+08 1.418288000000000000e+07
4.098966400000000000e+08 -2.410560480000000000e+08 -6.240356000000000000e+07
4.106761600000000000e+08 -2.633326400000000000e+08 -3.510451600000000000e+07
3.611496000000000000e+08 -2.952807360000000000e+08 3.369100000000000000e+07
4.081797760000000000e+08 -2.245503840000000000e+08 -1.145120800000000000e+08
3.052072000000000000e+08 -3.488054080000000000e+08 -8.542225600000000000e+07
3.012550400000000000e+08 -3.238392960000000000e+08 -8.140178400000000000e+07
5.120657920000000000e+08 -1.764570240000000000e+08 1.952511800000000000e+07
3.116351360000000000e+08 -3.295190080000000000e+08 -4.027115600000000000e+07
3.791660480000000000e+08 -2.645526240000000000e+08 -8.423928000000000000e+07
2.936367680000000000e+08 -2.818828800000000000e+08 -2.246797500000000000e+06
2.976593920000000000e+08 -3.172881600000000000e+08 -5.295928400000000000e+07
3.226061120000000000e+08 -2.542531680000000000e+08 9.484588000000000000e+07
4.293219520000000000e+08 -2.392545760000000000e+08 5.957923200000000000e+07
2.791628480000000000e+08 -3.065369920000000000e+08 -5.695388800000000000e+07
2.924137600000000000e+08 -3.150033920000000000e+08 2.502857600000000000e+07
2.428808000000000000e+08 -3.249425920000000000e+08 -7.486065600000000000e+07
6.065608320000000000e+08 1.514343680000000000e+08 -9.447343200000000000e+07
2.010178240000000000e+08 -3.248911680000000000e+08 -6.345184000000000000e+07
2.836818560000000000e+08 -2.637358080000000000e+08 -9.023728000000000000e+07
2.212617920000000000e+08 -3.429993600000000000e+08 -5.709647200000000000e+07
2.800662400000000000e+08 -2.464371200000000000e+08 -4.977414400000000000e+07
2.026977920000000000e+08 -3.057844160000000000e+08 -9.151938400000000000e+07
2.541931520000000000e+08 -2.761549440000000000e+08 3.211185600000000000e+07
1.360816160000000000e+08 -4.248773440000000000e+08 -6.410450000000000000e+07
1.404671520000000000e+08 -3.949303680000000000e+08 -8.027192800000000000e+07
1.479058080000000000e+08 -3.705588480000000000e+08 -7.512722400000000000e+07
1.735047680000000000e+08 -3.086398400000000000e+08 -4.032757600000000000e+07
1.378589280000000000e+08 -3.829406080000000000e+08 -7.274536800000000000e+07
1.756798080000000000e+08 -3.157531840000000000e+08 -7.404920000000000000e+07
1.234484000000000000e+08 -3.816636480000000000e+08 -9.614906400000000000e+07
1.260412000000000000e+08 -3.586863360000000000e+08 -9.803931200000000000e+07
1.109789040000000000e+08 -3.826273920000000000e+08 -7.965975200000000000e+07
1.117901760000000000e+08 -3.666754560000000000e+08 -7.666815200000000000e+07
8.583142400000000000e+07 -4.037036480000000000e+08 -7.296602400000000000e+07
1.350271200000000000e+08 -3.599520960000000000e+08 -7.961468000000000000e+07
7.599024000000000000e+07 -3.308288000000000000e+08 -8.848258400000000000e+07
5.831685600000000000e+07 -3.917655360000000000e+08 -8.172518400000000000e+07
9.447822400000000000e+07 -3.192316160000000000e+08 -7.786058400000000000e+07
5.011956400000000000e+07 -2.923661120000000000e+08 -1.022941040000000000e+08
1.777460800000000000e+07 -2.723636800000000000e+08 -1.016247520000000000e+08
2.917942400000000000e+07 -3.009017280000000000e+08 -7.404452800000000000e+07
2.336196600000000000e+07 -3.108312960000000000e+08 -1.134661120000000000e+08
1.594205600000000000e+07 -3.986651840000000000e+08 -1.007081440000000000e+08
1.504682000000000000e+07 -3.742868800000000000e+08 -8.947647200000000000e+07
-3.036701200000000000e+07 -2.998407360000000000e+08 -1.064694000000000000e+08
2.315648600000000000e+07 -2.722203520000000000e+08 -1.139789040000000000e+08
-8.288512800000000000e+07 -1.503361920000000000e+08 -1.202838000000000000e+08
4.857266000000000000e+07 2.324947520000000000e+08 -1.960081760000000000e+08
-1.491752160000000000e+08 -5.086648960000000000e+08 -9.479948000000000000e+07
-1.846018560000000000e+08 -4.586300800000000000e+08 -9.675085600000000000e+07
